264 185
12 50
13 62
36 89
12 98
7 67
24 50
9 97
27 76
3 99
5 77
29 51
26 76
46 52
45 60
30 91
18 50
30 87
12 97
31 83
42 73
45 84
45 69
15 77
32 80
18 77
23 90
22 89
15 94
20 58
17 96
28 93
34 51
13 85
7 68
46 88
2 56
9 70
46 58
18 66
29 89
29 68
33 93
10 59
35 97
15 97
29 79
20 95
32 76
45 59
42 90
27 69
42 93
4 85
45 99
1 84
40 54
2 96
20 54
15 57
21 56
2 77
29 86
5 81
5 86
48 65
18 63
43 71
9 54
44 55
42 88
2 56
5 70
40 76
26 81
31 52
4 64
18 69
46 52
32 91
16 91
34 51
43 73
41 69
41 82
11 74
20 77
6 60
35 84
36 62
1 62
30 98
8 86
10 62
39 75
1 67
48 95
50 57
34 90
42 65
23 91
47 99
41 80
3 78
9 87
21 53
1 75
9 73
2 62
42 60
1 60
12 56
3 52
35 64
11 71
44 92
33 70
8 58
2 72
30 96
26 69
15 88
40 79
42 87
49 53
39 84
8 74
16 58
2 64
15 93
5 56
21 60
46 77
14 90
32 85
27 54
6 69
23 97
38 71
27 78
7 92
39 72
14 94
16 79
36 80
3 58
3 71
22 60
27 96
47 55
39 66
33 97
36 71
42 52
22 82
38 62
30 87
45 78
10 56
15 76
16 97
1 64
47 77
21 60
41 82
6 77
17 67
40 71
25 58
7 66
28 79
27 85
13 67
21 72
15 57
17 61
22 59
1 57
38 72
20 58
44 64
47 98
40 53
38 79
49 62
38 94
