973 337
16 69
41 77
18 96
35 86
3 97
9 51
19 96
5 92
39 75
20 72
15 75
32 78
18 59
11 60
38 76
23 99
35 58
50 60
7 62
18 78
29 53
28 55
8 84
1 50
30 80
23 59
26 59
49 89
5 78
4 57
42 61
5 80
19 58
5 80
17 87
32 78
32 79
26 80
41 81
40 65
16 98
17 86
34 75
48 85
13 82
39 51
41 95
19 85
1 83
50 51
41 89
26 83
14 83
23 59
6 58
42 84
14 53
39 71
7 68
13 86
13 77
11 69
32 65
9 76
4 92
36 73
2 61
46 62
43 93
17 84
39 88
48 56
27 59
30 71
43 60
25 87
41 83
50 97
16 58
36 60
40 80
21 82
44 80
32 57
47 51
42 59
25 50
19 74
49 73
40 77
11 51
7 51
47 90
16 81
41 67
34 94
7 88
21 98
39 97
17 84
21 66
10 99
3 76
34 83
10 91
25 63
9 72
29 70
41 53
50 78
9 89
5 82
43 96
8 77
36 94
31 80
19 64
19 76
12 52
42 70
28 53
48 91
11 82
5 53
1 91
29 53
20 75
20 74
23 77
12 61
7 84
47 55
13 86
46 76
40 69
13 75
12 89
31 57
15 68
42 85
14 94
8 84
27 79
20 70
11 94
19 75
1 54
32 91
35 90
1 93
28 69
34 82
7 71
50 92
46 98
43 73
33 64
26 57
33 59
15 67
10 52
23 80
45 75
50 95
31 52
26 80
16 52
13 75
46 62
40 62
4 67
5 96
22 73
3 70
41 77
37 58
9 98
24 74
38 93
6 95
11 62
46 53
47 68
29 83
3 66
43 69
16 99
19 55
11 57
43 79
5 50
35 87
39 68
30 86
7 86
2 90
46 78
16 86
12 74
27 87
36 80
7 50
32 99
23 76
42 69
31 53
32 98
27 92
16 93
5 85
5 59
35 56
25 74
25 64
4 78
24 61
46 91
37 76
32 98
46 55
19 79
31 67
28 95
2 61
45 92
21 72
9 95
44 87
44 90
44 82
18 95
7 79
19 78
47 54
18 58
15 64
11 72
45 61
48 69
20 79
19 79
6 84
24 59
15 53
19 83
24 96
48 91
30 63
31 60
6 76
20 69
47 93
50 53
2 81
1 51
6 79
22 55
47 94
28 92
28 95
23 75
50 70
40 88
19 81
44 50
41 69
43 50
9 59
31 88
15 85
45 77
10 90
23 67
36 58
29 65
5 77
46 57
38 80
40 62
18 51
11 50
36 97
18 99
9 99
12 63
29 93
39 88
47 92
31 50
23 69
6 80
17 87
41 84
36 62
44 90
42 85
22 56
31 56
1 93
49 75
15 81
21 82
43 75
5 58
41 82
14 55
17 63
25 82
24 79
26 62
2 57
23 98
5 52
23 80
25 88
29 68
24 58
50 89
18 88
38 63
40 81
24 78
45 74
38 95
23 81
19 85
12 98
16 97
28 65
19 86
47 69
40 86
37 80
7 65
26 77
23 78
1 59
