423 302
44 93
14 76
33 60
45 73
19 67
49 75
8 79
19 84
36 82
46 65
16 77
40 62
20 60
22 61
30 82
32 54
33 72
33 96
6 87
17 63
4 52
23 94
18 65
5 94
41 75
27 60
31 75
47 73
37 78
48 53
9 76
3 95
15 89
47 90
25 99
31 54
13 58
50 70
49 63
38 97
14 91
16 84
38 96
42 57
11 88
28 99
5 70
10 64
14 84
43 71
41 70
2 89
4 92
12 89
20 86
36 56
16 99
10 90
43 92
18 91
22 66
42 60
28 91
37 97
4 84
2 57
41 99
22 55
8 76
9 68
10 51
22 53
5 59
47 89
38 88
46 98
27 54
34 83
2 68
21 99
2 55
46 74
46 63
14 84
27 94
7 57
8 74
22 92
37 67
7 96
49 85
24 94
50 54
18 96
8 80
3 94
25 99
36 54
12 63
31 51
38 94
40 85
15 73
18 93
14 60
11 85
38 59
32 90
43 83
19 58
39 59
29 76
39 60
26 86
31 77
2 80
39 87
5 68
41 65
44 99
38 60
21 87
2 64
27 93
27 72
34 61
47 84
47 60
7 67
14 68
30 56
37 83
50 98
18 99
4 71
38 70
8 81
41 89
23 77
44 52
48 64
24 79
44 88
11 78
36 90
35 53
22 82
24 73
17 63
11 56
37 58
43 87
20 72
15 86
17 54
50 62
22 67
15 67
4 54
26 83
37 85
18 52
3 57
30 53
4 83
31 99
28 99
4 50
18 71
32 79
37 75
39 63
40 99
1 63
9 64
5 98
12 97
32 82
5 63
2 72
2 74
44 68
28 64
23 79
43 56
18 79
21 94
33 88
16 94
44 88
3 53
11 64
17 61
40 68
46 55
14 74
22 62
30 88
49 75
4 63
35 92
43 99
41 95
34 66
34 99
18 93
38 56
12 94
1 97
43 92
29 67
20 97
48 88
37 63
10 55
3 59
31 82
17 63
5 83
23 69
3 73
18 62
29 59
32 67
12 65
35 93
42 55
3 74
38 56
28 81
44 78
33 98
14 68
44 51
5 93
11 65
3 91
3 61
48 98
47 84
47 65
3 67
7 53
25 81
20 83
34 62
40 69
10 75
19 80
17 50
20 84
35 66
39 87
49 88
30 60
37 65
49 83
22 66
33 71
26 91
48 50
1 57
50 51
4 59
24 86
20 53
13 89
13 79
36 62
48 73
17 83
36 99
9 93
11 50
13 94
25 71
47 51
41 99
37 52
38 86
6 93
31 62
32 71
41 54
44 79
8 78
15 57
32 97
16 59
30 87
25 82
22 79
14 93
35 55
20 98
40 62
42 95
16 84
11 64
46 86
33 65
5 97
