1000 500
628 79
750 59
148 57
295 59
577 58
858 58
323 80
279 95
998 84
738 60
783 54
844 99
393 91
679 61
195 52
489 52
256 75
931 85
393 50
47 56
500 57
400 63
714 70
30 77
204 62
154 56
644 83
795 81
657 82
740 84
777 55
518 78
731 74
312 63
85 60
978 72
551 71
583 85
503 82
160 57
494 85
571 63
828 82
667 75
483 81
173 67
923 55
943 65
609 82
545 75
244 61
310 79
55 98
296 66
667 78
819 91
338 89
490 76
642 96
911 63
860 53
469 51
649 76
892 64
775 89
483 52
966 95
221 92
166 97
130 71
759 67
608 98
535 94
617 90
473 92
927 65
606 71
822 52
546 84
941 89
441 68
183 79
427 74
838 62
865 81
382 94
911 98
582 61
211 99
860 52
784 53
73 88
368 66
129 65
787 90
123 65
147 72
904 88
881 82
246 77
963 73
50 52
834 70
250 75
821 87
332 57
119 84
657 79
618 75
989 57
121 51
923 83
762 87
111 64
658 69
478 65
97 99
835 91
816 72
572 99
146 73
347 53
97 59
941 71
659 92
706 74
874 67
278 96
482 81
470 94
168 57
524 93
734 96
142 79
724 90
964 56
298 52
424 88
417 72
141 87
621 69
286 84
954 84
580 70
832 54
850 62
898 86
326 64
168 56
79 63
3 54
293 82
716 53
282 62
856 84
425 87
463 63
439 86
844 90
672 86
665 87
324 55
416 67
778 71
521 78
456 64
675 89
879 75
166 87
847 74
269 80
914 72
972 91
576 50
604 72
852 86
163 96
168 62
364 80
729 94
745 68
788 80
341 63
496 97
744 95
245 74
589 60
682 78
761 74
813 74
877 56
870 76
833 75
860 71
464 72
979 53
616 90
292 82
180 90
372 75
873 54
808 65
826 97
759 82
273 92
970 82
879 67
929 77
514 53
83 71
517 64
283 56
744 65
888 71
950 78
185 96
304 69
68 98
71 80
124 96
780 82
568 72
407 72
687 71
371 91
721 52
401 94
349 97
562 70
200 71
987 79
71 63
116 78
763 76
490 72
711 73
381 86
831 70
836 83
252 54
898 79
864 55
73 69
836 60
333 89
553 82
202 92
614 91
718 53
832 53
329 52
408 55
2 57
689 77
117 58
189 86
915 93
801 71
566 68
359 68
149 64
979 80
88 56
854 59
845 97
418 84
911 69
55 69
399 50
771 68
782 98
512 89
574 89
29 93
994 86
484 81
929 93
209 67
715 60
284 59
561 93
867 73
639 94
444 82
155 81
414 97
940 99
691 51
351 54
243 65
548 90
731 98
420 83
679 72
731 82
849 95
258 59
729 77
992 64
323 51
682 71
653 92
276 51
649 69
53 59
346 79
496 67
573 56
199 95
529 97
361 99
949 87
655 93
756 52
527 88
392 68
219 50
231 56
57 89
760 56
814 57
442 81
185 71
437 80
668 50
601 71
409 80
434 66
801 77
902 56
883 93
302 66
834 52
589 69
125 94
853 89
96 81
836 67
41 78
701 84
59 74
439 51
258 90
611 77
73 73
328 98
771 77
659 65
423 70
876 87
901 88
209 57
690 99
39 81
566 83
698 69
433 51
293 66
868 87
237 78
175 75
394 87
986 57
23 73
710 55
941 91
386 90
564 61
715 57
765 73
343 99
714 75
677 71
114 74
778 75
524 91
140 62
665 82
396 69
906 87
247 62
338 87
156 64
105 68
616 88
930 89
31 61
986 82
508 83
557 56
103 51
136 51
327 91
909 95
952 70
773 93
414 56
322 59
367 68
474 57
168 53
653 77
368 70
708 56
470 91
978 72
540 59
191 56
427 54
98 86
679 83
42 62
420 58
853 65
753 53
763 69
475 96
257 89
168 51
23 51
936 58
441 54
360 84
259 67
456 74
405 69
683 56
85 58
302 95
593 90
626 66
522 61
968 95
268 73
327 95
31 62
105 51
707 63
414 59
364 59
759 55
208 56
146 51
226 80
923 53
909 94
875 98
749 52
406 57
414 80
816 63
781 69
7 97
245 84
132 60
983 70
9 85
87 61
330 53
743 66
976 72
868 62
970 86
899 73
875 74
628 63
686 89
278 92
499 79
224 79
521 56
46 51
208 83
826 99
574 65
866 93
983 53
242 57
956 59
878 70
792 68
45 74
64 71
481 90
265 87
519 85
166 64
937 67
685 51
412 85
295 61
781 75
292 52
508 66
457 93
45 51
900 93
3 66
158 81
298 58
