1000 500
814 58
822 78
124 70
588 71
564 62
939 54
482 64
150 76
426 73
842 87
515 57
58 91
403 50
321 97
391 95
312 71
487 65
127 85
444 83
244 94
95 63
666 55
511 64
868 50
802 93
506 94
578 86
39 80
399 75
692 98
737 89
432 70
257 87
881 56
463 74
329 98
3 90
284 86
189 98
215 84
512 71
420 76
213 98
190 94
207 69
686 71
897 93
200 93
681 82
737 73
198 69
66 57
615 95
682 88
491 79
340 85
26 93
87 76
728 87
963 65
817 99
792 57
887 80
740 90
642 88
548 69
746 59
631 83
83 83
452 77
972 64
846 71
143 78
212 90
510 70
758 61
46 88
206 74
298 66
631 75
352 78
371 76
284 58
153 79
390 69
890 97
763 56
787 75
989 76
703 63
23 82
933 92
539 66
823 64
302 63
905 74
353 56
465 79
63 97
715 82
345 75
993 64
574 99
671 93
18 69
673 93
808 76
797 52
771 71
244 97
649 77
47 77
513 57
295 61
416 78
351 72
586 78
464 74
695 86
461 84
13 72
437 76
487 76
610 76
45 96
772 66
667 60
994 88
28 99
527 59
752 73
52 63
581 65
706 96
992 51
569 71
85 81
511 61
759 77
589 87
490 93
412 92
260 55
137 73
423 83
31 57
559 71
758 60
622 76
829 77
909 75
865 88
673 74
617 96
399 90
902 95
64 70
875 71
913 52
321 61
551 91
878 94
403 84
364 55
832 63
641 87
470 82
668 85
543 63
680 83
263 98
671 50
555 94
573 75
688 87
843 97
593 85
344 57
927 90
719 80
163 80
659 73
275 91
752 74
791 89
827 71
284 53
969 88
577 85
621 52
224 87
452 85
59 63
910 84
853 89
624 53
393 91
99 60
503 65
344 81
840 78
387 61
472 78
825 86
572 74
838 74
740 76
354 96
785 53
255 65
983 50
832 81
127 68
880 95
912 63
125 94
441 85
896 56
918 62
219 58
811 96
746 92
32 72
203 63
937 64
267 89
193 62
52 61
803 87
627 54
837 86
227 65
673 99
89 59
788 66
86 55
394 97
570 81
474 87
111 82
8 89
32 98
441 81
944 75
681 83
667 86
191 83
236 60
945 92
906 73
328 71
312 69
248 75
238 90
19 78
639 62
821 52
843 82
760 86
121 97
855 97
28 68
466 95
193 57
992 65
490 53
862 77
738 78
127 89
382 97
198 97
804 76
524 58
193 85
265 73
150 86
242 78
443 52
731 58
590 99
878 54
187 54
791 51
156 99
616 53
335 53
119 88
75 60
596 97
781 50
144 59
552 92
591 82
349 65
635 53
372 89
994 75
547 82
595 84
315 87
125 89
135 88
469 94
374 63
843 89
507 70
668 80
798 51
477 72
885 61
404 54
939 98
61 77
322 94
832 83
912 87
894 76
523 55
513 98
77 99
399 85
475 90
184 91
316 88
303 66
892 70
841 83
141 56
128 91
466 98
138 76
602 80
992 98
942 83
95 81
11 92
726 71
993 57
116 67
484 68
302 92
916 96
329 52
285 59
570 79
140 52
228 61
989 86
313 50
539 79
635 66
460 83
615 62
569 65
968 53
636 91
533 83
206 70
828 71
128 64
91 86
704 65
894 54
632 64
583 80
165 72
133 72
157 72
184 57
918 62
321 63
56 99
885 80
712 99
876 94
881 94
726 90
723 97
6 91
44 60
352 95
372 71
167 62
289 77
880 86
956 96
835 81
983 70
73 81
90 65
590 67
210 83
833 50
965 59
512 79
690 60
2 60
417 59
891 93
500 76
478 62
802 65
247 60
609 69
643 91
697 77
665 85
231 79
103 55
402 63
441 93
989 87
740 95
258 93
41 69
881 62
80 79
779 70
374 72
78 53
966 72
595 68
374 82
516 94
552 80
207 70
896 78
311 53
604 78
559 58
928 86
981 90
118 64
413 60
109 60
490 65
243 92
547 99
567 92
88 53
524 79
758 94
60 99
981 57
457 93
685 64
441 84
801 78
350 76
432 85
425 85
894 85
502 78
20 54
674 90
424 93
694 89
636 99
195 88
277 88
993 84
705 97
49 50
792 59
865 54
770 99
370 79
296 85
601 62
185 95
701 96
454 66
63 79
623 98
640 51
430 72
733 98
390 70
799 65
863 79
76 71
560 53
75 93
653 71
224 84
915 60
235 76
561 87
960 51
706 59
812 60
624 74
25 92
216 69
314 52
372 96
729 83
141 51
744 97
874 91
