740 182
46 99
7 78
27 99
35 84
19 56
18 64
37 90
15 83
23 76
41 99
48 50
45 90
3 67
15 51
45 70
36 57
4 87
8 68
46 66
26 60
15 67
9 81
36 86
49 82
16 92
48 54
2 97
32 98
24 53
43 73
23 76
19 91
2 60
29 69
11 67
21 69
14 72
5 93
7 66
50 62
29 96
21 74
28 53
25 65
40 99
38 67
21 55
8 75
24 84
15 95
16 70
22 58
17 81
24 84
33 50
40 72
29 62
46 78
44 59
9 63
23 61
46 60
37 95
48 68
42 65
17 98
32 69
24 96
41 70
16 96
2 62
10 59
20 54
16 72
47 90
15 85
10 59
44 88
20 83
1 80
18 52
43 63
4 89
16 76
17 83
13 84
50 82
18 68
43 78
29 96
8 95
17 97
49 83
45 96
19 63
50 67
49 83
9 61
5 82
34 62
36 77
29 61
15 91
46 92
31 82
43 76
24 55
33 87
2 88
39 93
35 80
46 83
25 90
38 96
31 81
4 92
6 79
10 51
35 75
43 69
2 55
20 72
19 79
28 67
45 93
3 93
21 86
11 78
19 94
8 61
8 97
2 76
46 81
34 88
50 74
26 90
13 76
32 82
41 54
10 71
16 88
42 74
27 84
37 52
47 59
6 81
33 69
44 97
38 90
11 67
49 82
36 87
10 69
4 86
15 98
30 55
18 75
45 72
6 84
33 52
11 90
26 67
32 66
43 60
30 81
34 91
24 97
28 95
27 96
23 99
40 55
36 99
16 76
32 84
13 98
31 71
50 84
19 67
5 86
6 93
31 96
26 76
