1000 500
286 60
319 90
308 87
723 61
314 95
920 75
865 91
366 85
847 87
807 78
868 90
461 94
328 72
228 52
910 85
266 61
463 81
562 88
529 90
336 82
980 77
414 85
508 60
896 76
958 91
767 91
725 51
274 91
714 89
201 55
581 78
400 78
257 91
170 98
976 59
370 83
297 68
346 98
856 51
62 51
826 91
19 94
325 79
831 97
254 63
572 97
306 51
247 95
111 95
1 77
780 69
914 82
308 72
512 58
580 73
335 70
968 60
177 85
746 86
858 86
812 52
644 99
448 90
661 69
110 57
923 87
467 97
826 86
194 78
226 85
237 62
451 62
537 80
868 63
458 85
843 75
389 51
237 60
264 51
761 73
979 53
825 93
951 64
730 95
279 61
314 82
278 73
412 70
330 94
737 85
322 84
44 72
130 90
688 57
897 64
931 97
86 68
608 65
538 91
14 50
27 80
121 76
44 85
485 56
783 54
444 59
588 89
480 76
318 84
848 97
384 83
822 97
436 98
190 76
924 96
831 83
43 80
506 78
766 50
204 96
973 74
665 97
897 55
940 77
378 81
83 65
653 83
349 96
676 97
504 53
196 93
103 68
70 92
844 74
566 92
366 84
618 78
92 66
282 83
976 57
875 69
277 76
519 61
694 83
96 83
500 77
831 97
514 69
995 80
25 82
456 57
37 80
75 97
430 86
166 72
906 89
515 66
827 74
691 89
304 64
622 80
143 83
698 67
515 94
844 95
455 95
340 66
546 59
345 76
403 83
362 71
814 89
146 78
649 79
767 60
892 60
826 74
412 60
55 63
323 91
784 72
57 88
12 61
489 65
65 68
748 83
73 73
549 62
753 95
171 94
237 90
437 60
916 63
304 50
551 90
921 98
122 82
267 65
156 56
727 56
518 87
221 70
895 72
727 56
465 94
338 99
480 68
182 70
742 52
830 50
226 53
55 96
306 81
38 58
347 89
387 59
623 57
589 79
812 56
728 60
551 85
612 52
766 54
637 59
797 57
18 62
511 52
241 58
926 59
839 77
51 71
862 64
941 63
638 51
201 64
699 54
418 65
969 92
258 84
577 65
211 56
910 88
227 86
756 97
710 92
655 61
624 83
809 81
675 98
169 80
828 82
551 60
618 63
900 85
5 63
43 93
757 86
564 88
585 52
646 68
529 93
985 81
313 82
152 83
668 66
997 62
851 91
963 90
840 98
414 76
951 71
342 63
848 92
56 74
189 95
722 68
393 57
845 83
256 95
81 62
402 83
956 51
816 74
377 51
915 69
34 91
929 60
45 61
538 83
475 61
31 57
558 83
454 66
766 95
480 74
50 76
2 73
892 51
662 57
3 87
815 65
798 83
661 55
991 91
520 76
925 71
495 77
498 94
2 86
794 70
905 92
781 97
232 71
668 72
718 68
814 85
652 56
262 84
763 53
284 73
130 98
528 77
355 92
647 71
472 70
493 95
341 95
258 68
497 72
164 77
704 80
551 76
679 99
496 55
738 73
291 92
343 87
421 57
776 88
880 75
435 54
939 81
486 51
735 94
843 81
273 85
730 64
720 78
289 88
85 88
983 59
648 50
776 91
756 93
314 98
834 61
606 61
727 72
933 53
728 98
957 64
906 66
297 89
593 54
16 98
131 50
783 76
254 68
684 67
700 71
914 50
914 73
840 98
966 88
161 64
21 70
165 96
989 95
296 71
205 56
535 93
250 90
314 61
277 79
965 84
437 79
914 74
290 97
130 57
281 80
544 71
662 66
436 62
462 51
10 76
359 79
661 69
577 85
645 75
147 85
158 69
167 62
41 96
897 61
612 67
812 75
344 84
966 58
376 59
283 68
111 65
625 59
351 60
758 91
733 51
561 55
440 62
103 67
413 87
436 84
564 89
216 82
713 83
513 85
236 93
424 82
663 97
335 73
700 84
958 92
426 96
482 73
631 61
477 96
538 70
374 76
401 73
663 88
696 76
147 52
905 79
873 85
118 80
590 89
946 93
856 52
464 88
139 90
191 74
534 53
317 62
943 89
682 51
842 58
228 87
981 81
913 94
634 70
323 69
254 68
467 77
648 63
477 77
26 73
220 70
536 98
39 80
141 67
104 90
956 87
133 68
392 59
430 75
727 86
513 66
958 61
781 57
44 98
984 88
902 56
460 79
760 94
384 89
731 93
506 96
723 98
126 92
21 91
269 67
186 86
312 71
98 60
547 93
271 56
397 68
793 88
292 90
498 58
423 98
244 95
