1000 500
752 63
477 69
951 61
990 61
574 61
412 74
780 97
331 86
931 71
680 74
957 51
816 70
324 76
572 62
148 93
944 94
247 76
338 65
188 52
546 59
615 89
883 62
413 98
137 82
504 90
276 64
310 53
72 78
205 72
62 93
472 82
527 58
589 91
399 63
872 60
282 76
783 82
996 67
445 70
322 76
161 54
872 66
986 75
249 98
648 75
925 83
361 68
507 84
335 66
311 94
23 59
419 85
404 88
638 80
850 77
35 74
372 51
971 75
293 62
797 63
643 52
651 74
829 74
10 72
368 91
929 92
737 91
134 99
632 66
402 67
184 76
879 94
937 98
277 84
616 80
118 91
6 74
434 83
468 67
615 85
901 86
308 88
191 68
557 69
449 80
584 72
579 68
908 70
980 95
701 90
419 65
568 90
384 74
170 53
451 59
352 50
474 57
710 67
636 74
769 86
663 51
181 63
744 50
630 98
956 75
352 90
246 69
457 57
251 87
460 53
527 55
706 57
956 89
596 64
406 59
806 75
915 57
896 84
968 63
7 86
649 52
547 81
716 67
46 75
910 58
607 77
23 57
616 58
543 99
635 63
908 95
657 54
669 83
133 55
119 92
454 57
168 72
803 61
529 53
551 67
489 89
617 95
845 59
472 71
761 89
695 51
631 73
263 76
220 72
999 72
639 66
837 96
953 65
841 80
460 88
139 94
949 88
199 54
476 52
119 76
461 89
848 64
140 52
520 84
690 73
306 55
553 61
478 53
771 91
586 87
365 57
933 55
74 69
766 76
980 69
853 64
826 65
372 91
80 62
275 59
31 93
568 53
462 96
150 89
716 91
164 82
177 60
6 87
480 57
433 57
994 88
426 93
363 61
744 70
173 53
330 69
20 94
1 88
544 84
80 80
212 92
906 68
906 70
387 67
610 79
19 72
739 85
40 83
912 56
646 90
218 93
439 73
264 98
527 59
556 82
949 65
10 98
346 96
643 77
57 57
735 73
47 70
9 75
352 65
636 60
964 91
94 71
309 65
199 82
768 91
834 94
889 95
190 50
221 69
554 91
949 61
952 82
740 75
180 72
473 87
30 65
786 63
758 94
601 79
88 81
52 85
292 67
486 87
159 67
469 91
885 94
951 69
191 57
27 89
203 83
964 58
914 96
403 50
244 90
929 89
21 85
407 65
420 92
781 69
653 52
235 66
960 85
902 59
205 54
540 89
611 59
842 50
440 58
310 92
664 56
858 53
918 94
567 85
290 56
266 83
736 90
864 50
180 82
596 98
578 90
612 75
510 95
576 50
84 91
205 83
210 59
910 71
527 62
967 72
547 89
886 83
800 98
905 99
25 75
780 93
722 84
281 77
589 82
88 57
654 63
988 68
150 84
557 80
422 54
747 79
419 67
40 88
564 74
112 69
53 72
153 87
876 67
288 99
111 56
753 83
282 77
762 90
831 86
225 55
9 88
748 86
710 58
580 81
78 99
438 68
900 50
368 61
109 73
76 69
921 96
401 54
431 68
836 95
679 91
294 60
517 91
516 98
801 79
812 55
717 87
43 55
281 58
30 86
315 96
793 94
440 76
312 60
893 52
719 80
197 94
96 96
8 98
300 96
653 86
493 70
186 81
289 89
988 61
699 70
219 85
288 55
667 64
222 53
784 78
125 91
967 58
916 54
370 97
50 86
805 85
834 97
518 59
740 79
891 96
886 61
373 97
114 59
179 73
318 99
552 75
969 77
647 68
994 62
318 89
422 51
373 72
501 70
72 80
164 86
938 69
58 92
158 95
528 89
132 62
241 77
972 57
372 85
975 75
520 87
397 76
774 99
51 90
610 89
539 85
532 73
158 56
631 88
781 51
488 52
261 83
85 78
146 67
656 67
768 54
640 84
980 72
166 63
114 76
733 63
935 97
19 50
654 51
979 60
279 93
658 85
876 81
398 59
506 83
347 70
919 96
452 95
266 94
362 55
410 61
893 69
605 70
2 82
609 69
424 58
517 54
403 96
867 99
180 88
811 62
173 98
400 63
7 53
286 70
829 59
371 73
566 94
223 92
61 82
285 94
246 70
188 79
792 72
704 73
885 97
148 96
67 51
262 86
309 78
894 81
738 86
2 80
684 89
789 82
979 65
21 80
674 73
812 64
596 74
432 82
418 83
932 56
163 81
633 66
316 77
777 69
963 74
889 98
630 68
633 91
745 96
234 99
894 81
739 66
291 90
676 51
141 53
907 98
801 93
718 74
938 96
