870 132
3 83
4 97
33 97
31 68
27 95
38 98
22 88
6 96
28 96
17 63
34 99
40 71
49 94
30 60
1 71
42 96
38 99
45 85
43 70
1 95
31 90
50 70
44 96
1 53
9 53
26 79
42 64
19 93
39 78
42 98
14 51
49 50
36 75
30 58
24 53
2 81
11 54
42 61
12 63
39 65
35 72
26 85
46 63
30 99
50 96
45 84
22 81
37 79
34 77
6 83
20 62
33 71
21 97
32 56
11 60
41 83
23 78
4 50
16 89
7 61
3 54
36 94
23 95
1 92
3 61
22 60
2 92
40 86
27 96
19 98
27 60
47 53
27 85
1 79
48 63
31 72
34 74
43 64
16 83
3 50
3 75
38 73
16 68
13 67
10 92
37 90
48 91
17 69
39 50
16 64
12 86
25 97
42 95
27 90
50 88
26 57
36 60
19 93
33 92
36 79
11 96
49 97
10 87
32 75
40 69
7 80
7 90
10 76
39 70
30 78
26 55
21 67
37 94
38 77
50 97
37 60
37 82
1 91
3 84
40 61
48 82
37 87
6 82
47 70
1 73
27 95
46 85
11 83
32 51
22 65
43 94
39 71
