1000 500
821 77
421 56
823 62
818 87
165 66
895 84
218 51
421 76
684 80
453 79
982 65
522 62
324 80
841 70
206 80
880 92
289 71
939 72
929 86
551 88
809 93
852 60
434 63
258 94
461 50
63 55
99 91
829 82
63 85
652 82
824 60
696 80
124 92
573 88
10 63
453 56
854 66
997 76
104 84
480 82
746 55
716 58
708 71
630 99
707 85
611 72
246 58
975 55
769 93
179 61
199 70
616 60
343 90
126 76
900 75
560 53
53 65
24 86
889 68
651 87
118 87
21 58
836 58
571 74
309 91
627 52
21 81
898 56
458 53
553 82
379 69
233 84
538 64
615 90
111 94
381 62
299 87
702 91
849 68
602 60
470 60
804 78
390 70
921 95
522 80
104 94
993 73
500 69
997 94
134 74
234 58
75 82
393 65
991 98
429 68
454 55
617 85
612 56
611 55
74 67
999 81
124 92
81 65
630 69
866 59
242 98
510 65
756 97
685 84
738 85
614 61
776 62
758 62
969 61
382 56
511 55
492 51
472 84
875 98
155 61
222 70
614 74
579 71
210 97
598 95
311 87
329 73
485 57
540 97
809 69
789 88
151 82
748 70
523 59
497 96
874 88
783 52
940 68
474 77
990 63
699 83
593 70
393 51
761 77
250 55
81 62
309 62
681 64
652 53
166 82
960 54
851 61
906 88
929 51
618 81
414 69
693 69
982 77
512 66
53 78
818 62
749 74
811 92
552 56
229 50
810 98
166 94
417 54
592 71
303 97
823 83
566 80
427 56
391 80
285 61
73 83
812 54
793 95
552 84
979 57
648 97
374 83
911 57
167 62
479 55
799 86
294 75
296 51
888 87
251 79
202 53
799 78
443 78
210 66
183 95
946 56
214 64
297 88
877 57
962 92
847 53
171 98
626 51
218 81
203 87
506 56
643 79
476 70
561 90
12 86
743 78
199 85
377 57
531 96
640 84
929 71
618 90
190 70
803 50
713 59
642 67
618 69
877 53
612 80
656 56
225 53
663 86
254 64
726 67
545 68
666 96
460 91
352 99
639 92
202 61
928 64
613 72
562 55
65 57
984 94
861 52
892 73
763 66
389 58
988 70
324 93
311 76
213 59
253 76
320 57
589 68
775 68
667 84
831 82
260 98
632 68
948 67
73 55
257 66
648 71
36 78
367 91
823 80
113 50
161 73
49 65
121 55
930 85
492 69
433 96
403 55
862 70
331 97
840 59
745 81
842 50
878 87
690 59
337 87
349 56
562 57
658 66
345 52
839 68
921 79
891 70
328 81
247 89
61 98
283 54
222 51
548 83
667 78
823 74
884 96
375 84
577 51
995 66
201 88
708 65
924 51
243 59
758 50
625 77
835 89
509 57
71 67
106 99
694 68
815 90
382 82
912 58
973 90
921 75
17 89
514 63
615 55
45 94
307 60
99 54
986 96
638 95
65 66
625 68
393 58
226 93
639 91
946 67
155 70
317 56
513 78
995 89
245 50
367 88
479 80
38 56
490 58
806 93
371 83
977 52
334 87
135 95
357 90
729 70
167 96
77 76
799 77
659 65
208 76
794 80
671 52
76 85
963 71
166 86
544 51
801 55
234 76
136 89
126 72
779 88
697 82
111 57
376 54
775 52
39 62
427 89
168 93
115 60
662 95
886 57
529 50
500 72
946 83
338 96
427 52
878 62
71 56
343 73
135 77
381 53
411 70
885 64
147 90
319 66
485 97
149 97
663 58
245 88
464 50
366 66
632 64
76 97
257 51
717 55
358 59
280 62
141 98
299 81
675 53
120 56
968 56
154 99
675 50
971 82
926 54
360 77
4 70
687 65
864 65
188 84
719 63
40 65
184 77
318 96
710 67
216 97
292 59
115 60
682 50
379 72
606 58
976 87
695 50
290 57
140 52
730 99
280 97
994 90
637 77
106 94
101 86
569 72
274 55
264 83
192 79
936 69
922 62
387 84
751 60
731 75
974 80
329 88
496 70
243 55
737 50
342 88
586 89
408 85
375 53
847 71
106 55
874 74
431 96
279 82
105 77
122 93
898 74
991 99
211 87
651 69
861 84
222 72
796 78
226 51
695 73
124 85
712 95
191 82
831 81
855 77
582 52
839 98
82 71
734 77
660 98
849 86
529 52
456 66
251 76
784 54
976 92
373 88
692 62
651 75
962 69
835 91
898 56
525 95
336 68
594 78
469 56
234 96
398 64
271 71
361 80
106 94
599 50
887 95
116 68
782 82
