100 100
45 11
74 12
24 12
41 7
89 6
12 8
49 11
2 9
66 11
93 1
50 10
68 7
93 2
67 14
88 5
15 1
80 10
68 7
28 2
2 4
90 10
29 14
48 7
3 5
41 3
81 3
75 5
18 12
25 10
31 12
50 14
66 15
75 9
24 13
33 8
65 13
49 2
79 3
26 15
85 14
52 2
16 7
41 12
88 1
89 11
61 4
88 13
48 6
48 10
25 6
3 8
47 9
16 9
75 4
99 7
65 10
20 13
81 4
56 12
33 5
13 3
42 15
37 4
88 2
72 15
100 14
39 9
89 11
47 5
27 1
69 5
31 4
24 12
1 6
60 9
27 11
33 3
57 8
14 4
85 8
80 8
24 9
70 8
50 11
8 15
40 3
17 2
42 2
98 15
49 11
26 5
66 6
94 5
82 15
17 5
8 4
60 3
16 11
62 15
10 13
