91 83
23 4
86 3
85 12
91 15
75 15
5 3
5 15
77 9
42 13
9 3
99 2
79 3
47 1
58 14
51 15
53 15
85 6
13 3
54 4
77 2
52 10
64 7
16 1
24 10
71 6
3 14
64 13
90 10
34 5
56 2
67 15
84 4
41 12
73 6
51 15
62 9
57 5
75 15
29 9
34 15
57 5
52 5
39 14
13 9
99 15
20 11
78 2
29 12
88 3
40 4
52 12
92 11
48 12
83 15
31 13
20 4
10 14
60 9
3 4
14 4
91 6
2 4
44 3
97 1
97 1
99 14
89 1
6 3
12 2
97 10
7 15
35 14
15 7
48 5
87 3
49 4
83 15
18 6
30 6
36 2
17 10
50 5
44 13
27 2
60 13
88 8
46 5
71 6
35 13
45 3
74 12
