96 89
34 10
54 12
37 15
33 2
47 14
85 14
68 5
1 5
64 13
28 6
38 10
87 9
57 14
92 7
79 8
96 10
73 10
89 5
36 15
56 1
56 4
59 15
65 10
92 8
81 12
43 3
45 8
48 9
88 7
18 15
93 7
82 11
30 2
84 3
87 6
4 11
18 13
11 8
89 11
70 5
81 6
39 15
87 14
46 4
24 10
35 4
27 11
9 5
3 13
10 15
67 3
22 3
93 6
85 12
26 12
50 4
72 15
19 12
42 13
46 13
11 12
95 11
42 4
83 13
63 4
53 14
9 11
47 4
64 2
88 15
63 15
84 13
41 11
3 6
44 10
6 2
23 6
14 14
1 1
53 7
60 10
14 12
94 14
5 1
45 8
95 9
88 9
63 7
50 8
23 5
73 5
70 1
61 5
70 13
69 4
3 6
