99 67
8 6
23 1
61 11
61 12
34 5
3 10
20 6
30 1
68 1
74 7
71 13
44 11
82 3
44 12
47 7
10 11
21 1
24 13
91 4
56 5
31 1
56 9
60 14
5 7
85 1
79 12
34 7
2 8
25 5
72 8
29 12
6 3
3 12
34 7
22 11
25 1
30 7
35 8
78 11
17 15
35 2
15 9
81 3
46 9
23 9
42 6
81 14
92 11
50 4
25 8
34 1
14 2
91 6
87 10
58 14
81 2
26 10
86 14
93 14
44 15
23 5
5 15
65 14
75 11
35 13
84 3
56 10
61 4
100 15
18 4
88 12
49 6
44 13
10 8
100 15
50 9
97 1
76 13
42 10
3 4
6 1
10 6
72 6
91 10
68 10
2 12
57 9
12 3
53 11
20 15
85 7
10 5
46 10
35 13
78 4
62 10
90 14
18 9
13 14
