81 89
16 9
2 3
68 9
65 14
16 11
17 15
95 3
32 8
100 7
37 11
66 2
33 1
90 13
19 3
63 4
25 13
82 14
26 1
79 3
86 11
72 6
49 13
23 1
89 1
82 10
77 13
22 7
30 12
5 9
39 8
45 9
16 1
42 8
84 2
17 15
6 15
55 15
33 1
53 7
9 15
22 4
74 10
88 1
38 1
100 11
26 4
22 15
22 10
93 2
49 13
60 13
72 13
26 6
14 10
70 8
5 11
29 9
31 4
44 14
24 14
21 8
31 14
55 7
50 13
5 2
5 7
38 4
20 2
69 10
99 14
63 8
31 13
88 13
65 7
19 7
44 3
42 9
69 2
7 14
49 14
29 15
