100
6170 -28019 -27012 19835 
-1388 10884 -15809 25084 
26661 -3181 -29061 -15265 
-11040 26831 26369 -20426 
-6770 -22384 21828 11719 
-22359 -25678 -531 3994 
-7515 -1379 16945 -25271 
19969 -23386 -25173 13088 
-4161 22120 11072 -27725 
-21808 28682 6267 2300 
-4347 15888 14022 19743 
17248 26181 27000 -6643 
-16210 -16414 -16889 13971 
-25222 19512 15904 -4676 
-16509 -23005 20170 -18160 
2347 -14441 14973 -21626 
-8753 13670 1892 -18296 
21052 -2001 27798 22515 
-21322 -18243 -5736 21720 
-27703 -1611 17682 15287 
15595 -11511 19164 -10257 
20722 14203 -25773 -3929 
-4074 16335 -1539 -13338 
-18722 -5351 19185 1598 
18510 -26779 2255 1128 
-28622 -8390 -9123 13748 
18025 21233 -8862 -17650 
-13780 -17544 -19009 -21249 
7240 5536 5187 -13906 
-12112 1052 -22609 -23520 
-4400 -26106 -29461 11009 
14221 4290 2152 -21648 
-9497 -3060 -22446 -23302 
21520 -12898 -6462 -1515 
-2396 13343 5557 11487 
-14358 25906 -29078 -6923 
-960 3850 -18990 15749 
10144 8856 -6382 -2718 
29176 14553 -29844 18877 
1472 26930 -25721 7918 
-25279 -11623 20246 19397 
-14248 18073 23537 -18835 
19874 20561 -15480 -14688 
-15813 16119 23484 22200 
14069 -19315 22108 14116 
-3068 13915 -14563 -8289 
-7592 -11413 26096 22149 
600 -6447 9238 -14050 
-26919 -9080 20939 21493 
-28807 -3965 11567 -16224 
3400 -16372 -5789 -16208 
-12022 15107 15323 -4473 
11382 -12292 13573 -14836 
16638 -26 -2123 -24502 
-26337 -23922 19125 13530 
-9234 -3513 29549 11188 
-12983 19543 -27309 9171 
4701 18122 19274 -11702 
-13412 -11763 11141 12501 
-4362 27295 25191 -18635 
-25213 10643 -29918 -1241 
-24105 -18490 21533 13123 
-29600 6817 17341 23224 
2500 -26303 20998 7973 
-19534 14622 19638 29510 
-8930 -25592 -12879 -784 
-27849 -25221 13696 -7522 
1711 4606 21183 17078 
5377 19728 25177 24160 
-6221 8105 -12762 3421 
29072 12333 6650 28936 
-23025 491 -15432 20548 
-138 -3428 -15711 17091 
25996 -28926 26101 16489 
-2152 22730 -3112 -12726 
20444 26464 8896 -19696 
29187 -22409 -20883 21923 
-11239 -5170 -13283 2163 
13941 10208 -10461 15872 
-936 9250 22196 12556 
-5859 -2574 -10809 3994 
-17902 8171 -10163 9335 
19259 -7779 6546 17070 
-24439 -29792 -1424 23880 
-1459 -9047 16069 -361 
4909 23483 -8065 23617 
-10897 -7677 -29682 -6736 
23860 -23254 -28137 15139 
-5260 -6170 -7716 -29799 
-14150 -10877 13783 -27338 
-19611 21353 -28657 -17007 
-15073 19015 -19363 -4523 
14506 7504 -17269 2802 
20484 -24344 19579 29549 
24129 19477 -12722 -1735 
6924 20677 27600 -6941 
4408 15828 16716 -21585 
21741 2092 3184 6017 
11146 21939 -21603 -16492 
-1223 -6057 810 4018 
