500
-11534 5547 21148 1662 
28007 9784 -4246 14456 
1879 -7047 -21644 -18273 
27200 4257 17941 -28166 
-21216 16962 -22233 -285 
7434 6004 4612 -24479 
10564 -11045 4548 -23768 
13336 -987 -21139 -10691 
-5189 -11250 -25247 -529 
-2841 27934 -3493 -1398 
-12728 8855 4144 -21229 
-25322 -11458 4862 -1610 
-11319 7594 22333 -8513 
9711 15189 -13775 19887 
-7722 -6773 -20311 134 
-2627 -14894 -12229 21456 
-5444 -14401 6106 12076 
-16499 -1604 -3813 -1339 
2867 312 23397 -21682 
-27690 -24739 11832 27480 
-21369 29293 29647 -10775 
4626 -25232 17433 -13867 
-13452 -4205 14219 8788 
25917 -28656 17729 3655 
10866 9112 26508 15885 
-8483 8345 23927 2298 
2734 -22403 -24062 16088 
-5682 -18524 29448 20669 
-23678 19919 -20709 20401 
-25430 -27432 8058 28185 
-1942 -18077 24680 -19935 
-28330 20445 -1986 -25932 
27517 -26994 -6738 -29035 
15795 -13204 -56 29792 
20269 3615 -18296 -8403 
28174 -4737 25806 23569 
-28062 -14835 -9551 28221 
22875 20588 15620 -2109 
14882 -10626 7602 11281 
-22495 -5937 -26844 14428 
-8963 -17159 24577 -16107 
22937 18731 25919 -26839 
10912 29934 -25758 10080 
-21543 -2802 6502 26073 
21835 26902 17708 -2564 
-15214 -10998 17590 2406 
11462 11587 -16393 28029 
28537 8306 -11650 -22787 
6267 26218 -15309 9180 
21910 -4974 -22739 3955 
-27601 -14847 13606 10076 
-9666 9642 14630 -25572 
-29812 -16480 -14212 -9261 
28198 -12462 28939 13346 
18371 -28198 21962 -2886 
-14085 -28224 -3250 22151 
17995 18282 11718 -17834 
12218 -19482 9235 9159 
-10777 29340 -16498 -4845 
-23920 -29681 -10787 -26961 
-24307 -11432 5597 -1643 
-5079 16277 -12138 26694 
9798 -15194 2716 26057 
14265 -13865 -25988 21162 
-20211 24962 -24087 29150 
861 27305 11629 -7968 
-28379 1899 16592 28343 
13183 -14844 23068 12631 
-15135 17119 5895 -538 
-16609 -21244 -27157 11718 
27434 -24812 4565 15246 
11704 -10904 -21711 5964 
-26478 25370 10198 -7708 
-2341 -990 3640 -3400 
5846 -18510 3546 2024 
-23830 14553 27069 -2475 
19609 -16402 -6640 -4278 
21041 3660 -21466 -5187 
-467 -26789 -20915 15658 
26529 -12515 -29765 -199 
-27863 -6118 25335 15587 
8661 -10587 26491 5972 
-26117 -22661 4519 4844 
19739 -25733 5887 23886 
-2545 -29641 -6865 -18692 
-14125 7325 -10037 -21367 
-15586 -28359 -22675 19999 
-26367 -19371 6994 5009 
22929 -21315 12281 2368 
-19323 13644 8900 3702 
29633 25336 24169 -3258 
-2287 22808 10115 21756 
-26257 -24700 13104 -27110 
-29115 -23537 15341 -22026 
-16983 -14261 -18254 28474 
-16345 9645 -7746 29036 
-17740 12575 11320 -15131 
11328 -5211 -7090 -22107 
-24332 -15023 -14654 -1220 
10352 17701 7851 -8477 
-10559 6939 9389 20363 
16761 21095 7347 6432 
16345 -6730 -23560 18787 
-9089 -29013 -3865 28425 
25861 19008 -10235 -18456 
-29179 -17836 -24781 -4206 
25654 -17708 25633 10186 
-308 29836 -4690 -3943 
2766 19219 17253 -26780 
-25317 6299 23528 -11352 
-2862 5503 -2001 6145 
24728 10647 4697 -26816 
-8357 -27225 4308 -14423 
4877 -1568 13193 20515 
26539 -6877 24262 19111 
26035 26138 13727 5546 
27692 21901 -5731 -22191 
-20533 -22946 18852 21055 
3224 -17815 -14484 -13251 
-887 -15222 -27089 -25354 
23792 1338 -26323 -12612 
27925 -3956 21048 -29052 
-27425 -23517 -15202 -24450 
28908 11029 25559 18178 
27651 -12848 -11355 -19928 
5662 -2336 15792 -27306 
21620 -28403 -9419 -10312 
2694 20911 -5384 2679 
-18230 2959 26564 -103 
15323 20048 -14565 25335 
6253 26113 -10609 -158 
-17806 -26434 -8281 24233 
12459 -27419 -18158 -10819 
-21456 -3268 -14317 -29375 
9740 29504 2714 -5031 
-12775 -13388 -1431 -4935 
5236 -11197 22813 1476 
11575 22394 27467 -12382 
8462 10653 143 -17691 
9103 1777 27488 -13602 
-29430 -18478 17673 23195 
-26166 2040 -21900 4029 
-16773 -20854 17776 -12615 
21258 15827 -24573 -25765 
-5875 12666 10353 18812 
-8683 21042 -10972 709 
26992 10622 10961 6002 
-26678 23981 6277 13678 
-13377 6384 -8934 2885 
15546 -12452 23509 25534 
-9408 9689 25514 -25768 
-25770 -28902 -1657 -6311 
18710 1475 -21968 1690 
-6147 -3541 13803 8335 
2281 -7007 -17721 21548 
-11908 7470 -25243 29354 
26616 -19000 28475 -23221 
-22846 -25801 -11616 25660 
-21836 -10746 -4336 14695 
1437 786 -17029 15215 
-19806 -9237 7942 27191 
10971 -24940 -2179 777 
2269 18294 2582 8283 
3670 -24168 22481 13022 
-18961 1686 327 15032 
28818 -10887 -16192 3673 
-5744 16260 150 17102 
20887 -7154 -12534 -8621 
-22729 -15063 -16056 -29894 
-7655 27788 -9822 -11053 
-12396 -10470 15202 -7663 
-18339 3499 3588 -14575 
7726 27304 6024 -6647 
-21715 4009 -14707 -26340 
-10324 25969 -6365 18194 
-14246 11179 -27517 -10170 
18541 5564 -11595 -11880 
-18203 22134 17952 -19679 
-25601 -17020 22739 8642 
-19794 2387 11660 -1406 
17727 -26216 14601 -3898 
27289 -18966 22132 -17931 
2264 -17107 -23889 10674 
-9141 -13535 -18825 21005 
5808 -4852 27342 -12728 
12115 -25526 -15290 14675 
12323 -18932 29851 7676 
-9412 25255 -7291 8407 
-21276 26282 2589 20114 
18791 17055 -938 -211 
-15754 4413 -1130 -24750 
-10700 -22397 -10804 19770 
-20593 14537 13579 -19520 
26395 3013 28056 -21557 
-10503 -4691 18697 -8719 
-26069 24028 18578 -17970 
28189 2864 14021 16126 
6974 -27077 11095 -2450 
2483 10122 13995 8125 
-1549 23437 -5298 -22605 
16463 -13731 18091 -26834 
-15543 17145 29972 -13343 
5579 -284 -8935 -23228 
-26142 18129 -21117 19989 
25781 -28823 10432 -20263 
-10089 -25330 74 1413 
-11641 3970 25894 -6005 
1815 9829 11655 23155 
-14480 -19046 -6160 6751 
-1563 -17969 -2258 -551 
20491 9196 -27722 -10156 
3508 -4482 -28002 11856 
8865 -4521 -20855 8356 
23888 -25613 -12847 11369 
9917 23194 -7735 11095 
-9126 12248 -16718 22562 
-13210 24592 10569 -28852 
-13955 23035 23634 -1198 
-25678 -12416 19718 -25959 
19544 -17510 29830 -28463 
-9756 -17819 21822 -23734 
21623 -19225 -11883 -24086 
-1501 -22531 27925 -23600 
28607 8868 -14835 -29467 
18716 -1981 11602 20215 
29722 -27392 -322 10802 
29080 -28428 -27080 -14592 
23128 9139 -24697 22203 
8269 -14078 -27366 -27227 
14047 4964 27153 -8831 
28081 -24215 -12373 -21225 
-12887 15361 7850 15 
-14564 20325 27041 5421 
-3365 3588 -26042 2379 
16137 23219 9466 -17510 
-635 28791 18198 -12968 
-21718 6159 29022 -17167 
19411 19129 -6128 -2371 
-18848 -27985 14487 -19175 
-12092 -24902 -5110 -17847 
21817 6235 -22171 -16551 
-16887 -21672 22015 16449 
9787 276 24035 23668 
5944 -13390 -23428 28152 
14917 -14425 25821 29382 
-3467 15520 -23778 18975 
492 -11075 5176 10156 
23848 8165 23460 -24106 
9041 13821 29774 3184 
9790 -9194 -6961 11028 
-10470 584 -15445 29522 
10430 -27360 984 -12647 
-20182 6736 -24299 17203 
29467 15434 12575 20409 
7200 -18223 -22847 24371 
23284 -3324 27246 -27434 
12300 -14697 -134 -12401 
19075 -21201 7102 -11635 
26126 12631 25855 9026 
-22972 -22625 8962 8844 
17325 18453 8486 -1460 
-18163 -17671 2489 5942 
20664 -11665 -23409 9527 
23025 -26052 -18314 -13974 
-15157 -17971 11033 -8781 
-29245 243 -26157 21285 
-12195 -2402 -14921 -3635 
-29945 18609 -22956 6638 
-23663 2438 -29918 -10483 
17807 28530 -991 -12340 
-71 -21137 270 -10828 
-13200 -9523 6009 7369 
-8678 10257 27755 -24405 
2302 16368 15348 20498 
21614 3383 9803 -2305 
-25227 -12236 26063 3420 
4009 -9052 27626 -20103 
-24151 -1810 -23051 -23872 
2113 -23875 -14338 20980 
-21434 14411 -7177 -8761 
-21427 -15665 23083 -8852 
-27746 -27126 -23395 -27291 
-24825 -26562 -15159 -1490 
-10195 -7929 8878 -4083 
-20677 -6157 8145 13648 
10447 18808 -1141 2305 
-978 -4616 -14021 10188 
-22855 -18890 -16164 -26794 
29469 -5807 7300 9203 
-22582 -27565 16519 7181 
29766 424 13147 -5146 
-23726 17613 -29498 21020 
-23483 29114 15507 11950 
-17447 -18325 25230 6907 
-8355 -15596 15228 16156 
-90 8634 -4815 -17608 
-16368 -19794 28190 -20038 
1309 20235 -28441 23186 
21877 -10956 23425 24728 
-22196 710 3517 -14123 
29740 783 -11245 13338 
3403 6659 12790 -14444 
-13435 26551 -11367 24090 
-3265 6816 -12476 -4848 
3187 -14237 21035 13437 
-15931 -15183 -10382 -25824 
24098 -1644 -13151 -19190 
-29483 -14146 4032 -10785 
4264 -1528 24393 -23643 
24066 27608 -8791 9186 
-12906 14718 -3345 26695 
8 -14111 25993 -19655 
18493 13248 18620 28980 
-5949 -29958 -11062 3111 
-6867 -13475 -16984 -14989 
-16964 2343 -21638 -15898 
-9368 29208 1485 -26194 
22689 -12473 -5704 12899 
-10958 24834 -29572 24175 
25445 8692 9712 -10672 
-8349 18438 -1226 -23747 
8365 29610 26701 10567 
-8125 4934 17082 16078 
-23515 -7226 -24430 -11855 
24867 -29185 16552 -11821 
10024 -20050 3500 24851 
-19281 -19133 15955 24237 
-2204 -6233 -25478 -24042 
16320 8918 16638 -22318 
7681 -16688 1021 -21207 
13310 2008 3102 -3913 
5514 -18218 -18006 18548 
-8076 14321 1129 -8856 
4322 -26640 9650 21809 
27064 -27353 -15903 -12085 
-10412 -29907 -22636 23407 
3470 -1300 138 -26773 
-25900 1240 5242 15551 
-15363 -8183 2204 -27450 
16837 2244 15459 -3371 
-13808 4977 14248 -23127 
-1336 16041 9123 18042 
996 -26731 323 -10424 
-17695 20390 -18034 -9910 
28364 -19695 -14510 -16692 
-2522 815 28085 11614 
-14722 -4447 -19045 -23142 
28861 -23727 7387 -1215 
14379 29014 -2444 -7965 
-4317 9552 24391 5316 
-5267 -2001 -7625 -19459 
29180 -15854 6015 -22193 
-7065 -5714 -10037 -9156 
4550 10461 5771 4916 
19327 9284 -5784 24946 
20464 -4590 21884 -24473 
19603 1793 -9748 -14199 
-24018 -5971 25425 -12900 
21566 -5402 23715 16895 
-27495 -1973 18427 16400 
-13139 28469 4502 28745 
-16487 -2728 -2020 28473 
-14618 -18681 -12079 -14316 
-8022 24258 -4547 3038 
-16793 -26176 -27694 -10161 
18691 11598 19694 17560 
9083 6668 -12003 -17938 
-2766 1921 4615 16172 
7651 14571 -23188 -17537 
-333 17665 -28053 2803 
23533 6126 -5087 -10208 
-15413 19655 -28471 -24303 
-766 2525 -25316 1680 
14086 -10232 -22171 -3565 
24507 13037 -3397 -15292 
-12620 16373 11424 22652 
19163 -18131 -8879 -15115 
-15591 12820 -12591 -5925 
-16513 -12603 -19468 9076 
-14013 25205 24251 3160 
3835 18700 9147 -2086 
13457 23171 -25325 22682 
12028 9244 -6304 9163 
2184 23501 3200 14484 
-23742 -10761 -1858 -8557 
9263 -13242 -11854 -3354 
-1498 26599 7379 14876 
12698 22830 19985 12001 
5814 20062 -23219 2209 
27556 -19213 29128 -14178 
-13335 17526 -6634 -7255 
14086 -8980 -11789 -7808 
4951 1571 -19907 22444 
-25851 -21480 29564 -28109 
23925 14102 -18479 9062 
27847 1956 -21266 10719 
24019 19474 29066 380 
-14633 4659 11050 -14821 
-17618 7620 27793 -24774 
-8452 -25983 16537 26268 
13855 7174 28311 28855 
-27356 -17583 16940 708 
16735 8596 -19925 10590 
-23337 -19505 -11191 -26707 
-23263 7296 -25722 2428 
-442 23306 16061 8880 
-21566 16762 10691 -24425 
12908 15185 -4288 11007 
-19018 -21681 29851 -7372 
-13281 -19100 22704 29167 
-10368 -21069 -16377 -15915 
-543 -19902 -10356 4858 
5861 11390 19719 -21683 
-18234 6454 6633 -18120 
29368 29687 -23736 6413 
-2583 -14758 -29390 667 
26505 16703 4813 -5074 
-20628 21079 13077 -19006 
12762 10006 -19991 28992 
28343 -15071 -16856 17563 
11628 7117 25090 18976 
-18761 -12902 12736 -11810 
-22714 8633 -22835 8442 
-20103 -10378 -3688 11391 
-19880 1350 -978 -16540 
3898 26069 21778 3240 
9357 1394 -20427 -1275 
-3114 -24435 6287 -24715 
27877 -7339 -3370 -22636 
-20275 -18947 11840 -26718 
-20793 13335 1397 15719 
-25594 -25217 26527 6820 
20207 -22236 -13630 13852 
15094 -14120 29 22388 
-23093 -28720 14843 -11721 
-8733 -14918 -21745 -23708 
19424 -2416 -13590 8494 
18528 8390 -18917 17111 
-20296 21030 20331 20948 
16685 -29950 -24753 18099 
-26052 -13470 15552 6589 
-23718 -2779 26550 -4468 
-24409 -12969 7896 -26784 
16576 -20945 23826 -19433 
-18583 20210 -2285 19880 
-16772 -2528 26438 4757 
25410 16455 -28044 24333 
-28501 2751 22711 23869 
-13478 6665 -17028 -11831 
-6770 17096 7562 4996 
21245 2628 -11746 -20419 
5522 -24438 10624 -24284 
-5168 6083 13487 -17624 
25759 -161 4372 18922 
17827 -21845 -10444 3581 
-13670 19292 -22248 10273 
26050 10931 5840 -24159 
8755 29620 6786 26991 
29039 23683 16050 -4081 
21946 -14821 -17737 28152 
-26493 2895 -8730 -56 
-3741 7588 20191 -6376 
16734 -6937 20941 3897 
22319 -12749 2710 -953 
-24833 -12880 7271 15652 
21672 20399 -5443 20970 
-10732 -19621 17966 26726 
29726 19020 28258 -28430 
17374 -1009 17047 -3005 
6470 8607 -28866 -11385 
18823 -8968 -441 -17985 
-22075 13795 10941 -27053 
8390 6624 -24106 25891 
-15025 -6983 22253 -4950 
26763 1428 -22152 24808 
239 11456 2786 12 
10124 28285 -14970 -9803 
-7197 24517 22866 -25716 
-28281 12673 -17354 16050 
-18064 -604 11288 -7214 
-12787 -23773 -6627 -11955 
-25815 -14419 23436 -4450 
-25071 -17591 10768 2283 
2361 4055 29414 -15288 
14559 -85 -16534 -11279 
-16675 24117 -2163 -18639 
26799 -10289 -27587 5798 
22913 -18849 -5596 17580 
-21588 -13439 -2617 28425 
-8544 -15257 12715 22487 
21096 -4095 3471 -605 
22470 -16240 -23738 -4153 
-17992 19270 13271 -5763 
23156 13706 4228 26919 
3566 -1552 -24549 2433 
26751 1704 3211 -21792 
-25857 -22233 7360 17381 
-15214 -19547 -1308 -9578 
7778 24426 -27418 8730 
-24443 -14935 -28855 23999 
