250
12186 -6843 8558 -1904 
-19049 -10846 -15796 18213 
-20812 -15375 4834 3046 
-21524 27350 10273 1455 
28430 2321 1205 -29589 
5039 21128 7725 27298 
-6060 -3435 9301 7603 
-14222 8143 5033 13043 
18966 -10671 25781 -28895 
-7008 27121 28168 3280 
-14786 -15308 -460 -4127 
2771 2676 -10318 3024 
1659 -21078 14430 5942 
20441 -28438 -12 -20832 
-16343 27288 -8190 12095 
16639 -20175 9248 -21932 
-2346 -11947 -19765 -8568 
-3791 28916 11613 -1347 
-18050 4890 -2838 -2705 
18264 -14082 -414 27019 
-24833 10902 4869 -6329 
-28481 6607 -16796 12936 
-5197 22845 -15223 18874 
-23053 2061 27873 2256 
20893 -4783 23293 10502 
8901 -3782 -14852 431 
1042 25106 -16628 25236 
9381 -5993 -1155 18333 
-10267 29653 9056 14080 
2410 -6932 20546 25379 
-6812 -4842 -8809 28146 
-8591 -21976 25255 -22658 
20669 20791 -16647 -21777 
-29337 6766 -4106 -26050 
-1702 -4443 23987 15675 
14997 20331 -10638 -19358 
-27777 22694 11024 20025 
-12980 -28213 -11233 27428 
-2877 -25516 4856 -17616 
-15881 -5593 -3238 -9279 
-15239 -9080 17611 -6974 
19604 10418 13095 21221 
-5470 28887 14574 15478 
-21491 16520 4458 -19986 
4675 -2886 -2305 22493 
18444 16748 -26328 -25851 
-12582 -24602 -26772 2490 
-5049 6086 1169 -15763 
-25669 -16264 21469 -28172 
1703 24786 23039 26462 
5285 -11925 -15547 13599 
-22740 -21485 25711 -17611 
25777 -20589 -11934 27316 
14553 -16336 20802 4915 
-2616 9338 15465 5472 
3721 24129 5894 -13252 
20522 -6453 -1003 4951 
5135 -7419 -22660 -29791 
1585 -24543 1563 -6493 
20119 -9650 -4993 -17125 
-3397 -13666 16444 -17822 
-4559 -18277 -17126 -16388 
7169 -24459 -9345 26767 
17026 7896 -11757 -10388 
5862 11258 26496 -14392 
-6903 13367 8179 26725 
-2312 -25227 14782 28116 
-22506 22937 -400 920 
-7349 -17478 -29867 14842 
29214 -21368 15269 -29538 
7929 2202 -24318 14081 
27590 -3060 -20605 23315 
-25255 -9792 -25732 21074 
21509 -15177 13315 -20282 
22904 -9963 14862 -29922 
-16279 20771 -17526 -18889 
-24948 -14885 13737 16707 
-16771 1909 22704 21131 
24087 -2304 23793 12618 
25540 -2796 -11784 -15675 
9765 -18664 -23995 -27079 
-10954 22899 19291 20979 
26300 12238 -28960 -867 
25313 -77 9468 -8425 
-21009 26250 27087 29246 
-22980 -3699 -24400 5436 
22332 -2000 -8679 -15085 
-8503 7776 -2138 -18610 
-17956 -1987 24066 11985 
4741 24081 -14826 -16834 
-12941 -13039 -1735 -27406 
-20986 -25276 26822 4419 
27846 19434 -16451 5789 
-21095 -18036 -12829 4221 
6853 16026 17383 21684 
11606 26176 -16015 10763 
25892 21371 -6230 22873 
9871 -13773 26141 -3364 
-20765 -851 5345 -23493 
-12175 -18294 -7683 -19266 
-25273 29798 25861 -27167 
21866 13720 17960 16752 
19340 6620 5814 10123 
17476 -13669 -25259 -8276 
-17138 -25929 18269 -24322 
-10846 24523 -26956 -13588 
5212 1661 29449 -584 
15257 28555 17646 12857 
605 10202 -16850 -1709 
13547 -27048 17265 -19797 
-18983 3518 27379 -25605 
16239 -23428 9216 4792 
-12759 -2272 -25468 -18414 
-29670 -6380 -28494 -28022 
-19222 -18955 -11203 -7634 
24109 22981 -9809 -12585 
8656 -11010 18453 -25246 
21888 11821 -25715 -27624 
2470 13955 -22988 -837 
-5523 -26127 -14733 -1455 
11319 -4510 -608 14728 
-5842 -6893 19473 -4684 
3234 -3720 15268 -11098 
10107 -5997 -4765 23342 
21741 82 7202 21107 
-20142 -19336 -5780 -2001 
-3991 -22669 1048 -26022 
-20455 -29941 6154 6905 
-18882 -4255 13973 344 
6366 -21110 26116 29092 
25187 -4441 23800 14931 
12129 -19527 -612 27521 
-19673 -12778 -27130 -10123 
19061 18393 17430 2195 
-5236 21895 7467 18867 
13661 20543 15325 7286 
-19013 -10619 -23347 29843 
15743 21581 -22142 14264 
-10521 -17106 26459 -589 
-16552 -22995 -2944 15015 
19769 1962 9770 -20624 
-6896 -15290 -8137 -4973 
-25393 11369 -5654 -24576 
-5270 21107 -21592 26241 
2777 -10212 -24013 -15304 
25975 18354 18772 716 
-12175 15200 -20402 17025 
17252 -13324 -24858 13216 
16841 17993 -14157 -28439 
9401 -23826 22872 24604 
-1154 28329 -26517 -5854 
-22906 2307 -11801 -4912 
28737 -27147 -18753 -26307 
6564 28978 -4728 6467 
589 -9710 -10287 -696 
-15607 24938 26949 -27017 
13205 28734 -16822 16900 
-29826 -5301 -24104 -22855 
-26706 -27511 18464 22906 
11698 -2317 -10298 -11941 
-12958 -3034 17851 19932 
-24513 -18502 -6229 -27034 
-13702 19122 -8273 -15556 
20493 9761 -7313 -8811 
-18675 9545 -1799 -6836 
18923 18512 -11804 -28992 
-23740 1150 27404 -23438 
-14273 6810 -18928 3472 
29005 -6985 9091 -20761 
4323 19475 -26997 5435 
-6954 -9422 -4018 -13061 
-18288 -17218 -1545 -8489 
20566 3288 20622 26577 
-24945 9759 23445 -19785 
11445 8984 -16744 22654 
20757 8960 17036 -3146 
7943 25611 -17755 871 
27995 -11946 18252 -12187 
3284 14098 -24680 12165 
2868 14230 22741 23445 
-13691 -325 12323 21952 
13644 -22840 -13995 -9501 
-16510 28248 17392 -13260 
28777 9441 21469 12106 
-8334 -23023 -16627 -29845 
5033 13463 -28715 5307 
-3131 -14134 14917 9324 
-5611 5224 -1498 -28570 
-365 -28516 13436 6294 
18271 -19055 -5926 19906 
-13125 13678 -7758 25460 
-13461 16427 -26573 -8996 
-6245 833 -15989 -4761 
-2437 -19075 -24607 10315 
-14436 -28018 16888 -8492 
-5392 -2121 -25910 6259 
20404 3223 7994 -430 
-19579 27202 -29208 -20269 
12979 -17512 -3749 6961 
17435 15593 -4192 -9956 
15240 28152 -3625 10201 
4711 -1332 -9647 -226 
-22637 -21736 -20250 -21125 
-18590 -24347 11573 6403 
1120 -27307 -17530 2692 
5819 -23580 -1312 17358 
-5262 -9485 -28773 2966 
826 -110 -23674 -8631 
-26382 1592 -4819 18243 
3855 281 -25058 15558 
-20674 -28774 22163 -6179 
9081 8825 1584 -26394 
-27329 1130 11077 18910 
-2743 21988 27210 -25439 
16663 -26835 -23738 -6181 
21262 -654 11862 -6163 
8236 5263 -22353 -8468 
-29372 3472 29560 14330 
8986 -118 -27284 -20107 
-8243 -19979 16537 11126 
11346 -12553 25169 -2413 
13603 13724 -9370 -6281 
-21371 24296 27053 -16811 
23868 25398 -23104 -11194 
-26868 10778 -6511 -27957 
28264 5954 19372 22059 
-25513 -14256 17770 -6865 
-24951 -9732 24528 2991 
22983 -6937 -13838 4031 
19152 27588 7765 -19151 
1077 24105 24627 12561 
21273 -17 29244 9866 
5841 -27247 -5076 -11288 
-15033 -10275 28217 11762 
25695 -7172 13282 7908 
15584 27509 1154 -21882 
19557 -27143 28619 22096 
-7641 9879 -29865 -10816 
-4969 -26000 -9866 8636 
-3603 7683 -9629 25823 
26219 11281 -13331 -20543 
-11680 -26484 -7315 -23956 
2470 -12353 10976 12191 
-4017 10233 19510 -5191 
25882 3534 -8544 2436 
4822 -4394 641 -25545 
29737 7215 -13679 27741 
28484 19071 11104 -207 
26568 -16993 4059 -5301 
17708 12131 5386 -16661 
