900
29385 5571 25493 -24039 
21190 23108 11111 9821 
9769 28048 10403 11002 
29172 27308 27970 -12633 
-26645 -6439 -2907 865 
-25695 -16281 25305 5547 
21032 -6499 14635 9700 
-25386 -5991 29996 -25862 
-28196 20180 -12248 -9312 
16180 5164 -8014 28170 
25774 8762 -5559 -364 
-17450 28415 -12546 17484 
-21905 5977 15662 25500 
-18129 -19373 2124 2362 
-23347 11133 -13055 2472 
4834 13805 18742 -8032 
-3608 -2237 -5763 7266 
-19994 -2741 -5990 29518 
-21069 9125 -7469 -17223 
-9975 5603 17173 -14760 
-7110 6582 -5633 14168 
-3200 23322 3438 27748 
-4232 -17471 -19619 27533 
18279 21472 21899 21638 
14185 -5854 -8822 -27481 
-2135 3388 23760 -1883 
26093 10122 20790 28036 
8123 23294 2446 9355 
14576 -6115 9351 10200 
14160 19429 -21719 -13472 
27878 10249 12736 25086 
10849 -7168 -3811 -15321 
-5993 -2643 1708 27038 
29603 -2154 -27545 783 
18784 241 -27680 6756 
20771 3413 -26460 13661 
24116 -9937 10850 4426 
1761 -6491 26938 18802 
-15975 -11704 -8314 -2838 
-25170 16567 -26326 5223 
22595 1714 -2203 516 
26901 1587 -21065 29236 
14583 -5466 -17799 24840 
4296 25384 4812 -17571 
-23046 -910 -1663 25176 
-14256 20807 -26564 20506 
17711 -21572 29762 5993 
21369 -12841 8788 14988 
25056 -19679 -5592 9995 
-16031 -11736 -15541 -7758 
6429 29285 18302 11242 
12576 -26131 -10596 18477 
6179 -29395 -10823 18279 
-17396 16177 -5570 2852 
29776 -17089 -17987 27256 
27073 26665 28044 -15758 
-11940 -20649 14657 -5055 
26494 20151 29693 -14368 
24761 -22684 -3850 -22418 
16986 10076 -4409 -21272 
5830 3253 -14864 27067 
-14434 -13899 -16424 17606 
26360 12991 11397 -6833 
17409 6213 -18439 16176 
-19312 -6236 9682 -2777 
5294 21879 -29743 -14583 
17519 -4149 -16601 -2322 
-26405 19145 14347 8348 
-1814 17846 27818 -12369 
-16120 -12771 29099 -4037 
19152 -1516 25902 12428 
5004 27159 11818 2384 
-736 15550 8449 27741 
26930 -19471 19411 -11421 
142 29667 -16211 22409 
-27208 -12761 -16004 29599 
11444 26035 11219 2515 
-10708 -19094 -21065 28912 
-27341 12398 -24908 29246 
-9986 22675 -17528 28025 
-7276 5204 -6243 22027 
-23407 -22974 -9918 -15400 
25570 12724 -29841 11636 
13274 17847 22478 -22416 
29537 -18181 24101 3335 
-23949 -16665 -7293 -16498 
-17617 -22875 -9325 19994 
29980 23437 22414 4241 
-7498 29308 5845 25214 
-24225 19938 19984 14536 
4241 24305 -2147 26455 
15978 8828 -24363 -21692 
28405 22146 12996 -28159 
29095 -26783 -10252 18563 
24169 17683 17560 -14875 
-10114 -7618 20821 29675 
7466 -29474 -17540 24383 
-6386 -5411 15830 -4348 
-4097 -22899 5288 -10824 
14199 -27627 -19755 -9820 
17863 13291 -21937 7818 
-6897 -18248 -29915 -4376 
-28688 -19059 5522 -21594 
23015 20892 -14597 470 
-20744 14813 29111 -14114 
-14393 -11942 1177 -17852 
-10575 4490 28923 6196 
24312 -3669 -14250 -6692 
-15226 -4477 12458 641 
-5609 -27358 -13752 -10702 
20361 -26737 -26619 25358 
28809 -26432 13085 268 
8396 1937 -5841 -26487 
-10248 -19580 17245 -5568 
16616 -2565 10209 1528 
10195 -23876 -20943 -9701 
-15308 16066 -13592 -12459 
20981 7912 -6733 21811 
25880 17956 21759 -18871 
25125 -24913 3133 211 
28987 14956 -10512 11083 
-23451 -15874 -22756 15511 
-22659 28111 13805 23273 
3224 -2674 431 -23739 
20424 15918 1872 -26602 
26267 11208 1328 -29469 
19432 -7451 29350 2338 
17088 -24509 -9085 8943 
-28581 -25482 -23409 14980 
1006 25873 13930 13201 
6644 9614 21869 15387 
12278 11985 -10809 1200 
10388 -9396 -21331 3899 
-2217 -6046 27510 2944 
12708 17458 -5301 -13463 
-17325 10892 2788 -12606 
20744 -12627 2314 2760 
-17415 -22125 24487 -1653 
14009 -3060 -24058 -19326 
-23731 11234 -27673 -21975 
-2515 -9361 3503 2681 
27084 -28724 -2749 9004 
-24897 17714 3019 -7453 
-15965 -7237 23586 4842 
26538 -23002 2511 -6502 
-4678 14679 5649 21387 
7694 11935 -17532 24044 
-1463 27344 4118 -23457 
21619 6174 -7420 28778 
6619 -3042 -2014 1915 
22689 -15455 23414 -7013 
-10633 14218 28327 -16794 
-14530 20718 -26782 -5786 
-22299 -21085 6136 -419 
18139 17226 6949 -25996 
6849 -4740 20740 -10540 
-10014 -27696 -9617 -5520 
-4076 10297 -17777 3447 
10273 25418 -14892 -12346 
6456 -10009 11354 -27104 
20782 7386 25412 -17693 
-17278 6390 -22169 -24267 
23284 7420 4466 29137 
18767 -15344 15635 25614 
-7515 19288 -24125 -13737 
-204 -19290 -20009 -12866 
-29338 9839 23363 -1159 
-16062 10283 -4515 -21916 
28861 -22118 16183 -6802 
4119 -3144 -27468 -5949 
8567 8501 29742 -14923 
-23593 -18582 -24398 -28574 
1437 23813 -12479 21759 
-13258 6318 16181 6940 
-9074 28453 -12234 18657 
-29577 -8215 17155 -24871 
29829 -21526 24378 5195 
-4823 21396 -3254 -15983 
26928 -23958 -19936 2308 
15204 11376 126 -16811 
16593 1630 -3711 -5416 
-8988 15181 21262 -29937 
6170 -28498 12414 -27544 
14629 -4477 -6120 -7113 
22252 -29719 -22781 22449 
-18892 -18694 -28248 -12385 
-18807 -4776 9704 -17748 
-24978 -28150 -23414 -25218 
-25299 10603 -4356 8039 
-20646 7177 -27724 13624 
-24816 -24710 2311 28026 
6344 7245 -25755 -7284 
-12194 -18311 -21674 -15647 
23328 -20088 8671 -20673 
22143 29441 11206 -5198 
1791 -20829 -2357 -6188 
7368 -26091 -28445 -20456 
28985 -11105 -5538 17268 
-16701 -9326 -27833 27807 
17349 -2191 17905 -11526 
13220 -26411 -8842 -9368 
-2633 -28126 -8243 -13865 
-22375 3940 -14100 -6113 
22020 -8836 -2552 9613 
-10116 957 -7512 11000 
22256 -3264 22173 -17638 
1015 -12080 -22388 12093 
-7772 -12490 21918 13482 
16393 10632 -9567 -5691 
8808 -22856 -8185 -2479 
12443 21759 15544 -9447 
19542 -19095 7093 2885 
-28357 15561 -590 15498 
-26211 -27454 2602 -29001 
4448 -10210 -16884 -3590 
-5238 8815 24637 -14295 
20279 25085 26633 14198 
-11356 21828 -27218 4532 
-22787 -3885 20196 11656 
-25735 26030 -6578 20899 
4404 -7765 14214 -17283 
14103 -14971 29294 -13124 
1188 -18453 19731 -2501 
14876 -29341 20410 22607 
-942 11380 10322 21967 
-17280 20091 1562 -15542 
1345 -28803 10214 -16696 
-19475 -11565 29101 16045 
-8073 -12930 2414 7183 
-26683 24617 -12220 29275 
-2924 -29044 -16835 -16532 
19312 29740 11082 24560 
-1946 8630 8418 23580 
11079 -20194 -24938 8526 
-23558 -2501 5256 -6020 
-17138 25123 -20257 -8217 
-26678 13918 -16726 13528 
22203 2688 -18852 24221 
-28848 -11719 -1606 888 
8673 -3188 -5998 13798 
14356 -3446 16204 21116 
-14758 2184 -18567 24002 
-22365 18464 2482 -28585 
12603 -3628 -23144 24807 
25034 1089 -26182 12150 
26415 22985 -4159 -12231 
-15647 3716 -4951 -8275 
10586 10357 22005 -21463 
6736 -19939 -6463 -24156 
-27817 13612 -1169 -19988 
28204 -27678 -6548 20845 
7246 11505 28357 10708 
-5454 2306 7316 -16377 
-12572 16806 -20612 15071 
27512 -19770 5278 -8897 
-178 -29422 23447 -26198 
-15151 29720 19479 -19778 
27258 19525 28966 22000 
19017 -18631 29614 16755 
9944 -676 -3990 8312 
-7754 -22930 -4159 17041 
-21424 -12949 -8182 2010 
-16132 22118 18496 10459 
-20076 -16056 -12171 14144 
23164 -11901 13034 2565 
-27585 -22474 15678 3057 
-10241 17308 -1336 -27770 
7073 20567 -15641 7511 
-19248 15821 8247 12470 
-11224 17714 -4340 9815 
-696 -10496 8013 -28167 
-406 -23433 -27522 8946 
21842 -13093 -12412 4595 
-20797 -2505 2525 3676 
24817 -27196 8875 12846 
22512 -8100 -16404 5700 
-4750 1342 -18612 -8496 
7725 -14900 24057 22753 
7894 -22141 4738 -24725 
28797 22228 26346 11744 
-9747 -27408 20397 5448 
-6398 7170 8229 11875 
-3184 29281 -26887 -28438 
27636 -27699 -26876 7769 
-26575 -7353 11787 18447 
14177 -25805 -29802 2592 
-11915 -11788 -17077 339 
20374 -20613 2989 1183 
22945 26456 17270 22206 
-21390 1515 29009 23172 
-13281 12050 -7531 -18500 
-1323 1289 15152 -26112 
-4537 -9216 1805 -3155 
-11333 -19228 21548 -8600 
-24448 1674 940 22713 
17765 4263 19297 23403 
-15000 -19349 20816 19447 
-20273 -18090 -8587 -10583 
-10549 -1488 465 24488 
-19950 8293 16827 -20621 
15951 19792 -10200 20950 
-17445 1468 -6764 17544 
-4684 21536 -9735 -17053 
11096 26352 -24614 -12049 
6976 -22698 -26318 -29252 
-25051 6945 18184 -14627 
-17925 1082 2848 5357 
17393 -15634 14998 -18689 
25630 29442 -6004 -17661 
28264 16324 -422 -13692 
9312 -18609 -14370 6064 
27995 -27553 5787 28262 
27438 615 -6559 1201 
-5225 15627 16520 23321 
-5851 -21819 19337 -17561 
25030 27738 260 25208 
5891 6029 -25752 6618 
-17044 -25094 24991 18812 
-12520 7631 23253 19951 
-13589 16040 -17162 20686 
22450 14712 1821 -12374 
-27798 -9185 29816 -2182 
-12265 -22184 2091 5057 
-21737 -26527 709 22572 
-26546 14912 -23475 -8652 
24535 -26578 20443 2170 
25999 10837 -22292 6419 
10505 -7487 -584 5462 
-5577 14098 -29889 27351 
17270 -20169 -1792 14229 
-22606 -28164 768 9298 
23892 -1426 -21941 671 
14911 8954 -20708 -22092 
8989 -27074 -24249 534 
8938 -27963 4896 10673 
-8868 -25068 -25399 6233 
27883 15386 26046 18213 
25645 -28627 3669 9979 
-29815 -13246 12526 -19241 
-25371 9358 -17051 -16900 
25800 -8516 16484 -22770 
26160 10381 -21378 -28173 
-18026 -6247 -1973 25418 
-6308 9457 18453 24143 
-27933 -12687 23074 -24539 
22424 -22108 -24169 7449 
4330 -18416 -12023 -1340 
-27552 -24746 6634 16151 
1527 11460 -17336 24014 
-19297 -27798 4302 -16854 
-27454 -20424 21931 20860 
7949 28827 4091 7832 
-11791 -7613 -1257 -3409 
14608 25661 29511 -2157 
-14092 2159 -11418 19550 
-9311 -29516 18788 10815 
11907 -23145 -7296 16655 
-29154 18124 -2992 -25843 
18909 2730 20678 4702 
-26420 -8852 -14159 -3445 
-23022 -9274 8378 -9403 
16701 11834 -23416 27120 
-14539 -20463 369 25326 
-17026 13091 29107 -20787 
14254 26435 -7899 -29023 
-13983 -17657 24918 1910 
-11583 -12903 -21622 22151 
21847 2707 -28003 4624 
22689 4282 -9721 -14602 
-20704 20677 17105 2857 
-28611 -16813 6034 7624 
-14572 2394 -20687 -13458 
-3383 -11689 18177 -6948 
29535 -10197 -25051 19321 
-2163 -28178 -25672 -5912 
-21858 11064 2468 -12510 
9358 16748 8068 -28586 
-26118 9738 29299 -7384 
-26747 -2197 3071 22899 
3328 1850 -14124 -23721 
-11608 6770 14664 -23760 
19062 17042 25862 9844 
-24840 -3291 11235 16189 
-1578 12099 -21901 -5748 
19093 -18284 13703 8434 
9946 4067 26219 6219 
-16888 25100 -3638 15104 
22170 23381 7513 -3968 
-18744 17039 11392 -10290 
-23317 6991 27321 -2747 
-1304 20480 -24221 687 
-3636 -21484 -28146 478 
-5458 -18001 14408 -8727 
16690 6211 11585 2381 
14471 21508 27394 25697 
-27476 26413 -6451 -4093 
12104 25357 -29896 24866 
-551 16343 -6899 4796 
10742 19480 28037 4613 
-18158 -2393 -550 20345 
-19518 2511 -5468 -1545 
8352 26220 26618 6386 
-12438 -24909 -11497 -13631 
13121 -7869 24032 21487 
-16505 22085 9208 13321 
6516 -28897 -9566 -261 
-19846 -7528 -23591 -20670 
-12771 15501 -15958 6490 
29838 -25924 19665 -26468 
-14433 -21643 -38 6252 
-11226 -16288 -20604 -5362 
-10483 -2172 20853 1043 
-4259 -5086 15861 18982 
-14464 5951 27794 10908 
-2805 -29359 19292 19064 
-22602 -8981 8716 -27556 
12481 29851 -7283 10576 
-11936 17529 -18066 27496 
-18777 -14131 -6875 -4845 
28440 21247 -25010 -15155 
-15182 -9719 -3889 2681 
-5147 -6304 -1553 -6004 
1307 -17211 1047 -7499 
-278 28507 10670 -9686 
-11012 -23405 -16104 8449 
15363 -16425 24424 -13137 
-20528 14426 19968 23535 
-23367 24517 -12097 -23714 
6588 -18847 24824 -22748 
26817 6256 28314 -22318 
4543 820 22266 -1182 
-25926 -7253 1165 -6522 
-16496 -23197 -11413 22167 
-16715 -28382 331 -3691 
-9421 -20657 -27040 20387 
-19142 -8907 -25212 -24113 
-3291 22830 -17701 -25012 
15227 -19605 3048 14117 
9201 17421 -23856 22817 
-7173 5892 27047 19207 
27497 23338 25991 -1310 
15494 -10947 24508 -17177 
-15893 -13813 -2749 -21856 
-17142 8839 -24948 -21244 
7606 19531 -19052 -22804 
-3627 -7650 -8224 -3169 
-19472 -21752 -14225 12609 
9145 2599 22662 26383 
20079 25439 -10123 -22959 
-18703 19171 -3177 19112 
17885 -12378 19255 -1898 
26244 6239 9403 27501 
29347 14310 12910 -6954 
-2770 29189 13815 -18741 
-17045 6049 -9282 -8263 
14470 13047 -19855 -14193 
7807 -8611 11591 21693 
-10844 25601 -57 -12513 
-836 12340 -6215 1966 
-2825 -20529 14172 2775 
-25829 -20029 20809 5792 
-908 -522 -27290 -7601 
21109 47 -2434 -24985 
-13276 410 -27973 -6280 
-11746 -19467 -25679 -29592 
13917 -10286 26370 7898 
17685 -17184 20787 11017 
-761 18633 22350 -4460 
21866 27049 -11782 25148 
23793 25447 -3621 14016 
28353 -10984 24591 -25479 
-3187 25362 3860 -3786 
460 -22116 25170 -26237 
27427 20776 -10836 -23285 
8872 7898 -7630 25506 
21430 4976 24533 7447 
19772 -3231 22362 18352 
14677 5263 25278 29754 
12968 -23595 24160 9951 
19333 -6077 -1864 15353 
-10013 -18172 20347 28707 
-28373 -22119 9676 -24191 
12336 2966 8902 -19387 
13708 -21481 18817 -24131 
-29363 -13937 6582 -6234 
-14311 -28770 2231 24082 
16642 -118 17049 -16105 
14339 -18228 23828 -27125 
23970 16744 28994 -1584 
-1258 -16863 -26611 -13634 
13518 -28376 14261 4115 
-23974 27572 10798 14402 
7952 12028 15976 17125 
-10948 12265 1952 3769 
-28565 287 26667 -29146 
8332 -24990 19099 2744 
-3395 -4444 -16393 6946 
28085 -15059 -12860 2131 
5355 -27614 -20865 -28646 
-16102 20173 13572 -5654 
-10355 17865 19576 26853 
340 29548 -9411 13081 
15427 1340 -23922 -11781 
28940 27036 4524 3352 
6853 5384 15327 24374 
-18355 4254 -17146 -7700 
18288 11667 3373 -29435 
21471 -3708 17733 -2779 
8884 -29310 -23916 18750 
-15738 11917 17079 -13787 
-11416 18013 17222 -24213 
21290 -2540 4446 -7592 
10408 -21175 -6081 -10947 
-9069 -9497 -5689 -25859 
-257 -29020 3942 -10437 
-18958 20100 -21378 -18170 
13356 21725 13030 -13646 
7895 -18172 -24926 5153 
-28223 -12543 -22475 14148 
28007 27175 -20713 -1607 
27625 -928 6437 21247 
14731 -3338 12209 -29625 
26700 15659 -12231 -13106 
24939 -28773 -103 11719 
11084 -7969 8449 -9870 
-25062 -24610 10424 23948 
-25037 14665 3089 26791 
-9221 4117 2669 9039 
19568 21254 -11678 -27353 
-27342 -25824 17927 -29515 
-557 -5073 25398 26399 
-3291 26651 -27002 10819 
-26882 8406 -9208 -13253 
2992 15032 -18542 24438 
-28547 1616 19973 -24847 
-22556 -24038 27161 -1030 
14801 16266 24588 8845 
16404 4506 11564 -13548 
12267 8245 -18101 -16769 
-15391 18159 2673 -20363 
-3066 20895 21839 7124 
-4936 10736 11753 28393 
12943 18132 -21535 -8521 
-13141 5113 28534 -16224 
19389 17573 -25450 -12803 
-18918 24431 -19340 7240 
9770 13664 2499 -18173 
-10117 15219 15210 -22743 
9450 20799 377 -12314 
11647 10520 -20025 5078 
19914 -26449 23683 15518 
-23602 -23015 8634 10763 
-16897 -4288 -2047 -3808 
-19388 -28149 14977 -13610 
-8506 17315 -28249 12065 
-3845 -7256 -10210 7851 
-3348 20978 26354 -27153 
-11376 20683 -20831 -21262 
-8650 -26305 19826 1044 
-14066 -10917 -6807 8290 
-28388 -23022 -9661 13939 
-9814 25708 -9694 13175 
1414 -22684 2511 17401 
20452 -21193 767 -3081 
9574 11794 -8802 27471 
-29875 -25025 -29141 -1212 
5839 24935 10870 -17802 
-12160 -29495 9898 9946 
22428 7886 -21078 22776 
-19699 4657 22214 23953 
18933 10758 19941 634 
1315 -1454 -7478 -13325 
444 21109 -14257 -26598 
10396 14844 -7425 -26697 
-15673 -7075 -5226 -6000 
23012 -26921 12253 24375 
-5081 20492 16578 -17400 
26044 20045 18755 11461 
9003 24 2698 25721 
15312 -19964 -28439 20975 
15771 24284 26750 -15364 
-23691 -18939 -15654 -6982 
-19839 24962 -18800 -3340 
-29247 18870 -15718 7719 
-19911 9951 13947 22391 
13353 -14422 3040 -8716 
-17063 -16467 441 -14117 
-18818 -6146 9244 -15924 
12869 -4179 -7815 -22100 
28013 -13609 1299 8837 
-7527 -18332 15001 25030 
20993 -28515 -29638 13621 
-27982 -22873 8466 -9828 
3625 -27834 -16288 26237 
-6053 3574 10328 -14776 
5711 -16923 22990 25564 
16555 -11157 16485 -22634 
-19112 12652 9331 -16528 
-5428 24422 -24738 -3772 
-25878 -26531 10860 -13224 
27860 -23371 2920 -19293 
26365 17833 17221 22041 
-6412 -2331 7017 24154 
-7368 26720 -273 -24789 
29141 13078 -29293 -298 
-242 7367 -2220 -21824 
17730 27968 26418 -29774 
-19027 21090 -13728 15169 
-25609 13056 -7591 7864 
-28573 -9465 -2058 -21645 
-26079 -1224 -2665 16206 
2666 17460 -29188 25991 
-443 15305 -273 -5921 
12154 -26554 -9937 23991 
-26123 -21206 5950 20740 
13068 -27867 -10089 -5600 
4792 1040 10263 122 
-24751 5281 -4522 -28067 
20495 -26241 16932 2386 
-7982 8568 25331 -19062 
7774 697 10957 -7834 
-13099 -16511 -9952 29798 
-19796 -3873 -16742 -21874 
28128 -10036 9288 -8159 
16475 -3932 6219 28147 
-6902 15329 5832 21825 
12598 -20866 16976 1650 
17192 26966 1798 1394 
-15949 19618 -380 11866 
-28831 -21037 17237 23511 
25439 -13204 29701 -25882 
1833 28270 28171 -23989 
29222 -15846 28241 11519 
-4527 27158 24710 -20936 
2827 26088 -7454 10454 
1675 -17080 9184 -7882 
-27284 -9927 -5073 1348 
2600 -1431 24262 26899 
17241 -3937 23237 -2969 
29311 -744 -1083 1732 
19097 -8391 26614 -27318 
-24628 5816 -27375 -20918 
29124 391 525 2751 
-306 -20832 -15585 20916 
-21591 6986 -9071 27110 
-5159 16491 998 9229 
-6891 -28307 13258 20841 
-3189 3131 -19871 -17530 
29665 20680 19120 10124 
-21708 13853 -17550 24788 
16926 29762 -15847 19998 
29462 -27647 26596 390 
16186 23658 -3906 -27481 
24760 -12516 -14916 7269 
13580 26051 -23171 -4701 
3594 -28604 -3880 5028 
21990 -9324 1043 -22018 
-17768 1317 6453 -13064 
-19173 -27687 20578 -21149 
23021 4448 -25314 -3696 
-5883 -20302 18612 8293 
27154 3306 20986 -5286 
3996 4405 23885 -7256 
-28152 17839 -29956 25366 
-24638 28434 -5166 12580 
12310 -15757 12807 3764 
6306 -5154 19377 2659 
12360 15659 -2334 5727 
22997 24780 -29722 -12874 
-15594 -10159 11678 -25047 
-12329 8105 23808 -28711 
21990 -9008 2444 27188 
13671 19621 -11771 28888 
12336 -22222 -2831 -22405 
16262 -10647 24402 -28484 
6355 -13205 -15752 -18875 
-17341 12454 21270 -2055 
832 -1874 -16964 -5822 
-20269 -29388 8849 -16769 
27736 -17786 -13191 26636 
2655 -21997 8643 -5525 
-2348 23261 -10247 12004 
4482 10155 -25310 20078 
-21384 -16508 11164 -3033 
-6231 -26185 14787 4166 
1119 -14749 -14315 -14376 
-17004 -7991 -2415 -16637 
5517 7346 11541 -17352 
12654 22174 -21064 -4569 
4349 28922 -16275 13080 
23905 -7162 19261 26396 
21323 -22493 -1664 -15594 
-14481 26335 9308 -25038 
12208 2584 -18700 4977 
-29225 -11149 -5415 -21020 
-12958 8362 14341 480 
-12233 -14261 21818 -5600 
17839 26755 9636 13649 
14971 12655 10912 -13894 
7549 -5583 7850 1450 
14405 10764 -11366 -18000 
-7350 16677 22592 -29394 
1121 -23599 -26256 -122 
-25189 -29007 15936 -14662 
7456 -29872 -21188 25700 
-19821 -11809 16550 -9230 
15619 15120 12421 16527 
18940 -7703 27816 2994 
-15817 -14833 -4993 3882 
-27298 25828 -25960 -26893 
4381 7577 -20848 -21650 
24834 -24957 -18173 16040 
11887 18116 -6957 29447 
24797 -16631 -10739 2840 
11288 10544 13447 -15750 
11872 -18276 7159 10117 
-6033 -21405 -11724 11015 
303 6334 6274 4243 
28194 22819 12598 10806 
2022 19384 -395 -28258 
16592 25606 4408 18922 
-24769 21271 -3422 -4996 
24919 -2414 -11148 517 
-10222 -4226 18973 20214 
-9867 -20841 591 -15228 
12117 -1995 8507 -5711 
9251 -16562 -2415 -20298 
14378 -12963 -9451 22457 
20133 16453 16325 -3706 
-19239 13278 -13322 -3717 
26949 -1715 -10182 -27285 
-15367 -29977 -23855 -8176 
29633 -11002 8128 29851 
5993 -4110 -25128 23064 
11740 -3542 -28706 20330 
-7031 13867 -9684 7280 
28577 -22267 22990 -877 
-15208 -17701 -6658 24519 
25320 -26934 22708 10007 
-6184 -17452 -19901 -16396 
15145 -27248 -18367 -15716 
-22682 -11478 -26109 -25570 
17352 5996 17380 18607 
22607 7770 2941 -28870 
25487 22162 12187 5017 
27179 7088 17150 -10421 
5469 14056 -8383 -20140 
29051 16076 12706 4766 
13719 -22443 -22843 1151 
-20436 396 -18919 19996 
15275 -23660 21845 334 
21233 -17846 -28568 20869 
1927 -2746 9199 18205 
-17154 21488 -26021 1939 
20338 -26570 24366 -16637 
17843 -22773 -15366 -680 
20167 16946 20587 21987 
-25007 14665 18530 20611 
-2199 3769 13010 18216 
-537 -14769 -13410 14420 
-16463 18133 16809 -20021 
-14635 18450 21990 17092 
10365 -15460 -15314 25955 
-3939 11965 -18476 -9030 
6806 -8619 -18134 1553 
9647 15583 -17413 -19181 
-12313 21061 -29282 12458 
25644 -6712 11812 -18166 
15158 -9934 15301 -27546 
26623 -23023 -1279 21397 
-13489 -29213 23387 -22048 
26214 25578 -20133 12207 
13449 2824 29517 -20681 
15108 -1949 15537 -14975 
27307 7772 26570 20766 
19181 9350 -25622 -18249 
-11578 -17259 -22457 -5359 
7620 7756 27607 -17872 
-15150 3815 8242 -16372 
11046 -23034 25931 106 
-27411 -12422 -16268 17700 
29643 -10061 20375 14760 
-6371 -23638 -28282 28345 
-1277 15855 -4183 8311 
-26786 26720 -3562 15541 
-9629 12698 -22196 -17033 
8288 -2753 -27038 -27881 
-12312 1258 18968 -118 
13507 -27774 -7421 28440 
19002 23719 16895 -2803 
-6193 -15895 5326 27898 
-29558 -26903 24343 -19496 
29347 2428 -21397 -7671 
-2151 -25397 -3766 6900 
23342 -7014 24432 23031 
-1389 24673 -19837 17136 
4050 16742 -9510 -6231 
-16438 -4221 -27570 -872 
964 29280 -26111 -19633 
19150 20667 20446 -446 
-25326 -5995 -26247 28831 
22189 10902 -28538 -12989 
8252 5082 -12584 5776 
-17154 -15204 -26636 -3553 
-8855 14686 6566 1903 
-2703 10366 -22370 -8235 
2372 26029 -16544 -11253 
-12681 12821 -24339 -27303 
28286 16532 -5894 -13599 
-24244 -1762 10233 -8317 
-8456 22946 11150 -17572 
15983 22273 14959 -9261 
-15237 -4469 -20125 13787 
-26049 -18453 -8765 -1659 
29607 5878 33 -17964 
278 -26537 15367 -3710 
-29293 -20651 15622 -24056 
319 -8026 -20072 3404 
16895 -4090 17290 17374 
-21754 12806 -27903 1652 
-18010 -6451 19218 17712 
-22227 -12281 -1727 25412 
-19359 -6065 7488 -2470 
9567 2492 10376 20809 
26911 -12462 -28214 9782 
-9914 17242 16774 -16265 
4008 -19502 -5662 1637 
5843 -21226 -26063 15620 
-19489 -18494 -10379 -27009 
-24490 13149 23726 -11261 
-5817 -11324 -17316 -24978 
15676 8857 3711 -27244 
27204 -23577 -23952 17856 
33 -24460 -26562 12419 
7733 27668 -18423 -4315 
-7128 29456 -7535 3557 
-29487 15959 -7641 -2507 
-13590 19855 -14732 18475 
671 13892 15425 3191 
1232 1308 -27219 -9156 
-13737 3108 20622 12861 
15177 -2229 23155 -24883 
13512 -24574 -15232 -6865 
11986 -26920 7915 -15356 
5320 -11708 -2538 -2537 
-7779 -8698 -12217 -23819 
23109 -13507 25224 12316 
-16361 3017 244 -20189 
-7574 -27665 13504 26874 
-17348 20597 -17774 -4175 
-14283 -13706 23248 28241 
-14293 10543 -10298 18408 
1802 26102 -24102 -2929 
2808 -23477 1150 -11563 
9822 -17403 17620 15056 
-28690 -14659 29633 -1485 
7279 1360 5383 -9476 
-6048 -7112 -29140 -28313 
10485 -6050 17127 4898 
-15426 -14748 5279 -17607 
-21248 27001 -18867 -17012 
-1929 -25492 -4004 -3473 
24999 10318 -1023 -11618 
13347 14408 19732 21686 
18918 -15805 6543 7748 
18279 -16825 -23474 2813 
10058 20094 9030 791 
-24263 -21458 -20956 -25346 
-13471 19768 -866 5617 
-15895 13540 20748 28818 
20329 -14487 21340 -9707 
-12958 17937 2385 6935 
-26054 -20110 -4765 16270 
8543 -22283 4496 20694 
-28442 -21823 18613 27375 
-27180 -20099 -2923 -1516 
25786 17264 21633 27075 
2958 -23920 -28853 4365 
15002 29647 11979 24526 
17650 18420 -16940 10874 
-19753 -887 -25333 7121 
-28842 -3535 13427 -2473 
28576 -14724 13035 13606 
18055 -7593 24276 3511 
-23008 -9851 -20199 -27214 
18869 -10432 -13290 -4381 
5707 3035 -3848 18782 
25051 -16531 20240 -4647 
28577 12247 11032 -19881 
-18678 -8131 -8988 -26168 
10900 9783 -26954 15939 
-28263 18364 15611 6222 
7452 -25388 3100 -19366 
-6880 -24374 -26530 -20634 
26633 9387 -5357 -22680 
10286 -20444 -6633 -26896 
28593 -25802 2142 -11631 
-15052 1120 17399 -27296 
13352 25486 12529 -8328 
-6683 4337 5023 22044 
