712
8434 -9599 -1502 -27078 
-17479 8167 22877 6781 
4081 23667 -16207 8914 
-17288 -18020 1093 3529 
19346 21776 21630 21775 
18762 10773 -2911 18503 
25247 9677 29404 21733 
6529 2387 -25209 29003 
-27049 9325 -6187 10593 
28525 1590 3959 19622 
-2391 -11999 -21793 19018 
-14121 -22995 -22349 25371 
-19410 -21431 -7316 29652 
-12251 -10232 8909 -24810 
24866 6928 23253 -20248 
-9532 29068 5635 13166 
22266 6499 17632 6790 
18394 10534 16116 15462 
9991 19979 -4132 -26620 
-15200 4050 3656 -9640 
9421 -22153 216 -1563 
-28376 -10549 9403 29688 
-3056 -5884 25247 21050 
-16532 25603 -471 -28764 
-22648 -25234 8620 -25247 
16589 22548 18065 12319 
-27319 -28593 27883 -28174 
21903 25608 -25608 21227 
-21691 21803 -6864 -10837 
-10391 -3022 -26864 24905 
24007 21279 13794 -24346 
-2656 166 -4064 24439 
-4260 7140 -19435 -23046 
-112 -2681 6030 -5712 
2315 -26329 15203 -27637 
-13106 -9595 -26302 -12526 
-6036 25742 -11292 -18305 
-29047 -16451 1262 9727 
9408 15351 -4802 -7840 
-10532 -28432 -18258 16334 
-10667 21328 7861 24766 
13464 -13481 -13729 -28656 
-10419 9172 15751 -6463 
5185 -5433 11333 3428 
-9770 -16832 -5035 22297 
12597 -27135 -68 20923 
8449 17836 -21679 16737 
-286 13573 -22400 28091 
2932 -24410 29179 2487 
18649 -4997 22385 1671 
14569 -10608 26685 -13608 
-22020 -10046 23798 -21326 
-27708 -15434 17125 28643 
-16792 18872 8253 -12761 
-17819 5970 5334 13742 
-29544 16264 3335 853 
-9621 -10497 -26174 25790 
15167 -24779 -20717 -2773 
15206 11624 -22662 -15525 
-4985 -27859 24290 -11113 
-2164 19410 24095 20672 
-14884 12961 18288 7008 
11707 24490 -24174 -29061 
13435 14680 -15410 -3263 
-6798 -11201 -9128 -21754 
-10021 7875 -4947 27481 
-20269 706 15842 16172 
-22958 10795 -10908 15181 
2952 -4120 -9980 -19216 
17625 -8201 -143 -2930 
-1804 5631 4108 10398 
24585 24492 -469 21463 
8026 -5633 -25825 14960 
17712 -16834 -8794 -18811 
15196 3841 -25883 27001 
2316 8278 19245 -23424 
-17388 12426 26311 -22604 
13267 -10890 21288 7297 
-7298 -9131 -28544 2959 
-23121 -8876 -27858 -19096 
-4372 10404 11549 7488 
-244 -1704 -13480 -17282 
22929 -24515 -19942 -6970 
-26937 -17231 2398 3233 
-10284 4689 -12122 6667 
27563 4828 -6695 -4376 
24879 -12226 8391 -29449 
6670 -28505 -24424 -27305 
24399 19625 -29081 -8917 
17116 -10035 -7726 10910 
13905 13714 -2678 12532 
-8196 -12079 -10963 19501 
13957 -8771 -3946 -14733 
-3763 -11314 -8835 15934 
28736 29651 -12056 -72 
-10359 1553 14511 24731 
-14171 -4908 28706 6329 
15332 6875 -17752 -25214 
-26065 19925 -16249 17642 
14971 -4746 -13034 24621 
8220 -33 15817 7635 
-12621 -29146 27677 -11238 
559 -23643 25448 12534 
16814 -3694 -29966 -27518 
17253 -5364 -28206 -24302 
-9394 24773 17279 3211 
14849 9133 20313 3757 
3639 14655 -14209 8486 
10388 21337 9268 -13700 
-12387 4623 10693 27057 
19537 23939 11974 22040 
16163 28102 20134 -29308 
24710 7605 22865 4917 
21303 13779 17527 15418 
3194 -14825 12029 19830 
-28076 -8730 -27582 -28487 
15275 -3043 13331 -8760 
-28814 11544 2854 17657 
22360 -7775 -2544 21295 
6034 -15450 -1862 1244 
-5106 -5742 15466 -17755 
20561 21440 7217 -19854 
-21542 -17989 -26054 -2318 
-29661 21394 -13750 29518 
25195 3013 4541 6145 
5154 11207 26630 -4808 
-13217 -19887 -5565 -10504 
-21551 -3912 29494 11968 
24505 -1385 16293 19894 
14171 12806 -12571 -12036 
-17831 -7108 14548 15174 
17269 4573 808 -23970 
19964 -26608 26930 26684 
12159 -2413 21991 17775 
-3798 22511 -6945 27372 
15344 9163 14876 17622 
6472 3647 -13128 -5916 
16634 20425 7308 24981 
-7501 -8172 -27167 9855 
-7277 7689 24351 1738 
16896 -26690 12031 -8709 
-8081 -21458 -26409 -3327 
-13291 -15384 93 27104 
7538 24375 -27354 -11850 
-2071 -29139 -1254 7900 
-19952 24347 -2650 9206 
-13491 24664 1071 5315 
23563 -27666 7476 -20212 
-10804 -23620 18878 -18048 
-18671 -22143 -24854 -5731 
8388 5743 -15917 2405 
25760 -20224 -23774 -25795 
-9867 -11972 13455 -5427 
-23628 -12119 17316 -12731 
6241 -7572 -917 28009 
7504 -8929 777 -24287 
4004 -15259 -24005 8032 
-17182 25766 -9797 16755 
-23276 8323 -2825 13481 
-15138 4882 28482 8097 
5925 13758 -15 -15576 
4662 8792 -17528 -1071 
-23690 -5383 8864 21893 
-27976 -23401 2352 -26353 
6310 6968 11443 29491 
14365 1125 -11209 5666 
-9646 15361 6725 -8036 
18299 24023 13322 -4901 
3808 13607 -8715 2928 
-7558 -16913 7007 -7245 
-21278 14082 14570 28421 
-11357 505 -17795 -16305 
5036 11610 -2726 20755 
28473 14521 -6560 9232 
16687 -26592 -21026 -1276 
-25369 -10822 17642 9849 
-24581 28132 4840 -29562 
-24316 -16532 -26973 11771 
-21944 -7156 -15193 6549 
-11523 27166 -203 21534 
-24997 19545 26888 17655 
25258 19751 -10821 11721 
11088 19255 -16636 15905 
3975 -25951 -28286 24083 
6809 21442 21173 15059 
24440 25198 6147 2665 
26127 25591 -15391 12731 
-29851 17808 -170 16934 
-8508 28635 -462 -3519 
-7971 -8114 -16463 4900 
-27038 -8084 -1962 22129 
19245 17586 9600 -26246 
-16555 25151 7996 -6499 
-14930 7959 749 -5445 
-11768 27873 27323 -20923 
15219 14354 15793 14896 
-25382 -14240 27481 -29179 
17364 -8409 -23456 -18037 
16229 -15316 -22914 -27653 
23805 -1400 23431 -2480 
7386 18369 13093 28461 
-10290 27363 -14501 23130 
24305 9989 -10646 -12580 
14003 -6228 22667 5313 
-2934 19223 -9478 2965 
11690 26936 9271 27899 
-27847 10688 -12899 -17681 
7782 566 -19123 -6428 
364 17707 1748 23027 
2520 -3461 28623 6236 
26677 -5426 -22520 6656 
20080 20355 3888 15578 
-25979 3944 5486 -20706 
-16700 -17492 18880 -18754 
-28584 1436 2825 14920 
28804 15758 -13522 -9233 
24054 -17276 -6743 -29776 
21123 13801 -1835 -2781 
-19326 -25169 -7601 29608 
-4827 1157 10053 20583 
-6832 -26265 22039 -5732 
-5647 1377 -14751 12369 
22629 2295 -1101 -19573 
-1996 25151 975 -19537 
-24522 18689 -8362 -5788 
-13101 23431 -20359 8283 
-10189 27704 8049 -25389 
-7122 -20559 -9255 -2722 
15305 -1548 13170 -8874 
19281 -7390 -26857 8012 
21670 -5503 -23635 -9347 
-29987 14418 -13326 -23483 
15331 -1057 -24388 5643 
-22955 -4900 27915 -25760 
-14706 -9019 13521 -5456 
-13340 -7984 -7092 11886 
8715 2653 411 -28462 
15856 11828 2668 12451 
-14898 -10796 -3836 29445 
12902 6732 29922 -14713 
17545 -10990 20103 1421 
12688 -28258 -5723 -5728 
-25817 -2599 -21176 18762 
17360 20356 -16658 -15468 
11875 19941 -12797 10326 
-21123 -28492 17155 9953 
-29003 -25410 -2610 12574 
-8370 2769 -7608 24371 
29730 -12600 28292 2702 
-11802 -21053 2506 -26205 
13962 19431 5672 1764 
20557 -2100 28550 18361 
-27101 21275 26860 -27795 
-8334 -18680 2788 22285 
8172 4082 -28367 -18938 
21516 10701 730 1097 
27949 7498 29238 -26568 
-27298 8334 -14482 22710 
17079 -18001 -9168 -18417 
-1810 25139 -10864 -2957 
-4205 -12016 26633 11701 
18241 -11191 -19538 -18716 
-24096 29047 -7015 -26242 
4969 16202 -11134 21036 
-25768 -4796 10723 7596 
13679 22649 15373 28259 
-20608 24295 -21320 -20175 
7494 18896 29194 19149 
20504 5025 3651 -20372 
9096 -12323 -14876 6013 
5965 -10042 -21962 19692 
8854 12447 -18165 -17830 
14250 -21106 28031 7868 
-22946 14048 -16400 23371 
17489 11800 -9288 -25993 
-1487 -10297 6637 -4330 
10811 20662 16945 29640 
-6651 -5876 3772 -28444 
10468 14303 -14116 21993 
-799 108 -8669 -22620 
21960 20537 23945 6964 
-24602 -79 6283 26062 
-8160 -21503 7730 -2326 
-15166 3763 23788 -23391 
7440 26791 -13050 -22834 
14158 13148 8697 17775 
11793 26568 -21885 3348 
-15931 -17361 -6991 14051 
24962 4702 8748 -21964 
25648 5792 -11244 -1851 
-562 11888 -28804 13131 
-27408 11220 18744 -28726 
-20207 -28771 -5997 -20784 
-12369 -2938 -29622 3275 
21632 -9071 -1178 -1465 
6877 19878 -14979 -8264 
-6822 -12713 -224 17447 
-10587 -3734 5002 13754 
10134 8944 2168 9861 
24589 22091 -27099 -10228 
-6425 9464 -17322 -21821 
-19535 11546 -14018 21711 
29172 21550 -5402 1547 
23763 834 -11976 28902 
-18603 1179 -23655 25494 
-1419 3956 28778 12290 
29816 -16155 14980 11472 
587 3300 1949 -25288 
-20909 19232 -16056 1774 
1410 -22768 -6855 -27351 
1104 11241 5467 26301 
4217 20902 14829 -17107 
-28869 -24214 -21826 -25685 
-27648 24005 11294 -15476 
46 -14509 -11899 -14419 
-16778 19271 23891 -18799 
-5975 -25935 8733 3973 
21244 -27906 605 -11963 
1618 -22879 9780 15930 
-13365 28256 17883 -11523 
13686 -23427 5018 -5101 
-6275 -28931 -8769 18830 
18765 -22491 5082 -22656 
-22041 21927 1020 -3155 
1435 4936 -9387 -19249 
-29789 -25757 25236 4813 
12401 18702 4249 -8140 
3835 8571 -22985 -28291 
16618 -7931 -21016 18320 
11802 -21282 -24925 -25369 
11411 -6089 14189 -17640 
-2750 693 28931 -28247 
24604 29096 9550 -15932 
15299 22620 -28221 12670 
22645 -28446 12282 -18136 
-25754 15019 9480 1055 
-28729 -24336 5102 -7424 
-6232 11107 -10982 -15610 
924 28788 -6377 18325 
-12784 12492 721 -1468 
10297 -28775 8255 29852 
3524 2295 24531 -19801 
-29038 -29347 -4789 -8623 
-16748 18275 24213 20956 
-18583 -6754 -20060 -11992 
-19065 15955 15661 7573 
-17744 -11574 16304 21166 
-23520 1748 -26984 17710 
-20829 -1835 12036 14338 
-27716 16079 -6635 -17974 
5770 6141 -20176 9807 
-11944 -26512 1531 -6638 
-22246 16797 -16173 19104 
27304 -875 5183 -26773 
9810 2935 26129 118 
-13834 10385 -15818 29367 
6014 13638 -4926 -20221 
8628 2772 4504 6456 
-24530 -11065 -14353 -29392 
23970 -25405 -3279 -4243 
23281 3575 11223 23341 
-15452 28416 13268 16228 
-22562 28856 -25509 -26637 
-103 27827 -2816 26331 
-13166 -17045 -8459 -15831 
24511 28672 -25610 22015 
-14508 13854 -10727 -22583 
12952 8126 -8802 7414 
-12753 -13700 496 26782 
5509 -18626 -21137 16457 
18939 -2824 11603 29677 
6204 -20997 1076 5994 
-7099 2416 21667 6999 
11118 17579 -24923 -18918 
2393 21747 -10206 12086 
6517 -5351 -4947 17292 
19227 11284 16772 -9008 
-26978 19054 17511 -15477 
-29380 -25824 19070 -5693 
3515 -24320 -1193 -3249 
-20129 27615 21083 7053 
1700 20792 24913 18933 
-22375 -19477 21199 28105 
-9792 -25253 16059 -12522 
18767 27937 10337 17098 
26861 24750 -28610 8804 
-1825 26344 67 18642 
911 -19719 1262 -489 
2069 -8001 20741 6825 
7009 -7108 25551 -21328 
26143 -29283 29615 -18345 
-5405 23505 13984 -9245 
24936 -12771 28972 15634 
-19660 8262 28155 29458 
11713 -370 4253 19976 
14771 -26618 -6879 -17605 
-235 -16436 -12174 4644 
-15298 12827 -4309 -2870 
2887 -20900 28860 28013 
-13481 -23282 8068 -1104 
28801 12398 -7962 -6694 
27376 -9638 27368 27955 
-21984 11388 28785 -28653 
8971 -11941 -1140 21992 
9440 -13281 -24416 6340 
22317 21748 6156 -7826 
9295 -1565 -19844 19812 
-1649 25257 -15155 19241 
28925 -20928 10088 -29859 
19512 16428 14968 -22313 
-3078 -10384 18322 11126 
14888 10111 4641 18541 
-1999 26399 -3999 -25244 
1320 -25169 -23564 -27965 
19558 -16014 10975 23948 
-5034 -7604 -29593 -12299 
-1373 9973 -15636 -12209 
3070 -23680 17176 8050 
-22933 15845 -15023 -1351 
11400 -3053 15477 19644 
-17727 1149 -24956 -22185 
-23058 -21890 -26503 -2554 
15365 26483 -18160 -18126 
-6265 -15997 -23226 26421 
-19709 -18644 -12387 8324 
22551 -3944 7713 18183 
-6989 -23756 -8545 10783 
-14881 10191 9244 -15195 
-13937 10394 18822 -25494 
15783 -18209 22443 -28360 
-15906 2709 -4808 -17551 
-25468 13610 5401 -25249 
-14997 -3553 -25625 20284 
-9958 27268 27800 3229 
-8186 -7605 26047 -28378 
-19211 -28447 29038 -2586 
15445 -14495 -14628 -11001 
5247 -27925 26357 -29652 
-17869 11928 -1828 14928 
-269 1116 -22963 9927 
-15803 18811 28133 -27669 
-24792 21201 6157 11207 
-26963 -8378 12186 -20589 
-25766 -2247 -5454 -16710 
24564 -11313 -18909 -22035 
-24702 -12337 713 -28195 
-25445 -8876 17626 -10463 
-25796 -16690 10258 -19095 
-28190 -6029 -194 -17560 
14056 10792 29005 7634 
11260 14560 9122 -21372 
-13423 3514 26589 9959 
21110 -6209 15697 -19427 
24900 -243 5483 23260 
20322 -15789 8113 -11859 
-24676 16005 29131 8897 
5723 -4319 19592 14536 
-22251 28589 10065 -25527 
6515 -22139 6511 12183 
-28558 21671 8037 -2225 
-22397 12045 -26525 -1507 
24093 27943 18138 -21612 
-21691 -2405 26695 4323 
17036 -22236 -28928 -2976 
29467 -291 -21610 20678 
-11379 24641 -20558 15405 
5669 -4601 -1513 -11976 
5049 23643 -22895 20902 
-23239 -19182 -20428 -4105 
18032 19236 23649 -7519 
26240 -5959 14282 10559 
502 6055 26495 2474 
7985 18058 9031 15565 
10943 -16498 19204 -25284 
-9161 2931 -28786 -17207 
4272 13853 1758 -10882 
-25950 25481 -3938 10551 
-9971 -25419 14485 -2749 
-8159 -11188 -9280 -773 
-10203 5637 16178 -16034 
-7343 -29231 22137 16278 
27944 -29208 2223 -20682 
24930 5617 10487 1830 
-5106 4225 2722 -14557 
10345 6304 21087 -11676 
10660 -15293 20618 6570 
9138 -10327 -27599 12669 
28763 6655 29822 -29798 
-11105 12920 18714 17396 
16884 5320 3337 -4617 
-8416 8644 -26276 -7301 
-23925 -14183 -1383 21821 
23739 -4513 -3411 -5808 
8351 -25155 19519 -25748 
-18366 -3114 2647 1453 
16311 -2284 -16774 -7409 
10335 15737 -24042 -21000 
29765 14882 3767 -17606 
-12558 -15500 13310 -22574 
24609 10651 -10835 -65 
-946 10467 9941 28779 
-28798 8805 -26157 14553 
-2532 -26784 25331 19830 
-474 23197 -23877 -10009 
-3597 -1795 -10907 6670 
-6090 -15445 -22233 17668 
-7796 7169 6247 -14105 
8533 28053 21677 -14182 
4280 -22030 17211 -3918 
15251 -17542 3005 24750 
-25826 6074 14061 8004 
16378 -17568 15480 -16242 
26957 -2703 -19590 -21486 
12859 -2055 -24955 319 
2069 2139 -17246 -15849 
-14574 18312 -2001 -16565 
13557 -14561 9253 -12056 
8462 -20163 10032 -25609 
9938 23221 14744 -3681 
16651 -1072 23426 12249 
-3978 27573 -7876 -28 
-4576 -7263 -15654 28577 
-10817 -26396 5964 9261 
29109 -853 -17406 27107 
-16089 923 -7603 -21522 
-26684 -22969 -24709 -23896 
-4056 -17960 -20788 -22066 
-21419 -26880 27062 -21673 
-15726 3016 -1047 4376 
-3241 -11117 5552 22959 
-26978 -23427 29561 13295 
-16016 -2598 20985 13199 
-6693 -1476 -11291 8147 
-5669 -9758 2008 -3879 
4871 27528 3102 25864 
-28309 -5669 -13234 15656 
764 -13145 -1886 14111 
-8358 -1165 -13369 -1484 
-20993 -4216 -2694 24408 
-6672 -27973 -3335 -9735 
17681 -14083 -26852 15261 
8668 1829 -24398 17325 
16572 6661 -93 15281 
-12448 -5610 6286 2843 
-25157 29570 -20678 -16311 
-26927 2458 5325 19669 
802 -17252 27522 -16554 
9952 28900 -22552 29107 
-28870 14104 8320 3693 
-16433 -27980 -1850 -3503 
-20847 -7596 -27671 -28020 
16464 12379 8066 29374 
12469 1402 -15204 5558 
-13451 17543 -15141 -20531 
-11842 28520 3702 1188 
-12235 24804 24231 -1208 
27572 14400 7226 -1775 
-17216 4511 -1835 -29179 
-6888 69 -19243 -19288 
483 -19149 -27919 28892 
-13765 -5253 10749 13931 
19932 -26469 24038 14589 
17054 -11507 18393 27266 
7396 -12609 -21468 13430 
-8603 5334 -22604 15335 
-6770 5220 9325 -18622 
-1382 -21316 -5717 11789 
22132 -26594 22689 -2541 
-27610 -5235 -10094 21011 
15871 -16786 -20737 19858 
16878 7198 16253 -1242 
-26814 26737 4859 10665 
4277 -14766 988 27704 
18346 -21406 16788 23598 
-8520 -26073 -25502 5728 
-26538 -12888 16724 18962 
67 2957 23525 -13877 
-8272 -13541 -1458 1858 
19253 4081 -9440 -17071 
-19365 -19114 -2499 5308 
24409 18058 -16411 -29712 
-2696 -21868 24197 -13376 
-9991 6578 4506 -8811 
26328 -23704 11869 4298 
4702 -7533 -8823 -17110 
-11635 19284 -29923 -23606 
-9617 -28141 -17613 -26209 
-1426 -9163 19985 -17249 
-26313 -28070 406 -19690 
-8072 12905 -9022 -24723 
24984 -22565 -26137 -6242 
-11629 22216 -17469 -12193 
-2578 -5573 21272 -2789 
-17962 -14064 -27351 -5619 
-10912 -22865 7929 17610 
26874 -23807 10411 13882 
-4803 -5165 12005 -3466 
-227 -8315 16233 -11906 
20190 21273 -1304 -20728 
-10068 9099 20370 -13787 
-22260 21188 3656 10496 
26756 15430 12463 -25915 
-23575 29239 15047 17730 
-7086 -7471 24373 99 
-22194 7204 27743 24372 
12411 29398 -8302 26694 
29796 17436 28414 -22471 
-26772 -22525 -14918 -17725 
9813 25991 -26257 -27309 
15019 -18430 11481 20011 
25548 5750 -21126 -524 
-10938 2079 -29968 -18293 
-28300 9547 -1653 13238 
25377 14952 -15199 -8353 
-5494 -3291 -3375 19179 
14367 -18169 -2958 10148 
8801 -29091 -16858 -17809 
27252 25613 -28124 20926 
2268 -8384 -15822 7447 
-24809 -27053 -2791 28356 
10436 25057 15267 28393 
-27377 -1276 -14394 -23652 
26471 -8574 9596 -26056 
22982 -19205 -23837 14699 
10289 -17101 -743 14076 
-25457 -17028 -13614 -9176 
-6675 -10627 26295 -27453 
12574 19319 -15937 -27681 
23416 14095 -7619 15667 
-14163 -2170 20859 -26858 
29419 10523 17986 -5806 
20242 -26307 4399 -2521 
12841 -14131 -10696 -25691 
9137 -10224 16671 -2779 
-9210 -23465 -27203 26999 
-5611 -13300 -2 -21160 
-9555 4521 -15242 18391 
-18987 -8930 -27063 9738 
-18526 -23873 -6952 18635 
11275 17648 28992 -12256 
22520 21794 -26998 9732 
-15293 -249 -3516 27253 
-17811 -5385 704 -10038 
-12797 20919 -13083 21187 
-8667 1698 -22170 -27395 
22601 20358 -2979 -1560 
-5481 -10860 22402 12249 
-8708 -8902 -9459 47 
22893 19200 -7434 20781 
-28427 -19653 7870 -25615 
-17918 12374 -26456 18027 
-20508 -1601 774 -17653 
8067 -18486 -19935 11009 
13257 -12750 -16076 9092 
9474 1221 27745 -1852 
2667 23243 -15148 19536 
-5023 -22961 -7286 917 
10542 18484 10953 -8384 
-2470 17916 -11617 -9920 
-22622 12270 -6172 7951 
2568 15248 7571 5062 
-16706 29907 21326 16601 
27195 -2192 -23888 10149 
20779 1344 2904 -11867 
27475 -27188 -29339 -19720 
21139 14291 -1487 23575 
-1907 3000 -20845 -12173 
-20515 -27348 -19872 -26974 
-24487 19843 -21610 -22886 
6201 -3127 11198 -15855 
2833 -28510 19241 -7345 
-8173 11381 27072 15681 
6313 3493 -23874 4271 
7220 -2124 5691 -6708 
24168 -16111 -6299 -28739 
23065 -28761 -9969 -27114 
23636 7635 -16087 -25309 
-22493 21209 -15664 -6121 
8077 12411 29711 1146 
-7473 -9025 29498 17121 
-15102 -20986 -8676 9150 
13286 14530 -27286 20800 
-24693 23235 -17638 11076 
16648 5931 -12060 28265 
-17330 21483 -12534 -10663 
23835 -452 12194 24168 
-2117 -13630 -18707 6756 
-8808 17453 -19528 9830 
-14906 -6280 9027 6436 
-1341 1559 17494 16368 
26421 27859 22018 8136 
-25142 15783 9241 -27818 
-385 21749 -9985 14776 
-5978 -14654 15759 24261 
11643 9405 17137 16881 
9805 -7336 14007 -24950 
-4290 13484 27710 5710 
886 10759 -25034 11429 
-29791 10970 -24098 16377 
-19923 -2741 -22106 -666 
5113 6295 -14972 20980 
-2175 25114 -18830 28170 
10843 14472 -3408 1726 
15590 16849 7282 -11124 
19317 14212 15010 24051 
-18923 -7179 16128 1502 
12744 21052 -6038 9752 
-9868 8728 18752 19202 
-11331 10482 -11530 -20105 
-23178 632 -21378 -5162 
-11408 21067 -23429 28995 
8790 1666 -1198 -14494 
