1000
-17652 26152 -15516 -23039 
-143 -5837 -17539 -2005 
17381 -14170 -22595 -25777 
26733 -11799 -18064 27178 
26770 -3139 9177 29054 
-20404 14982 -24349 -7575 
-17415 -9483 -9883 -19914 
-16339 1528 -4055 26292 
25743 20472 20571 -6409 
4867 6246 1397 10241 
-23642 29853 -18967 23220 
12089 28227 7765 -5779 
-29084 -13472 15284 -17284 
-504 -6476 12355 4330 
-6748 -24900 12855 3420 
9630 5537 22789 -8013 
-8650 21057 28749 9952 
26634 11114 25742 -5263 
14761 -17839 -24401 -24334 
-6952 -25698 -7566 -6461 
13641 5739 -16238 28778 
-14918 14194 4916 19555 
23054 -15477 -6301 5875 
4388 29541 5377 -25686 
-20601 3621 2871 -4223 
19362 -8343 28083 14814 
-24342 -8216 11095 -24051 
4614 16490 -24349 -21343 
-23419 4403 23610 22842 
-6313 14784 -18291 -9743 
-28685 -51 -11167 10961 
-12651 14565 -7453 -180 
3326 11376 3260 -27281 
-4465 23333 13432 -14138 
3487 -8571 -18746 -24802 
5865 20378 12502 -20043 
18897 -11427 -26472 26282 
14855 22399 16240 -28889 
-23495 4960 25902 -9860 
-23962 29134 2153 9866 
26052 5036 -7739 -4680 
10861 -28984 -24296 -15979 
800 -3994 4551 6518 
18996 -4636 23907 9680 
-28054 6275 -21398 13405 
-28209 -28687 23 -18487 
14838 -4043 26452 1253 
-5362 29275 -110 -20611 
15509 -12812 1629 19479 
-14965 -5697 20687 -10582 
12386 -17071 -23208 -16632 
29799 4040 -27950 4875 
26368 -5909 -12459 26018 
11541 2800 8399 -17531 
-17567 8637 26265 -21321 
21391 8512 19460 -5785 
25925 10419 7754 -12233 
693 -1372 -114 25691 
-11846 17891 -16914 20076 
-1564 -865 1516 27746 
-26818 -4791 11227 -23427 
-27518 -11387 27628 -12515 
24035 7580 -16288 -23747 
24090 27870 -25838 6257 
29028 11068 26434 20999 
19461 -11410 -27586 -6549 
10286 -14042 25366 -19280 
-25083 -14888 18990 -17912 
-19882 4886 6775 2440 
26306 -8600 21471 -27434 
-4097 -27210 24968 29712 
-3001 5876 22378 -10397 
4047 5473 5493 1335 
10185 8710 -25613 25901 
-26308 20611 5761 -24176 
18646 13383 12255 -12492 
3538 15655 25675 -27362 
-25571 -16088 21186 -3781 
25105 -11364 28252 7898 
15165 18554 -19715 14072 
-27710 21847 20252 -6295 
-9281 -3673 14206 13992 
-26016 -186 12796 22197 
28045 1126 -10698 -26106 
-13265 24062 11999 20001 
-20478 -3002 -5534 10550 
11913 1382 9589 -24486 
5122 -29430 5984 20654 
-4247 -5903 -3534 6438 
-666 -14200 -20874 -28564 
-13013 12855 18670 8273 
16571 20391 -21202 20872 
2042 -24569 7320 29662 
13694 -5992 20774 4237 
-16875 16100 -19924 -3158 
-14913 9529 6820 11010 
-25384 852 -15661 -9820 
-5754 -5692 20626 -14863 
28403 6206 3078 -14837 
-15014 955 -28153 26410 
20348 19139 -709 -23153 
-15384 9209 666 8834 
9844 -21856 -27705 25096 
4080 -27377 -25357 3510 
-10352 -27409 4456 1997 
23463 -11047 -25973 15632 
789 -25327 -13219 -21819 
-1665 -94 -23435 19839 
-6159 17236 -18740 -4781 
-13216 -4303 6470 -25836 
28174 22489 8880 28981 
-29664 -8999 -12230 -24023 
5878 -23787 15241 6026 
208 10667 -26923 21116 
-16276 2806 -13790 16652 
22317 22581 6433 -15778 
-24957 5822 -5484 -16351 
2353 20425 -16945 4238 
26718 29336 -6896 -20995 
-6206 7921 -15574 15918 
-6190 -25697 -10837 22464 
9906 22453 20988 29059 
18466 28731 -6987 -24268 
-10258 -20693 14032 -6346 
29717 9360 2513 17171 
-15464 4224 18352 -20533 
27829 1235 12699 14820 
5746 25167 1024 -20064 
13019 -16354 21568 -29368 
-13971 11804 13177 -14705 
18462 20689 -2509 17097 
-26282 -14205 616 -21163 
-10920 29813 -28901 -4047 
2714 29852 4450 8715 
-1362 -24524 24738 1637 
-17825 -9263 1714 -24831 
5591 -16469 -25255 -12293 
11321 11621 15999 20797 
-4870 23768 -17552 5072 
18678 -392 18071 7347 
26544 16644 -21219 11285 
-11768 -28958 6499 279 
14670 13041 18960 -10127 
9485 -6236 28280 26087 
636 24256 7221 -24297 
8371 -2304 19465 7581 
-3791 558 16814 5624 
-3238 -14031 -5781 9518 
22067 16816 13539 -20694 
-7793 694 -3258 -4219 
-22606 8124 8811 16473 
-15267 -9609 8855 -27201 
22382 -15428 -20288 -5936 
-19038 1754 21083 2800 
-18830 -11144 2492 -13684 
-3252 7395 630 19794 
10468 -24791 -17433 -21578 
23455 11709 -10988 -7028 
-17523 28611 -15240 4357 
17212 -20409 -29075 -9044 
-12557 -3197 -4779 -25267 
-4736 -5372 -25864 11699 
-1090 -3115 -14283 1686 
19512 261 17004 7795 
-12225 12532 -21975 10745 
8919 -16153 -23448 -2702 
-29276 -10839 -6693 24959 
-4860 -17160 -2075 19984 
10391 -8277 28515 7847 
-24384 16057 16318 -17021 
29174 21560 -9385 9559 
309 19905 -16788 10640 
25317 -19504 -23736 22501 
11853 5678 -11898 -22734 
-5218 18647 19117 16961 
5253 15889 -28489 -25889 
2610 28880 16819 -6732 
-24395 14209 12454 9011 
9186 29065 -12494 24736 
21433 11100 -29366 -12949 
25222 -2667 26788 -8654 
27421 9434 15098 -16118 
-20202 -3372 5961 -16546 
22932 10120 6452 -130 
-13446 10719 22512 22478 
18687 17730 11783 15413 
-4731 -25720 25808 -12148 
-16177 16123 -1623 -6839 
24919 16485 12704 -18509 
-28290 4070 19307 -29349 
6582 13853 -18170 -7394 
-9938 -879 21599 -13575 
14624 27008 -15919 -3143 
-28675 22020 19313 -11471 
26910 -19111 29025 -4228 
15330 24750 7943 21931 
-14886 2922 556 18873 
24626 -3738 18286 26420 
24211 -16426 24194 10688 
15811 26692 -17064 -24594 
15375 -8458 4860 24284 
23275 -29979 17555 -9929 
-4327 -24326 9341 10906 
27183 4255 -10212 5344 
-23103 1439 -16916 14054 
-4095 -88 -13293 8826 
20443 -14931 -29977 -25108 
-7593 13583 -3482 29055 
-2426 13283 4657 -18956 
8904 22007 -26518 -1031 
23087 3954 -21454 19614 
-7529 -19414 -7814 1696 
25046 29001 5857 -15857 
-21863 22270 -13089 15561 
-10132 -20704 -18969 26837 
19825 -15079 28989 -329 
-7 17197 -8134 17716 
-29478 16005 13712 -12522 
26793 18083 -7562 25285 
9657 -22502 7634 3108 
3696 -20069 8951 -13589 
20596 -16935 -3934 3119 
-15630 -22585 12116 -29557 
4547 -2204 29219 -9283 
9845 3410 15613 -28622 
-16411 7374 14147 -19646 
26547 -14300 -7360 348 
-4360 3295 -24057 -9197 
-9530 -6607 15269 -4057 
-10460 28232 9587 25494 
6792 16910 -7866 -24448 
11302 13484 7306 -14287 
11169 22638 -4915 -7229 
-28622 29013 10333 -5146 
-10955 7693 8047 -14738 
29927 -19069 18967 27083 
-10526 28077 -21385 21567 
-9121 -17813 -1309 24180 
20971 -7518 12165 -10193 
7129 -4944 3886 -11210 
20708 13092 21363 -6595 
12524 1323 -22280 -19267 
6118 -20850 -4321 25884 
-12149 14597 -21750 -11386 
12165 -11443 -1371 -17927 
-11744 -14827 17858 -8172 
13020 5746 -8461 22973 
-26570 -110 7092 3422 
-2690 10485 -27779 27275 
-12035 -2204 -17496 29753 
15642 23859 -28377 -28718 
4319 2157 9289 14224 
-27423 -11167 -26798 -12442 
-20997 25926 15494 -23963 
5293 -433 17702 16470 
-21666 7 -12561 -1791 
18844 -28030 24486 -17327 
-18571 -27058 993 11848 
20628 24307 -29914 25673 
7227 -1523 -25971 -5217 
16780 -29212 -26740 -1920 
-17045 5259 -17978 -5548 
27644 17916 -8334 -11865 
-11958 -13161 23426 -24687 
18398 -26441 -19305 22307 
1047 18783 -15279 -8297 
-9681 -7284 26128 26679 
29163 9970 3679 21483 
-8213 -15041 27768 20667 
-17553 -4477 26569 -14421 
-27425 2033 -16305 -7840 
-24487 -25596 -20323 7979 
-18081 3929 -27559 5273 
25880 17782 20365 9343 
8905 25376 -11717 -19169 
-25920 -2275 1798 -17642 
-7203 -15617 -3954 -20490 
-17689 -22731 20028 -29576 
-19491 -24122 25062 -10578 
3794 -839 -21386 15035 
-12121 -26209 -12071 26779 
16985 -11953 13761 12730 
-21902 -18672 -18879 -28074 
20787 20712 -27214 -15814 
26726 25403 26872 20695 
20118 6670 14612 7507 
26196 -13021 -25552 3758 
-21919 29914 -22250 -26726 
-2247 16492 3163 -4884 
25779 -26697 475 23703 
29776 -24759 27310 -25825 
14556 -25057 4310 15616 
-27262 -16362 -25593 18089 
-5006 -445 -4084 2209 
-17391 -25068 16223 8564 
8405 -1348 -26050 1420 
-27688 -25492 8656 -15144 
21178 -4916 23018 25006 
21132 -28725 -24208 -22355 
15518 -12586 14972 -24168 
6788 -27957 26689 16979 
20019 -25707 -19701 -15174 
-432 4101 -3022 23676 
20292 -21165 -13421 24986 
-15171 -21422 13873 20615 
-9597 17008 11400 6883 
22071 23159 4270 5095 
-9464 -18073 -28584 -26090 
-785 17150 4233 -29170 
323 -21605 10224 25399 
-20171 -21457 -29397 -25276 
2120 -22890 2496 10794 
-18925 -9994 11636 -21854 
-4952 -20875 -23130 27079 
-6199 -8147 29693 28977 
19686 23793 22032 13501 
22229 -8404 29797 13971 
8584 -24791 -21913 -19376 
-8963 -5975 -26293 27047 
25932 -7550 -18912 29712 
10679 -4422 2269 26918 
-28660 11917 3218 836 
-14617 -21279 20175 -6432 
-16973 19524 9699 16019 
1600 -3683 2453 -28188 
-24968 19414 -18528 -21100 
26660 13992 -22159 -20169 
21267 -13670 5802 -10110 
-29662 25417 -23592 21364 
-19637 23035 -24174 900 
5931 17642 22912 7391 
-9617 2539 13472 -10764 
26876 12449 8773 16126 
-7142 -27126 1328 2065 
-20616 19347 22942 3324 
-15168 -27275 -3802 -7857 
-2601 -11194 928 -28247 
-14299 -4628 16007 -17515 
6243 19823 2603 19288 
-13409 7614 2733 -12355 
-13536 -21665 22831 19594 
-10270 -17076 9073 1265 
5685 3377 12090 -12694 
12174 11890 -1047 26322 
-13726 27465 17100 18125 
26561 4597 -6228 -18424 
19157 27911 21444 7052 
21640 -17025 -14369 -12911 
4558 25794 -26197 -27896 
7020 -25914 28022 -5194 
4219 -14920 -10549 -1961 
-24328 28540 23170 -16374 
4765 27443 -12429 29055 
-17840 18343 29847 -8872 
-25776 -19493 -29132 -3116 
5102 20547 2764 -12052 
-20421 -26799 -7945 -7841 
-7557 7792 21937 7847 
-16074 -20314 -16766 -22306 
-11170 25752 -13308 26382 
-14946 1841 -24738 -16592 
-17051 -18765 -9372 -1603 
14704 9658 -12866 -17412 
2084 15456 -19803 -16896 
29102 -4142 24646 -23735 
29547 14360 22075 -10717 
-18602 23396 6690 12410 
-29741 -19551 -12094 22216 
-998 -8871 -9350 -3794 
612 16265 -24814 -16861 
-12045 -20993 -27342 -7371 
-28379 -6526 4870 -12062 
-6082 -4788 20373 27384 
8156 14767 -7198 -22799 
26656 -5506 23767 -8456 
24582 -3461 -7663 7245 
17149 -24247 -19085 21217 
12437 -28743 13682 -22390 
-21402 -23586 -14757 27924 
-17276 6033 -24850 19670 
24338 -23198 -6698 -8095 
-6051 15665 23564 587 
2591 -15480 28944 24126 
-7734 8509 25651 22337 
5129 -1182 -24268 -16918 
-13942 21599 10987 -23435 
-23878 -25026 14808 -21504 
-29568 3753 4129 -9339 
14348 1335 -2694 -22675 
-3397 -1204 -4935 -28075 
6259 -19657 20670 -20599 
28738 -13220 -9191 -25862 
4165 -20387 -2720 6453 
-4045 27733 -29237 -2739 
8077 10399 -14694 28042 
13545 26961 24590 -18188 
-4092 8663 4932 15430 
-17860 -23033 12568 16757 
-15015 -21874 -4890 -26559 
-24635 3619 28920 -13689 
-986 -20078 29763 -12879 
19160 -27546 -28444 -10547 
102 2294 -9111 4970 
14998 -20432 -25619 -835 
-29047 -2143 -17486 28167 
-14607 -20305 25225 5627 
13711 3469 25053 18188 
-29967 3231 -12970 19188 
-19820 -5965 -8219 -6754 
-13204 8938 6116 -14603 
3558 -799 -256 -7219 
-27218 -26441 -14100 -9402 
-12193 6240 -21926 20193 
26302 -29668 -29165 -11179 
-24702 13281 12105 9165 
26773 -13082 16978 -23226 
2397 21262 28412 -26132 
-7593 -27310 27263 -20151 
29547 -13502 27827 7221 
20997 4765 -4418 -13505 
4007 22916 7326 18314 
3113 -5274 18147 -27408 
17840 17646 24494 20674 
-4596 -11698 -14078 14174 
-17944 -26683 8162 -26572 
1243 -25562 -14395 9935 
-6673 -25490 19022 -14908 
4624 -12679 -18459 -20265 
2469 1634 257 26837 
-22706 -28772 -23432 -25808 
480 20404 8168 -21396 
-20476 -15103 14905 17901 
-23190 -20439 22793 -1130 
-570 -14094 17522 -4199 
21040 -29352 -28536 17710 
-23892 -24957 25606 -14301 
-13056 19357 4793 -27568 
20246 -9313 23779 -15373 
17475 2892 6573 -17513 
-18955 -16823 -7593 7775 
12363 8244 -5126 -10362 
-19489 10808 -4154 -688 
-16251 -25175 -28568 10561 
-12091 23876 2744 -17731 
18748 -10547 2504 -9814 
-28399 -13548 5447 -12596 
-1177 13947 -10656 -22706 
12072 17884 -17778 -24667 
17193 3310 -15484 -2324 
19417 11102 9300 4645 
3409 -20547 -28815 -25891 
12 -29210 24258 -175 
10023 -7168 -12464 383 
27331 -25627 -22198 -11473 
11442 19908 18865 28156 
19370 -26810 -18593 -26944 
16907 26351 -1689 -22575 
-29271 -17878 15471 28814 
1118 556 -16473 -13633 
-25947 -8235 -22034 -28753 
-14859 -18683 1245 -3579 
4709 -7200 -15290 -13497 
25622 -24613 -7148 2546 
7889 -29628 -20675 10476 
-28235 -15580 9064 -4169 
25465 11536 12675 3441 
5483 17791 -16242 21217 
-15686 25727 25455 -28083 
8735 -2053 2919 -1211 
-15699 17418 -23484 -27662 
28571 -9399 -18951 12057 
12170 19863 12157 8633 
-15404 -6708 430 7665 
-21916 -9976 28422 16268 
20105 12338 -316 -13575 
-22520 -3961 11407 20284 
4629 -11743 -29059 12585 
-2965 -2931 -3038 -10463 
-12643 23104 -15222 -10371 
14255 -28539 -18674 2283 
10143 12950 6110 11118 
-10040 -8599 7724 -12541 
26089 21786 8395 -23140 
-17240 -22711 -24274 -4975 
23021 19715 -8735 4507 
-6675 7889 7714 15893 
-7690 -2067 24407 -18670 
3684 -4183 13362 9796 
21681 -25018 -3927 -85 
18753 10305 23088 5003 
12038 -1223 27675 -29842 
8138 -19255 25941 19276 
1887 5432 28522 -11284 
14495 23944 -8770 15447 
21067 -10124 22456 5634 
-7499 22820 -6854 27040 
6746 11125 -9202 -27624 
24470 -25495 4526 13898 
4056 3236 22853 -21114 
-11004 -28366 -15792 -17806 
-6708 -15857 2491 14722 
-21590 -20244 14966 18120 
7626 28615 22813 -7446 
-239 -17975 17286 -27386 
-19567 6984 14757 -4289 
11109 12069 -9546 6971 
-5746 27914 26127 -21887 
19130 2321 -713 22684 
-20461 -15453 -2214 -4129 
627 -3441 12562 10404 
-19723 16377 16427 7787 
23947 -20674 10293 21701 
-1872 25807 -20916 -28139 
85 25427 13158 -19465 
28211 -22844 -17193 4592 
3306 20895 -25089 3529 
-3625 -6183 16764 6311 
-21771 -17685 -25319 -16294 
-27209 -29747 -1746 -27839 
-8164 9441 19009 28355 
-22890 -28309 5500 24729 
20314 8470 27873 4125 
56 3114 -13250 9162 
1823 21363 20804 -27460 
-14179 -27509 -12712 25574 
12689 24627 24495 7285 
-7438 12564 14716 -6284 
-9930 -303 -24068 13218 
-9349 12700 -13831 17117 
18212 1597 13700 11195 
-7384 -21312 8995 -23027 
-473 -8500 17242 19097 
27600 6394 -24132 -13725 
-28546 23416 18850 22371 
-5265 -6166 -8784 9303 
3786 16785 13607 9658 
15478 -14695 8732 -5859 
-7695 22711 28149 -8420 
-23798 17527 -6624 11120 
-22546 24583 -21289 -558 
-26869 27302 2595 20072 
12008 -20703 -24644 18045 
-13042 -29390 4898 20578 
-1774 29912 -13259 -28545 
13005 -17507 -20526 29011 
10179 -7210 -16229 1042 
-401 29345 -15835 5873 
8833 -29386 17329 1463 
-2462 -2195 -27174 -11420 
3243 -640 5638 -18301 
623 -18574 1506 -1291 
23434 18210 -26159 -28247 
11159 11847 27033 12131 
24580 -17995 20450 -1807 
-15799 11855 23825 17216 
-27627 20184 -27248 -28930 
-12358 537 -4441 -22076 
-19915 -14875 23090 -24635 
5362 -7557 -4553 10123 
-5807 27703 -2942 -4635 
-26668 25930 -13577 -8275 
-27314 5468 -823 -958 
-6092 17645 25292 -2581 
4716 1754 -20430 7579 
2037 9289 -28468 3846 
27190 -2559 -25761 -16040 
-12112 7676 27489 23255 
-13436 21918 -21743 21076 
-23761 5468 2980 -17999 
-2297 17527 14857 26240 
-4887 16802 -22433 16901 
-23393 16370 -3759 19530 
-14476 22915 -20827 6038 
27735 -343 29909 -9010 
-13226 7769 -1259 24370 
-28359 -1879 -18196 28440 
-4166 23673 25564 19361 
946 19573 -7561 -22897 
-23285 -16915 -24945 -2607 
24448 23808 -21620 4400 
10155 13378 592 25459 
1716 -22377 29296 27539 
8559 4173 14312 -4649 
10119 -6113 25437 15097 
-7112 11260 29152 27917 
22175 -14508 21445 -3672 
-19890 3071 20025 29630 
-16173 -21344 -5899 29310 
17051 -20141 -24333 6414 
26798 312 -25181 13122 
-5463 728 12594 -22774 
15757 -20644 24100 -6915 
19328 26440 29065 6723 
12402 12731 16520 -18811 
-20806 -27858 2370 25402 
14359 -13752 -15980 -18878 
10643 166 6123 20710 
8148 -23298 26323 4753 
-18792 8770 -9552 24926 
19813 -8998 -2320 -7263 
-5041 -14926 18126 -16336 
15542 -2142 -20294 6057 
29637 -1365 -4179 -14854 
12296 -13308 -28747 25224 
-3910 7917 17535 27654 
-8432 -7985 -18982 18925 
10900 -17138 26135 -24787 
-4329 2200 -15731 27011 
-25981 19932 -26657 -4813 
23011 -8143 -7779 654 
-27485 21179 5148 419 
-10776 -9788 28586 -17967 
17330 -15356 17641 -24053 
-7815 28524 26919 -19633 
11640 22169 -789 13539 
18845 8776 7469 24528 
1376 -2170 2481 17710 
-3725 -3632 21482 15346 
-2955 -12387 22474 22028 
18089 466 7381 -4225 
18881 1947 3013 14213 
-23965 -16565 21392 -8371 
28366 -27702 29461 -19863 
-403 14751 18168 -25683 
-7954 19854 -20919 -18084 
24101 -29012 -21415 -10379 
-12150 27578 20854 7113 
20027 20119 -24517 28619 
-14043 -14652 7724 9941 
-22045 1258 11162 -24134 
-15931 -15074 5599 -19941 
13543 13651 -5963 3845 
-9944 18695 14795 6493 
8054 -12182 -5087 13495 
-28674 6840 2487 10605 
9880 -21022 -26880 -23267 
-15794 17933 13344 -543 
4724 -19254 -12488 -23414 
-26688 -3123 -10151 27455 
10308 -6500 26488 29884 
9075 -11908 14429 -20991 
-6999 -8542 -7507 29939 
-3629 17761 -7069 4935 
18440 22949 28852 17788 
-14612 -13755 8948 -12827 
-12166 24704 -19131 208 
492 18187 -11562 3585 
-10236 1825 -22879 -2167 
-14574 20204 -27645 -17137 
19855 20993 11187 12455 
-15620 -15428 21797 -37 
23998 -23177 -22320 -19302 
-8475 -11579 -21107 -21098 
2038 9257 -2349 -16007 
4696 4104 15781 7015 
-10371 15650 -5770 -6565 
13171 11798 9765 17986 
-23035 -29936 -6134 -11287 
-749 -22430 11369 13340 
12344 -26481 6668 -12427 
2863 28370 23894 -7164 
29506 -2064 -903 19808 
24153 2212 -6255 13925 
15252 11501 23296 -16447 
-29094 22400 13611 24095 
-457 23270 19859 -24179 
22622 -8853 -7982 -9777 
-6770 15136 -18781 19283 
10753 -28588 -28879 20331 
7236 -9776 -1052 -28103 
-21216 -1349 -3932 7997 
6920 20404 -11092 12682 
4072 5226 9505 13521 
-3536 -26397 27373 -26376 
-2340 -12287 -21333 -21780 
8067 -8918 13043 -9488 
-22625 -14199 -25137 -27406 
-5394 -16542 26557 -4888 
-25740 -27852 7257 10413 
4918 20884 -2292 -13639 
-7333 10987 -5270 -1821 
1189 12216 -11183 -622 
-18508 -17819 8619 -29280 
24525 5101 -11340 -20163 
-6457 24664 9240 2695 
-11645 -14014 18676 -11656 
15078 25559 -22179 -19855 
-6285 -28965 -7532 -15186 
25605 7896 -16227 12051 
29830 21128 21301 -27160 
7229 18037 -24539 -19708 
-11936 -8463 13056 5926 
-27727 16945 15258 -18006 
-21156 1342 -16170 -27401 
4083 -5810 2145 -12503 
-15563 8175 14945 -20694 
-23117 1667 5200 -14768 
13377 11033 -25237 -13736 
2106 -13029 11288 17997 
-23591 -1276 -25076 18896 
-9413 -15508 -24765 -2643 
-6593 -15175 5299 -8617 
15109 -17440 28102 2041 
-14793 19537 -20168 -11032 
1598 5511 -2510 -18029 
-3246 7332 27999 25592 
14244 -10382 8565 -26578 
-281 -3318 -1785 28693 
-1996 22313 26834 13416 
-8122 -9665 -9822 -9299 
18009 -26788 -8498 -9648 
-23515 11577 -26334 -4567 
-276 10143 -15980 7389 
-28352 12925 -12097 15473 
2245 -25185 3566 -25383 
10296 -11864 25067 12435 
3452 -16824 -18035 -24629 
-13409 -6461 -999 -941 
-20137 7693 -9279 4008 
-8771 -322 14078 -27171 
5879 13774 931 5906 
-5111 -8213 -27543 -3624 
-22214 -20026 -20990 -1843 
9429 1689 4307 -14742 
19260 -16004 2443 -18089 
-17620 -4715 17589 -22537 
6347 1491 13894 21301 
-5102 -9295 1536 22211 
12637 -22119 -10187 14137 
7440 11095 -11844 -17788 
17753 -24992 3032 -10889 
-20969 15067 6390 27733 
2399 -14316 -21627 13104 
-23420 -11076 -15854 580 
28991 27022 13288 -15209 
-24549 -9523 -14341 557 
-22278 -18388 14069 -10138 
26754 16973 11 3210 
-29966 17671 19391 24955 
15707 -11776 15701 -21027 
3348 13722 4662 6480 
-10977 9695 -19551 -19066 
-27924 -20622 -5910 6914 
26652 9531 -25629 10579 
14029 -23297 -20400 -9465 
-1970 -28746 4554 -2633 
-17457 -13151 -27263 23970 
-1936 19090 24125 1743 
-20084 23686 -8120 2523 
27956 -22223 -29942 19488 
10499 -16129 27707 -25098 
-8454 -25345 -16034 -18144 
-4620 5057 -14502 5176 
29503 26816 15482 6303 
-6329 4020 21346 -25368 
25445 -11784 1046 -14500 
-28087 -1171 -6072 13040 
9522 -17809 -25785 10841 
21569 24882 -2126 15942 
-4494 20489 -3692 26623 
18280 29381 19197 27827 
-3269 29082 -306 -11962 
-185 -20367 -3837 -24079 
19527 2134 13348 21418 
-10335 638 -10090 -27339 
18343 3105 23342 -9618 
-23488 -5719 -10114 -23128 
-26814 25989 -14236 16884 
26736 -19483 4807 25474 
-4685 -944 -24034 24856 
-10130 -9778 -14434 -22535 
14971 9916 15418 22115 
-17307 24052 -9248 12224 
4583 -22260 16370 9814 
-16110 -14977 -20119 -7837 
-4955 20371 20802 7297 
9217 -26075 -9156 13675 
2667 -5304 9178 27727 
24767 17342 10334 -668 
20069 2404 -29139 -23711 
-16980 20875 -117 -2004 
-15910 6925 -6131 12923 
-6787 26494 -8087 28752 
-25958 -19659 -4024 23731 
12452 -17370 -17564 15485 
3630 -22562 -5746 -10822 
-10199 5647 -16233 -5909 
-20612 14374 -23897 -10825 
14834 8070 -16770 8484 
17488 -16250 1383 -27939 
-10374 21608 -17467 2053 
4364 -17380 12038 9555 
670 -29080 22855 1462 
-21490 -10617 11248 1883 
-30 4780 -4330 3190 
-9891 28102 -6575 -5576 
-23847 10099 10779 20972 
-11985 26886 -18387 -11356 
19225 -19157 -9205 1422 
12214 -14558 -10478 -5637 
-5598 -14420 -25350 -9662 
17665 -24871 694 6154 
5363 22329 -14321 -24943 
-18697 3362 -21560 -7583 
4498 28927 1216 6274 
9566 22983 20903 17168 
3191 -15479 -11749 18042 
-9048 19720 -2478 348 
6465 24101 2872 -25642 
-21068 -8224 -16594 6381 
14801 13383 -3404 -21100 
-25321 27431 -735 -23965 
14764 14015 14654 28696 
-27897 26191 10190 16870 
29628 -14412 -1045 -20593 
-21909 18890 -28674 19557 
-20001 26337 -743 12458 
8118 1075 18958 -22806 
-24450 -529 -26276 9091 
-15553 -15083 -3486 9341 
125 12327 25164 -10046 
2144 5661 25008 19455 
23388 -27293 -20542 -15257 
25337 -5593 17201 6631 
10432 26840 11785 668 
-22729 -21327 -5294 -23175 
7910 13855 25134 -13849 
-12686 -8595 6696 15832 
3560 -18325 14319 -29629 
-24973 28044 21616 -11418 
-6826 12961 1186 -15717 
1372 -10856 -23692 -2442 
9489 -8824 6321 -28327 
-26317 4378 -10615 -12730 
6288 949 -9676 7805 
-17510 -27741 24752 -13054 
-15545 3972 -1191 -24253 
16550 -17489 23775 -16752 
9794 -27753 1425 13153 
29557 13204 21283 -25357 
-26399 -23000 -22173 -20993 
17800 -13130 17427 4218 
8185 -6899 -27098 892 
8316 -9797 19537 -8129 
4061 8732 -12353 28224 
24541 -25647 -2745 6953 
-9646 15507 27205 -6247 
-16932 28662 -20609 11246 
-17890 -7583 14663 -1721 
-3592 27982 15743 17880 
9705 24292 12099 10539 
-895 -19537 20437 -15675 
4586 19566 -21877 23350 
-14112 21669 -27284 -21014 
21236 17562 -1975 -1181 
-28038 20755 -9804 -23478 
8192 -28286 6613 1070 
-27609 -6836 3071 21463 
14453 -23218 26875 1680 
18538 9239 -4336 -27810 
-97 -939 -11335 28935 
-17930 -12204 23653 -15429 
6916 -22755 6682 -11637 
14915 -20509 14503 12922 
-29033 -8320 -28347 27094 
21268 5091 -14421 -20209 
-3530 11263 21124 6746 
2035 -28676 15619 -14155 
11075 14813 29799 11788 
-16160 -11404 15612 -14193 
-26542 27424 -9772 -28796 
-27106 -6449 7841 -27947 
29642 -28398 -27685 5352 
-13485 25648 2303 26864 
25542 3515 12042 5668 
19680 15125 16171 11829 
-5496 -10650 -13841 -6214 
-26468 -10918 4420 -18799 
27466 -5406 17193 21339 
-1651 -24600 453 4423 
26746 26735 19950 -18899 
-10676 -18907 16727 -1670 
-16591 22562 24328 -15878 
-27261 -3361 5376 5450 
-18841 -5414 -27535 24021 
-14020 -9898 -28837 8242 
-24541 28041 12393 -25449 
-3091 -8489 -10473 -5719 
14575 -9042 27965 8292 
-26756 2769 25203 2373 
-10281 -8493 -178 -2309 
18070 5659 20120 17137 
-4086 23568 -22451 24515 
11483 -14992 -15123 29015 
-10122 24165 16318 -24807 
-13467 19140 -3536 -12703 
24856 -18533 -22051 11588 
-23142 2634 2739 -4216 
-17716 28895 -9290 -27390 
22898 -11794 14787 -16511 
11711 7074 17663 4502 
29022 10353 17037 15114 
14061 -20116 -27416 -10595 
22321 5078 -12778 13746 
-6820 15920 -10032 14344 
-28750 -21402 21847 -19944 
-27499 8856 8861 -11054 
20037 19042 11261 -10689 
9694 -25395 -9743 -28290 
24303 -17629 5840 -28032 
13713 19733 -21634 -11494 
-26692 12330 18832 -4715 
-7193 -29416 7228 9615 
19996 9474 -12535 9800 
-5733 963 23588 -734 
25276 2179 8928 14291 
3515 5494 2762 -17685 
-22492 -5972 20291 -16763 
23930 4354 -12419 -3686 
-1123 4420 9833 18980 
20204 4735 6464 27960 
-10795 14751 -2314 1529 
16022 -5306 25668 -21359 
-1908 -3479 14673 -19437 
6150 -1835 -8294 21993 
-26256 12032 16650 -27801 
7067 -22815 20719 853 
-17654 12375 -11417 7411 
17583 15088 -8060 17434 
-22565 -2632 26193 375 
9469 29471 24799 -15362 
10723 -12719 -12879 -25745 
8079 -16380 15410 8022 
-15760 19960 18677 25141 
-22976 11456 -14981 24176 
5826 14718 26717 -18376 
8557 -21190 19839 -23594 
-24220 -6018 -6682 19082 
-4679 28546 8178 22675 
-12 -27173 -25433 10335 
-7281 -28591 -20683 10078 
-8670 -21405 -27631 10277 
19012 4113 -1151 -12337 
22680 -27476 6370 -17745 
-9856 21252 27123 -9496 
22177 5310 23791 17895 
27754 25120 503 730 
15567 -21616 -21718 -17825 
9233 25432 -28185 9967 
-152 15518 -22273 -22202 
-10028 12126 -22679 1517 
-12757 14175 -28509 -8887 
15707 -20988 -22735 -5698 
-352 18407 -15030 24557 
22298 19281 3970 4457 
-20678 -8326 -8619 10335 
-26915 1366 19488 26996 
22873 -8950 18861 -17412 
-18376 -24331 -10510 5399 
18099 -5838 28769 2670 
-27839 3611 6997 -20256 
10160 10711 -15408 14312 
29415 -18615 28277 -6288 
-16136 -7075 522 -17484 
-20804 18356 13664 27972 
26999 15850 -11156 19899 
13912 7067 23092 -15164 
28246 -10993 -10285 -17464 
-25480 19833 -17731 8727 
20519 -15121 -7435 -29905 
-7708 -8212 -620 -16156 
10232 15141 19311 -16391 
-18880 25864 7286 17201 
-195 -27870 418 -1159 
-3988 24171 6372 -29493 
10239 15664 13692 -19139 
25360 -7867 10260 -24167 
7843 12038 -11121 1580 
-13281 10659 -5699 -21492 
18757 -7298 -4370 21675 
26621 -10853 4427 -6491 
27627 14160 -25406 -185 
3458 26982 -3797 24568 
-28620 13376 -27125 -11063 
21706 -3427 7405 7133 
-16050 19363 -23976 -17081 
19737 -26044 -15708 -17227 
5003 25823 22585 -25456 
-27005 -27787 16657 15147 
-21961 -11370 -12380 3471 
4676 4338 6316 -14070 
-5428 5156 -16218 -4105 
-16248 19725 -9489 -25681 
6554 -2495 21009 21652 
8179 -1954 -10347 5793 
29760 489 28340 27352 
10511 18628 -3050 9977 
-23364 3650 -15100 5013 
7494 -12575 12374 19183 
20207 -29528 -14107 -16635 
