161
302 463 4266
392 462 2006
322 87 7092
170 376 1445
973 147 1956
238 478 3958
509 190 2092
479 403 2912
725 186 3056
105 160 5752
231 209 67
987 92 5126
293 225 5496
821 358 2870
799 464 392
208 413 6584
857 165 6598
39 306 1797
137 95 2510
849 226 4490
968 382 6463
242 420 7137
404 273 2778
46 391 9613
542 118 7216
679 417 2379
441 461 6632
261 45 6428
493 472 2666
507 445 704
236 245 6856
226 498 6195
833 62 5380
643 1 4755
868 354 1235
587 365 3143
329 59 735
99 49 6761
640 128 5379
121 151 6394
28 416 9957
815 383 2936
332 331 8990
689 154 2802
235 220 6685
253 395 8546
802 291 6354
290 140 8355
781 262 4095
276 43 2555
370 34 4353
882 420 8298
644 2 2108
56 425 3267
701 132 3758
840 31 8634
262 257 6722
62 3 8850
133 179 2099
204 384 4152
114 51 5988
354 139 9160
646 388 8889
102 356 655
389 207 9677
729 236 7780
948 443 6480
994 425 1525
837 374 2145
473 391 5657
354 363 2337
616 72 1293
115 294 463
726 108 265
432 267 1010
784 312 1368
213 281 2299
750 225 6691
606 43 6583
428 314 5580
788 458 628
585 352 9547
177 55 8879
508 223 5690
483 463 4763
884 235 7121
459 139 9219
704 418 9537
561 437 9767
927 73 1676
992 288 3984
13 31 6952
426 240 8758
90 467 2284
20 16 6799
652 235 1131
871 467 5151
272 284 9129
710 40 2590
896 382 5586
119 460 4357
68 341 666
786 44 9311
760 221 9359
986 132 6981
668 472 7544
559 399 5619
643 54 5641
760 54 8047
791 110 9710
540 349 5273
345 304 1453
601 371 9269
130 200 5585
91 299 1553
83 91 8552
554 246 3925
100 349 4736
821 464 7456
410 47 8211
508 145 6338
892 235 7929
679 253 9977
159 225 5034
657 424 512
107 476 994
943 401 9234
824 72 7458
323 261 4953
473 207 1381
569 493 5733
4 73 5103
188 164 3196
423 307 8840
586 114 1551
804 285 5623
281 343 2078
549 305 4111
506 25 3709
338 122 6217
300 410 2294
185 131 2037
945 377 528
716 364 7450
82 471 8247
649 499 8016
909 74 4246
170 488 9550
316 310 6749
905 333 9178
446 68 5675
186 48 3829
814 471 6577
654 293 4213
620 451 9177
815 464 4386
927 211 3445
129 33 8242
14 358 8748
521 186 7752
928 358 7391
