101
16 46 2253
229 164 3163
369 376 3269
852 67 8966
953 143 6227
717 35 5638
317 133 8578
815 479 3886
931 497 3846
344 366 7251
449 426 8970
32 189 3224
561 442 1789
311 442 7235
950 263 2571
391 105 9227
898 63 6128
648 437 5825
620 474 7574
975 25 2852
368 427 5714
211 203 1375
492 414 9088
294 246 8615
762 463 1424
626 395 1124
282 235 1296
187 344 4740
868 457 5814
425 99 2003
854 212 5733
759 64 6241
574 213 202
899 248 404
162 259 8936
31 460 1094
524 92 8717
434 246 2308
382 405 5263
157 475 2172
636 233 1333
346 321 7677
172 100 3165
370 342 79
93 410 439
474 305 5528
261 363 5681
47 267 4553
599 103 7961
52 94 8575
848 403 8441
520 499 4590
8 460 2571
631 222 8872
473 482 966
538 10 9940
634 483 9015
53 88 8337
345 381 9537
516 150 9144
828 385 4097
752 494 576
323 2 2416
959 233 1756
658 177 6335
903 278 2921
987 214 705
700 174 4906
746 194 8838
163 476 71
530 224 619
851 394 6876
626 367 7424
50 29 3248
393 339 5460
603 343 2826
161 196 8514
201 211 1290
875 136 8058
259 127 333
883 493 3830
30 73 2559
152 164 6991
157 331 4911
312 83 1436
565 296 9094
414 448 2325
350 270 8147
585 294 5146
461 16 6905
75 168 9195
212 13 3624
980 174 6828
468 273 8816
256 26 9974
333 173 8286
168 6 8645
863 371 8762
996 426 8338
364 36 9397
243 318 4760
