89
827 78 1946
107 226 2859
988 337 6874
247 495 9607
796 409 913
58 130 1956
889 452 2901
710 143 9695
673 156 8144
513 266 5252
328 392 7765
856 8 7794
274 454 9090
391 40 6753
258 42 2480
747 259 4462
994 206 8190
220 162 9068
96 341 3663
264 161 4849
966 264 5055
287 183 3068
358 419 9947
882 415 3260
655 194 9291
117 342 7860
468 127 8694
582 354 3123
151 297 378
470 218 1873
107 457 636
739 57 9381
685 160 1489
319 333 8326
759 438 2613
49 87 2850
112 174 8689
507 444 856
342 237 1068
845 172 8577
409 31 9389
38 436 7604
60 322 1446
352 262 2711
418 388 6478
207 294 4517
870 165 1156
736 52 4943
383 473 7033
15 305 1173
201 70 6261
10 147 6025
19 45 7019
584 245 4889
827 380 4535
124 205 2416
148 269 5879
512 429 1397
13 386 63
826 492 2569
157 133 7423
383 134 2889
353 437 7022
121 426 1908
796 234 5921
872 29 6678
910 337 2814
392 305 6014
85 321 8812
167 373 289
578 270 3198
535 29 4057
342 150 9924
636 352 1243
781 86 4577
663 283 6999
599 299 9622
968 79 2314
921 444 1110
221 226 7608
919 249 786
223 375 5556
197 401 6783
590 399 1813
386 136 2025
500 102 863
701 179 5112
497 169 3416
776 210 2031
