126
425 38 8283
682 388 4995
973 105 8005
158 174 4056
685 443 3067
575 273 8789
581 10 8108
518 80 8341
346 3 1340
528 422 2189
606 36 1889
429 25 1263
768 428 7281
495 495 1929
985 69 4972
529 295 2569
756 178 4462
253 43 5744
267 310 3052
651 60 715
487 194 9234
408 290 9487
236 492 8736
56 494 7718
501 280 9973
338 269 7898
357 141 3708
330 46 9303
336 97 6736
324 439 5408
244 406 7002
331 338 7981
632 326 8342
406 110 5909
602 77 2656
829 298 9231
780 201 6417
721 58 2881
356 59 2528
727 244 3424
449 235 8437
336 388 3788
914 176 2569
10 284 8665
573 80 4291
837 307 5144
757 320 3317
803 0 2192
606 89 3405
211 86 7166
831 79 7903
188 14 500
151 285 1950
758 133 9406
427 87 3348
666 175 840
271 46 2174
70 224 1283
506 2 3433
402 207 9254
71 459 8379
331 33 3903
674 98 3919
648 299 2793
364 411 6584
464 276 2098
263 122 3409
990 242 6090
525 111 7397
880 362 8066
215 155 5619
288 330 4925
837 365 4137
845 108 530
721 379 1348
484 390 1958
914 49 725
744 163 5828
831 246 929
632 403 2268
39 349 6383
744 452 9821
471 180 437
818 327 8868
478 466 6675
622 31 2050
580 80 7442
846 353 844
121 103 2914
782 413 6023
322 3 4575
840 426 9280
996 182 4469
726 12 2065
568 24 1712
139 32 8620
522 360 1003
480 5 1611
107 424 27
146 334 3627
545 43 4179
760 25 4364
291 448 3726
999 395 4593
509 205 851
884 216 2223
55 30 7714
222 329 5958
325 481 2293
696 323 6386
535 476 2002
740 372 5993
777 77 6469
11 107 6524
717 254 6119
897 455 7706
538 220 2907
372 483 3453
836 142 9312
369 23 3621
118 438 2180
95 445 9191
465 110 4826
115 442 9589
341 148 4543
904 422 815
