97
9 7 8607
890 58 3203
988 325 1479
492 236 8602
261 82 3835
19 283 7188
431 282 4152
378 472 9247
558 379 393
522 67 4687
14 488 6348
599 145 9979
265 121 4486
682 192 3963
109 104 9543
826 387 1827
131 397 8878
80 236 7501
641 276 4000
297 187 5740
839 60 5873
649 109 6885
839 291 2651
824 68 5377
212 277 5582
372 208 8070
185 236 5039
827 314 6006
475 211 7131
444 229 4098
81 447 205
834 403 2779
206 434 2963
989 363 4761
996 158 9941
179 381 4179
869 295 8892
649 177 5272
115 397 6313
819 73 8913
77 97 5065
626 126 8452
741 283 9853
493 143 7033
963 64 5491
12 276 7479
987 28 7331
675 121 8567
308 190 6287
470 427 8723
502 40 520
16 167 5441
314 204 5302
612 454 6699
260 177 9845
230 448 4972
165 2 8276
642 319 5673
680 319 9337
635 143 5719
761 19 9189
88 317 4946
576 36 1788
795 198 8962
276 142 4950
713 255 7358
721 273 5521
962 103 1602
416 398 7094
927 381 3025
33 96 6675
287 58 8758
530 263 5637
271 15 2862
644 148 3416
982 49 6840
961 63 2741
820 449 8908
378 122 972
908 461 383
274 81 6351
559 298 987
392 151 8915
270 483 8421
258 92 6466
80 156 1742
7 159 4577
393 197 8689
835 167 9181
171 460 4568
986 343 9015
763 347 419
276 238 6179
117 165 1474
778 64 4439
809 431 9026
352 19 9813
