96
640 416 2566
259 412 4399
736 5 1266
455 126 4307
401 398 3882
14 449 4067
979 218 1991
824 369 846
972 481 8020
169 408 2362
36 388 6593
464 128 3687
432 111 6921
531 15 5782
309 15 7871
354 423 4772
922 183 7055
111 367 3063
990 276 5063
165 189 5404
342 201 6408
932 222 2735
912 284 5622
960 52 7559
576 235 616
410 235 4486
280 98 1845
324 182 1892
52 235 5282
821 415 3216
777 115 5634
551 307 2582
732 411 4010
636 227 7220
704 101 7182
806 130 1690
849 477 4176
712 373 4377
141 242 5843
368 482 8161
975 229 4979
637 413 2764
322 228 3991
376 210 9152
241 16 4798
718 30 4603
666 496 7136
695 379 3828
806 288 7386
389 329 4945
178 399 6079
808 31 2277
870 66 8935
56 232 8993
183 169 9392
870 347 4724
846 257 538
645 122 4476
567 202 6998
309 188 8666
490 402 3083
358 21 7977
5 277 8140
622 112 4119
90 31 4119
416 230 6626
875 484 9513
256 109 9605
14 472 8698
799 454 9054
789 233 1845
707 382 4056
233 32 8763
246 89 2026
981 355 5703
243 175 2273
609 147 8077
37 451 1653
970 429 9815
869 232 4117
54 170 2245
314 369 591
222 93 7678
447 121 70
870 142 5860
965 174 5126
757 219 740
102 276 8326
862 468 1292
337 250 8571
910 461 8935
297 225 1079
42 87 6162
276 441 9855
687 311 1851
234 117 157
