160
466 461 2633
873 405 557
707 322 7982
287 348 6645
557 69 243
428 70 4938
858 212 9133
421 313 9350
678 405 8567
657 33 2247
88 374 9000
625 117 575
502 459 9911
575 110 4841
144 225 6334
101 450 692
146 473 5971
23 7 6080
388 496 9953
242 389 8782
99 168 1224
669 106 7444
417 452 5590
874 15 7487
214 132 2170
953 94 9294
508 151 8055
144 183 3156
341 304 6992
218 88 1689
87 273 9506
474 421 8927
433 148 2634
567 53 4146
673 139 7105
194 63 902
193 180 8846
202 422 5769
3 184 5837
772 334 78
604 193 1230
248 458 9646
297 265 4777
754 248 5184
911 120 7799
357 21 7919
848 305 7589
829 292 4085
880 96 6105
577 39 6428
416 422 527
641 497 3899
428 425 444
271 79 351
103 283 3738
252 115 2503
931 266 1188
92 70 4730
682 76 4128
390 279 6564
804 487 764
289 343 6297
574 107 583
871 82 3758
174 258 3317
847 271 5511
923 153 4831
841 223 9342
730 68 7580
237 420 192
481 328 3714
726 402 9723
65 4 4997
790 260 4690
254 345 1154
28 351 8185
106 223 7612
953 100 967
104 185 610
363 458 431
448 193 2774
956 20 509
768 305 1283
382 88 99
672 396 4173
636 232 8482
999 137 3866
449 337 6902
978 316 1244
463 404 4021
774 266 4117
252 57 2548
708 156 1483
999 108 3073
775 300 5036
692 140 2105
593 357 2678
333 177 2699
605 50 922
734 156 962
791 102 4616
244 400 8228
426 294 9106
79 73 35
58 149 2277
113 76 7184
988 496 7617
814 412 4391
620 413 5059
844 109 6388
239 494 9594
427 315 2925
571 383 9052
319 414 1138
977 287 7688
822 119 9270
897 64 1909
139 63 7874
250 184 4272
240 176 6573
423 269 2327
684 206 4239
443 187 5716
200 258 1313
281 195 8687
741 429 2936
273 125 1513
886 31 3803
730 364 3867
226 334 8291
134 178 1545
582 198 5537
389 129 5779
762 271 6930
490 22 7264
82 34 6045
226 42 5635
125 236 6465
293 15 5063
187 174 4400
876 61 8505
837 130 8618
595 399 2641
695 116 3043
113 135 3167
406 133 5659
840 174 1611
524 54 4077
563 389 807
981 140 1594
513 385 2159
850 262 687
977 216 4578
451 278 1987
116 216 8022
409 379 8848
642 211 4568
238 172 8836
671 397 2570
354 73 6968
