93
454 271 3745
257 225 5274
446 106 6193
156 393 1963
224 104 2908
305 373 8784
553 237 3977
499 239 1777
964 9 5959
670 285 9619
761 101 1224
836 82 7728
491 121 8350
272 366 1785
24 81 8948
231 93 373
200 344 4520
636 325 7889
756 117 3763
564 36 4861
222 29 4080
50 215 8803
476 337 4305
311 112 5499
24 243 6638
41 274 3633
605 94 7935
453 155 5713
697 285 1669
366 83 811
826 380 5385
363 242 448
468 244 2350
1000 160 3553
622 222 3495
740 439 519
197 9 4746
786 265 5497
913 288 8707
914 471 972
856 275 6267
727 283 4784
900 48 6468
113 290 7957
291 196 9801
118 197 7361
542 470 4186
501 89 1166
744 1 2426
962 296 2807
268 362 7923
91 475 1350
931 451 107
378 356 8436
851 64 5455
834 105 4967
674 208 2288
967 190 9984
557 369 866
478 246 471
359 261 2777
310 76 9639
978 125 8333
27 315 3287
736 208 5846
85 185 4717
180 137 5258
864 110 8995
826 298 8932
477 273 2743
55 87 7399
886 31 6765
946 285 5864
856 27 1235
28 327 1161
205 264 7558
129 248 7007
911 60 2971
499 15 703
267 466 4144
437 169 5242
701 195 2
670 208 8
453 181 2450
955 182 9176
325 291 2223
631 129 2595
489 272 6280
458 39 7502
164 7 8752
874 453 3995
255 350 9935
39 445 901
