52
953 386 1996
741 335 6127
794 282 4315
452 218 3045
62 441 814
367 303 9108
387 2 8377
683 159 9966
106 479 4732
916 48 781
764 162 2799
358 222 5328
88 106 6076
744 70 4526
566 367 471
477 419 4064
592 193 6160
815 171 2327
897 274 9883
859 358 5699
938 61 1469
854 498 4429
961 230 1546
916 86 8912
778 244 8487
825 383 9316
869 307 4695
567 277 1507
390 12 3565
923 499 4792
988 216 1937
124 355 2801
192 421 6753
561 461 3450
493 202 1988
221 228 7987
228 330 992
18 120 8302
987 153 3165
128 465 6485
660 400 567
737 455 6863
362 256 2788
7 363 8820
519 259 5241
448 45 4457
262 200 143
964 457 9057
237 100 8968
592 270 37
805 10 3165
947 199 2324
