171
87 84 6270
566 35 6693
286 58 4418
69 253 8265
376 286 6625
28 342 6860
188 100 754
154 360 8718
555 372 4717
619 225 9971
354 471 6818
264 345 9799
217 346 5328
261 442 9862
887 26 9721
50 199 9823
263 444 3040
921 226 3767
658 198 1112
732 94 9925
602 413 2815
465 322 6901
907 292 4445
799 269 9209
536 16 3677
55 395 4007
328 477 2602
877 385 5071
738 493 8136
432 133 9893
652 27 9795
746 200 6969
945 335 2528
643 476 3502
996 464 4132
685 98 4415
770 341 5919
57 61 2531
480 397 9765
607 84 2482
268 62 7723
737 61 8141
900 475 24
693 17 605
143 363 6705
503 246 1789
450 483 5450
464 460 2944
752 443 6514
261 211 8706
782 256 3119
512 144 1111
273 305 5404
429 347 5055
890 191 6172
323 205 2528
698 261 299
527 230 8312
617 281 4960
916 417 196
534 215 7872
281 277 2879
773 196 3707
231 334 2171
350 64 7763
799 91 5478
143 90 9090
489 334 1511
561 192 5628
650 81 7354
904 414 9657
959 200 9984
100 179 6149
937 32 2812
205 150 7477
844 493 1321
853 413 8676
679 479 6123
928 8 5934
246 109 2287
9 7 651
85 290 1333
915 251 67
392 21 2353
707 444 6469
550 62 2004
139 426 8371
604 334 5266
634 98 1937
440 5 411
625 434 7456
684 425 8266
445 328 6987
20 144 8244
107 463 3468
692 37 7265
170 6 1790
67 276 3329
705 449 6695
310 341 8749
970 461 3946
29 269 9403
122 366 8246
242 100 1689
910 428 6880
786 371 8482
143 242 215
361 191 5245
621 243 2129
359 380 7850
440 459 3243
554 362 543
5 123 655
122 95 6188
952 479 7875
457 247 7300
354 14 846
371 137 5898
354 307 8622
557 255 8592
551 111 3366
309 318 1129
389 93 2140
333 100 9531
221 267 5509
788 397 3555
64 408 3414
423 356 8145
979 155 206
370 151 422
990 372 6381
989 37 9230
174 148 7349
556 345 1906
372 414 7875
753 342 4467
757 25 7584
244 286 7307
417 72 6304
403 322 4579
174 232 1237
754 287 2113
182 389 8980
316 347 1810
414 40 7515
989 487 463
113 57 4493
808 386 3506
616 86 1651
575 92 44
813 95 9036
361 231 80
863 394 145
38 241 8950
775 486 8096
529 420 3149
64 105 6752
367 302 6532
128 307 7414
483 251 2114
51 263 4389
523 64 2779
635 12 9615
384 379 9963
301 139 593
736 381 3249
473 164 5421
55 144 1597
906 191 6709
660 463 9097
558 26 843
