64 85
-73 -26 98 -74 96 0 45 0 34 -60 92 -37 88 -87 87 -93 46 -48 79 72 48 -92 -35 -97 -11 -53 15 43 97 -60 96 74 51 -50 67 87 -91 95 -62 -59 -47 -22 -64 -7 70 55 57 -49 -83 -51 37 -70 1 -45 79 0 -93 11 -61 -94 -18 -10 43 20 0 66 -3 -50 -71 30 -28 -62 64 -61 -63 47 -65 11 16 18 22 -15 -19 -33 -8 
86 41 -14 -38 -18 -68 84 50 -98 28 0 37 -20 -76 0 -32 4 -39 49 58 28 -13 99 25 -61 18 48 93 -1 -6 -10 78 25 32 -90 31 -40 -74 -65 -58 -42 16 71 5 -84 -79 97 -95 -43 18 84 29 3 -66 -30 -28 -35 40 7 50 -92 -5 -74 -46 -1 -86 5 86 -67 42 -19 32 86 -99 -17 71 -54 -33 -28 7 -96 -12 -54 -1 87 
96 32 76 -90 -88 -91 -74 98 50 24 69 -75 64 -60 -38 15 60 -49 86 98 94 45 -30 -54 -82 3 -38 39 95 76 23 -9 -5 -23 96 -8 90 -21 -71 53 95 83 -32 36 50 -82 49 -25 -41 -85 60 72 41 88 -98 -28 -95 57 -84 70 63 -86 -70 22 18 44 40 -93 99 -41 71 16 24 98 41 95 -56 -22 -6 -61 24 82 18 -26 7 
2 -18 -50 67 -53 66 -17 40 -50 -40 5 86 62 86 77 95 -21 29 71 -44 -45 32 -91 15 -57 -20 -15 -72 19 52 5 -84 -73 59 16 -17 -75 30 27 72 -56 -57 -59 -85 69 -36 -17 82 58 -26 -28 86 -20 -63 -84 -89 -88 27 -2 -72 2 -74 -76 87 6 -13 48 -89 -35 48 -76 -33 -18 -71 -13 16 84 -17 -94 -87 -71 -67 21 6 48 
-16 64 -61 41 91 63 -39 -58 26 -35 58 -34 -98 92 54 68 14 64 19 -76 55 21 -3 47 -81 -13 -65 4 82 9 -88 -77 1 42 42 -68 -96 -62 -9 -44 -72 -98 63 16 -57 -21 5 35 51 16 54 92 -10 -60 -98 -25 -5 -7 -95 -30 -27 77 -38 -79 51 -55 68 -46 56 -91 48 39 1 -10 -94 34 58 -30 62 -22 4 -81 -85 -57 58 
-33 76 -12 92 30 81 42 82 -34 88 53 25 -66 97 76 -6 -65 -41 47 -28 40 -67 -96 94 43 69 -40 -44 35 -85 83 50 68 -39 -23 70 -65 -51 -61 -53 -14 95 24 5 -63 -16 84 7 -24 -4 -97 93 81 -23 34 82 -5 -96 24 67 -78 50 11 59 18 11 -2 -89 -17 59 -33 -70 76 -41 38 1 -58 -34 -22 48 -35 74 45 -62 -52 
-28 6 -66 -89 37 -36 94 34 -5 4 -84 -62 44 14 29 17 -85 -27 -87 5 -33 69 46 -88 -87 -67 38 87 14 -71 -22 96 -74 95 -13 -90 -12 -62 72 -53 -95 -50 -49 -2 13 53 90 22 31 -38 -87 -10 2 16 -99 -15 -34 -19 -16 -97 -12 77 -90 -82 -77 -9 16 32 -65 -11 -70 -10 -95 65 4 -66 19 35 0 13 26 87 73 25 -6 
2 -42 -27 -60 6 42 4 -81 96 5 -5 79 80 -94 -60 -66 21 86 -6 1 -87 -23 8 87 -3 11 -96 -25 19 -77 10 26 76 -85 37 76 78 3 -74 -61 -79 -32 -81 -45 66 -88 47 8 52 39 65 36 79 4 -4 68 -23 -1 2 -7 -5 -54 -48 -70 -10 61 82 -17 13 -11 -99 13 9 61 -56 -67 -49 -67 -89 12 -89 -77 -36 47 -31 
-73 -60 39 -88 -71 -88 -74 -39 -84 -50 -70 3 29 24 42 11 -2 92 27 -88 -5 -97 -62 39 24 -9 21 44 -70 -95 -7 -57 -77 -2 -99 -14 50 34 56 -41 72 48 -82 -78 -71 -51 37 0 -39 96 -15 47 6 99 70 -66 -76 52 6 52 14 42 -14 -96 92 83 74 44 -89 46 -7 -58 49 4 88 85 97 74 11 30 -7 -74 -15 40 -27 
80 58 -89 -67 -91 60 -74 -30 2 -90 -11 -16 82 15 45 -65 -56 -5 59 -70 0 -95 -95 -40 -32 1 78 18 19 91 46 -59 -83 18 91 64 -22 -4 97 65 -24 83 92 73 1 -97 9 81 20 55 39 -16 47 -36 -7 -58 87 65 45 9 45 -30 72 16 78 64 79 -60 67 -81 -30 -88 83 -65 53 -13 -69 22 -52 -64 19 -84 18 -92 -78 
67 45 -36 26 89 -59 -41 92 -47 -45 -38 -58 40 -87 -73 -74 -61 -10 -96 80 -34 32 -10 -38 -15 -18 66 -60 48 42 28 52 70 -58 -80 62 83 70 -2 -28 79 20 90 -42 -11 -70 -46 -13 -38 -98 -11 -39 -12 94 -62 -87 -27 74 -65 -72 -24 -82 80 -55 -51 -17 26 -32 83 55 2 41 89 -78 -61 -73 68 -14 47 -81 -32 79 78 10 -47 
28 95 -18 33 -10 63 -14 -17 31 28 95 44 -23 31 -98 -47 -15 -78 -48 66 -22 67 -19 -29 -24 -68 -1 -88 -64 -67 69 -12 47 56 -60 -34 45 86 -64 55 11 77 6 5 97 79 48 62 78 93 -89 22 83 46 76 -33 35 28 19 -74 90 76 -14 4 90 -20 -66 56 20 88 31 -92 -66 -59 49 -15 -89 -79 -94 -36 -93 -32 29 -97 -15 
-65 60 -48 3 -70 7 85 16 -25 71 -45 22 87 -14 -49 3 45 45 7 68 27 6 -82 71 -63 -74 -7 39 -7 -60 52 -97 -11 17 64 11 -60 61 -41 -29 60 89 84 -32 -80 -6 -89 86 60 61 -3 -10 -63 88 38 -43 91 50 -32 15 55 96 77 -34 1 14 -98 68 93 -4 -86 -40 -51 45 -93 -32 49 71 77 85 -60 -62 11 14 -72 
29 39 27 -46 -10 98 50 38 -78 -85 56 74 45 92 -5 86 -82 89 85 96 36 -68 -63 -67 62 -38 -43 97 -54 -82 24 85 -87 -68 -72 37 65 14 -93 -42 -72 -13 -17 -95 30 11 -80 -82 67 46 23 15 90 -34 88 -34 57 -24 -27 -49 -67 -97 -11 56 -48 -31 51 96 -54 16 -23 78 68 -25 97 -53 -10 48 77 -48 56 74 42 55 54 
37 -97 73 -58 -9 29 17 57 59 -69 -66 -20 -61 -62 -83 -38 -63 -39 -84 82 9 0 -63 -56 -17 -3 78 70 19 -52 -85 5 50 3 -35 94 95 66 -29 7 97 20 20 -38 14 -29 -80 6 41 69 20 -54 78 -57 66 -61 61 90 90 -57 51 88 -2 42 -70 -45 93 -19 7 -80 38 22 64 8 -49 61 -73 0 97 -68 -60 64 -74 -50 -70 
-21 24 -43 -46 -97 25 87 63 -13 27 90 -21 -87 -46 9 96 -39 -19 32 -39 -4 -9 73 43 49 -67 64 -54 0 -57 -60 -49 -72 30 47 63 5 54 -59 75 -10 6 -99 49 18 19 68 -37 -34 77 -95 -27 -2 79 -84 58 -74 -48 -55 -85 80 6 0 3 -15 -96 -40 -29 24 -67 93 -31 92 -11 44 28 52 -60 24 -32 82 37 -92 -56 24 
65 -28 -73 -97 24 -29 36 29 83 10 45 -79 64 16 -84 84 83 36 -2 95 -36 -25 -54 29 43 -30 5 26 -53 -28 -79 -13 97 64 72 68 -4 98 18 -98 -73 -56 13 -20 97 95 -96 45 -45 -61 80 78 3 66 -51 -11 -69 64 -8 33 1 35 -77 -41 -30 77 61 -60 -21 99 -66 66 89 29 70 16 85 -19 -55 89 21 -63 -87 28 58 
-18 -65 88 60 -29 17 94 -84 -69 51 -3 -46 -75 71 71 -32 -95 40 32 -68 44 -5 72 -44 -58 -77 -24 3 -66 65 -56 73 -55 -70 -75 66 -53 -31 -28 29 -11 32 19 50 93 60 -25 -23 73 -25 23 -70 -41 -31 -18 -13 5 5 82 -10 -15 -86 98 -42 78 63 9 -61 -90 77 75 -87 67 -73 -33 71 90 10 -69 -1 -47 32 91 -83 -86 
-85 8 56 78 4 -20 -84 -82 -42 -13 -87 -11 67 55 -44 -16 -6 3 38 -69 53 17 65 51 -28 -78 0 52 -94 -12 18 69 -31 22 -64 -22 -65 -23 -93 64 -54 89 -55 4 -28 -2 40 36 -92 -4 81 72 -75 65 -12 85 -45 49 -79 -51 -73 88 11 -7 58 64 -51 -5 -6 -97 30 -83 -66 36 15 -32 -21 -63 -97 76 -37 95 46 -58 -69 
98 -19 26 19 6 -20 33 -53 -45 -25 -39 -78 -65 57 21 -67 75 14 -86 -47 -90 -64 -95 -41 -79 90 -92 67 -19 -84 -33 89 -61 -15 33 31 97 33 9 -45 -35 -47 -32 30 -78 46 88 14 -15 86 44 -92 -12 -24 18 -13 -12 -17 59 31 42 73 -28 12 -24 55 -91 89 96 -50 -17 83 34 -86 -74 -76 -84 9 -49 40 0 -14 54 -20 -88 
-39 51 -83 -52 3 81 -7 -56 -14 -99 -43 83 -20 9 24 1 31 18 28 -43 81 84 -5 87 -60 75 -59 -37 93 -38 76 -27 -81 68 -23 -12 -97 87 -93 -79 -34 -27 11 -57 -16 21 93 35 59 1 64 90 93 99 31 15 -39 -57 -14 59 -38 43 -29 67 -47 -70 -32 -33 -73 29 -17 53 87 19 -70 91 72 -87 -78 -46 -42 79 1 25 8 
87 91 25 -10 -16 71 24 94 40 74 -68 56 -82 33 76 -31 86 29 44 50 5 98 57 45 90 87 -8 -14 87 -76 -25 39 -38 48 -96 -64 94 -21 15 -29 -27 -29 -16 -55 53 71 -33 -93 60 4 45 -24 42 -99 49 14 -41 -50 -20 33 89 47 -91 21 67 -91 32 15 61 -80 38 -34 25 -40 -22 -15 -58 21 16 10 79 -44 -73 -37 11 
2 -87 85 73 -26 -4 -83 -72 0 -50 -16 15 33 -63 3 9 -90 -28 -28 -80 76 -22 -32 97 -80 -64 -56 -97 73 -70 -41 -18 60 17 88 -45 96 -9 72 -49 45 -54 -11 -47 12 -43 -92 -58 17 -41 -54 -65 31 76 27 96 70 42 29 -91 -42 -3 -13 95 -54 9 79 42 -66 8 -35 57 17 78 18 54 -92 -52 -73 -51 -52 60 80 -77 -25 
-70 46 3 39 -38 54 65 28 65 -56 -97 -85 -58 -37 73 69 0 28 58 -76 24 74 52 -59 95 60 56 -13 -93 98 37 -1 15 60 95 -59 66 80 46 -31 71 -97 5 84 -84 69 -73 -62 -8 37 -40 7 -20 39 -80 29 -1 93 69 39 -74 -26 91 31 48 -65 70 28 66 -81 88 -77 65 88 -26 4 -33 -5 -1 27 -80 -68 -15 -20 15 
0 -5 -38 -24 36 6 -97 -58 -8 13 7 28 -82 54 -69 -2 56 68 15 13 -6 -90 23 74 0 -40 70 -90 -57 -20 -50 -87 -70 17 -50 45 -80 12 -79 30 11 -98 -50 -42 57 -96 -28 -61 -29 -90 -23 -8 54 55 47 -3 -34 -1 24 -35 -61 -18 -57 -38 -84 31 53 -68 -39 56 1 97 28 -68 -4 0 -61 -72 79 -59 -50 -82 0 67 58 
-1 2 -41 -13 -17 45 40 63 97 -27 -93 -4 88 -61 -23 52 -30 -4 91 76 70 -38 -39 -89 -82 20 34 -92 -96 73 31 -72 -34 44 -31 67 49 -15 53 73 -68 69 4 18 -54 11 63 -85 -55 54 -71 0 -76 47 18 64 -50 72 50 54 11 -92 68 -72 -86 51 -46 52 79 -42 -47 -24 70 -18 47 36 -19 67 70 -28 73 43 -19 66 -83 
50 -25 -31 -26 84 -96 -62 -30 -32 -70 61 -12 27 -79 48 -17 57 -19 -74 64 -35 -25 -95 98 17 46 -95 53 88 42 68 -12 92 -70 60 -85 -27 -86 63 80 95 53 -66 94 0 51 -60 99 18 95 7 -38 4 -62 -57 33 -74 -23 -25 -88 29 74 -23 -10 41 88 -48 27 0 -60 33 -15 5 -61 -38 -38 25 -7 -18 -82 5 21 -31 4 36 
-12 9 88 -76 54 -84 98 -32 72 -74 -50 -93 -41 -17 -77 -25 -80 69 -13 15 -60 56 75 -80 18 -79 -51 27 -72 -80 1 66 51 -61 54 -87 19 -61 26 90 -19 89 26 -67 -15 -11 85 -49 -37 -97 77 99 -43 21 -61 -70 78 22 -16 -15 -46 12 89 53 -79 -51 -48 94 23 72 41 18 23 -61 -63 -8 19 -2 25 -45 43 -65 -35 58 -25 
-62 78 22 -9 -53 -11 -25 -65 11 57 -83 -23 41 8 -11 -95 -55 36 58 -16 8 -6 -84 -91 -86 -98 11 38 47 39 -18 -50 29 31 -91 54 2 -94 40 79 -86 -16 66 35 16 1 -77 -89 76 30 -75 56 -73 26 -90 -91 -84 -29 -70 -87 43 69 -29 85 1 -51 -55 85 -25 51 68 -61 69 6 36 -92 -89 -18 -53 87 24 -66 62 26 24 
-22 46 -4 42 -67 -68 -77 77 26 -67 21 79 96 19 -96 -1 -91 -39 -9 19 -87 55 94 -96 -73 29 -91 -14 -14 -35 -34 -53 -14 96 42 -30 88 78 22 -98 -39 -34 -76 -91 45 10 7 -37 47 -10 -46 -20 47 6 -68 99 -7 -17 -32 86 67 34 -11 78 -50 10 40 -46 -90 98 63 -79 -61 53 -92 89 -6 84 -65 62 80 64 -20 80 98 
-1 66 84 87 -56 -64 4 43 -27 -17 -42 0 -81 59 9 0 -51 -62 21 71 -77 -35 -50 9 18 39 33 73 -8 -6 -33 79 -74 64 63 -2 -9 67 59 -86 4 33 14 -63 30 -86 66 -67 -84 10 -47 -70 -81 -99 77 -10 -17 24 -29 -36 -73 1 37 -51 84 -64 -73 -67 64 -45 65 -66 82 -67 85 59 1 -31 89 -66 -69 -18 -6 -87 -66 
-99 97 91 10 41 55 -3 17 29 76 -2 -18 -91 75 25 -34 29 61 -75 2 53 -74 36 -63 29 72 -97 -4 28 -73 -76 56 79 61 58 -49 -35 43 33 21 38 59 44 86 -99 -56 39 58 -72 13 -32 31 -47 -24 65 -11 42 37 84 12 2 -46 13 4 -5 -48 -41 -15 -75 -47 -10 92 2 18 -14 -21 -62 27 1 99 54 -10 -81 59 -33 
3 44 63 55 -29 -78 -40 -29 -50 -3 -84 -69 59 98 -10 -58 48 44 62 18 -12 -75 85 -82 26 -25 44 79 -68 -90 3 17 -3 -93 66 80 -21 54 -62 25 -33 -73 98 -89 -23 8 64 -3 51 70 -89 10 -25 15 -63 87 13 54 -7 78 -25 54 -5 34 -42 -59 87 -52 -7 11 -73 -26 -71 76 -71 -6 90 79 -30 56 87 46 54 27 -65 
46 64 -27 -76 -51 27 5 46 90 -30 41 -63 15 22 32 -10 75 -97 -98 -61 91 -53 88 -38 -42 -87 -87 11 56 63 -41 66 5 23 -78 25 8 66 -40 22 -43 71 20 35 -57 -89 5 -74 -95 82 -30 29 -19 -21 26 -70 -52 -40 91 -3 10 -50 -52 86 -54 -2 -43 99 -40 -12 -87 -67 -81 -43 -79 49 7 34 -84 -71 46 0 -35 -23 -90 
74 38 13 91 16 -88 -69 -43 70 82 -9 -82 -84 48 -57 -88 -80 75 21 97 -87 50 24 -12 -26 -3 97 28 -48 -52 -18 -56 40 -66 18 -65 70 -24 -39 13 6 80 -43 -99 79 44 -87 17 6 -60 -48 -11 -70 92 -3 -44 -58 -23 -72 -65 50 46 12 96 -68 77 64 5 -81 -68 69 -5 -65 -18 -22 45 24 -7 -1 18 54 -20 38 66 84 
88 -53 98 51 -30 -44 9 -52 4 -29 -12 34 -64 -53 -67 -51 16 38 27 79 97 4 -81 77 40 -35 6 -13 61 6 -31 -44 44 -68 98 -50 35 82 -34 28 43 -20 -32 38 42 -11 -33 -11 89 -52 16 -4 38 -73 94 -24 68 50 22 95 -12 -92 -99 91 94 -65 -89 22 -75 83 -39 -74 99 -57 -10 7 54 -91 -8 -13 -30 42 -28 23 90 
-36 -98 75 44 34 31 -39 -28 61 89 -93 95 -87 44 64 -8 68 50 14 -38 -40 -23 -92 68 70 24 -38 12 64 -50 42 -27 -29 28 -65 43 98 -24 -8 87 -1 -45 41 31 2 -60 -94 23 -83 -16 95 -47 -94 -75 -67 -75 -51 37 87 -28 -96 89 -94 -47 -9 49 -55 -67 78 17 89 96 29 35 -50 -8 3 57 57 29 -99 -13 89 42 67 
93 34 -93 -60 28 -91 -99 45 -82 -35 -73 -59 -47 28 -42 37 49 -97 -83 84 53 -62 -59 8 -84 22 -62 -11 -40 94 61 33 -31 17 63 51 -3 -3 71 41 -85 -47 53 -89 -34 -96 -20 60 -87 70 -3 -29 18 -44 -43 59 -11 83 83 -41 -22 33 -68 91 66 -69 -53 0 -93 2 13 40 -85 38 -61 31 49 -93 78 60 20 -70 -36 -56 -73 
86 42 -25 -35 -61 78 -35 10 -53 52 66 -2 -65 -55 9 55 92 20 21 -90 39 -96 44 53 79 -17 73 -65 86 86 -79 -87 -6 -63 -98 79 -99 57 64 -77 -27 -27 -7 -66 -4 -85 -5 -69 1 14 -90 -35 -6 80 -13 33 40 63 -60 62 30 -83 38 -54 43 40 -97 89 -66 58 23 -24 52 -32 88 12 -14 -86 -42 -43 84 38 79 78 23 
62 -44 3 85 -67 9 -77 -42 81 97 -91 -66 -30 63 -37 59 -39 -35 76 -51 -30 8 -18 44 -26 96 -6 -19 64 -41 -5 -96 15 72 0 49 -7 31 0 84 60 -47 44 -64 -15 66 20 -95 -88 44 -83 71 -12 -91 -87 -70 -96 -70 -15 -10 -86 -57 23 -56 -37 55 85 94 84 62 46 -45 24 -1 80 -54 4 97 58 19 15 -22 19 85 90 
86 46 -93 12 -90 51 -85 -25 -33 -69 62 -53 77 -47 -2 24 -65 -56 38 4 0 93 -78 -30 -75 0 -1 -56 -65 85 -91 5 67 -49 -39 -18 -9 21 -99 26 99 0 94 -9 45 -98 86 79 -25 -96 0 -53 8 2 -2 -49 -43 -17 35 72 -93 5 11 19 -34 -73 59 81 4 56 30 59 10 2 -59 -81 -95 -75 -79 24 55 -56 95 52 16 
51 17 -45 -68 6 -40 48 53 30 -92 -22 -11 23 -27 92 77 -11 83 -20 47 -83 -91 -65 -84 41 -42 -63 -90 52 12 -4 37 8 39 -25 43 -88 -62 -96 -16 33 -8 -27 46 25 -45 -69 -57 68 -86 -28 16 77 45 -85 -95 -83 -60 20 93 24 -63 40 12 -66 11 -22 87 10 -69 51 78 -16 56 -74 -14 -34 -39 -53 94 -32 -92 -29 45 45 
3 -90 37 -13 43 -48 -51 -38 87 15 6 45 -97 94 -42 44 -55 -75 -59 3 57 27 14 -26 59 -12 66 -37 -81 -93 -92 -70 73 53 44 -69 -25 -23 -74 84 -46 6 7 -89 90 -24 -76 -87 41 52 7 44 -61 74 -70 5 80 -38 -76 36 -57 -15 -36 -62 -86 73 -75 13 68 46 0 78 -30 21 -32 -64 5 19 -81 61 -71 94 91 13 -39 
30 -31 99 4 47 -50 -12 47 15 -83 54 0 -71 -11 -33 -56 -44 90 -61 -50 86 19 -67 84 -11 76 12 14 37 7 -12 89 33 -72 61 56 -83 -42 70 7 40 62 7 95 -98 63 -41 99 -69 -31 97 -46 59 34 14 94 -60 -4 -13 64 -41 -78 64 34 48 91 69 87 12 -27 42 -15 58 30 -4 80 26 64 74 -32 96 34 77 -81 17 
-66 -50 -26 -47 32 59 41 -92 48 19 21 63 -12 -25 -72 -26 9 84 -74 65 -67 55 86 54 -71 96 16 28 37 -18 -42 66 29 -43 95 -79 54 73 -90 2 -89 -53 -22 -93 -85 -59 -12 42 -14 77 -14 82 -77 -94 -70 5 70 -92 -34 -90 99 58 43 -35 65 -88 -43 -91 86 1 80 -6 97 -65 -36 76 -84 24 34 3 -96 -28 -87 -53 93 
-79 14 26 67 -76 99 35 9 65 -23 -79 -36 -2 -38 -39 73 15 4 64 92 -81 84 -77 -8 -96 87 75 -30 67 75 49 -68 -97 -24 -93 97 86 -43 38 -78 -29 -43 -78 -34 -29 -69 -6 82 13 84 -64 21 49 15 83 81 -79 -47 51 -20 -50 78 -64 83 55 34 3 -18 82 28 2 43 -64 93 35 -73 -39 -53 -1 5 16 -63 -14 55 -46 
1 10 -52 2 -15 -47 -92 -59 28 20 44 88 99 -79 -14 54 -39 52 64 -12 86 -81 -92 -24 -31 -55 61 70 10 -52 90 -71 -39 -97 96 -16 -17 7 0 -99 77 -62 -81 56 -2 69 92 -13 -85 -40 29 -38 59 70 57 -3 -71 26 93 -47 20 39 46 48 -52 6 -10 -1 3 96 -19 3 5 -58 49 -42 50 -48 88 96 2 -43 -50 32 76 
82 57 20 62 97 68 -45 -13 59 -70 -28 88 28 21 -59 49 6 53 26 -14 6 29 57 74 13 58 -67 50 62 -62 -11 26 -21 -6 -44 -22 76 -79 84 33 -25 32 86 -19 -75 -76 -19 55 -56 28 49 -35 -25 -26 -33 31 87 -87 -12 -14 23 28 14 21 -18 45 -68 92 96 -45 12 -49 -71 30 -21 43 -88 -50 -32 -48 -87 98 79 -20 -60 
71 31 4 20 83 -44 3 79 34 -8 0 -25 -39 11 37 14 7 -1 -56 58 -83 59 81 -30 41 78 78 -67 -38 46 49 81 -18 -35 0 84 80 0 -53 -4 -92 82 -25 -24 77 16 50 13 34 -47 73 73 37 49 83 90 75 -60 -21 86 52 -7 -25 -85 49 53 -49 78 -35 43 24 -2 -39 -53 85 18 -73 53 47 0 -19 -72 44 -26 65 
-67 -20 -82 0 -4 77 63 -66 42 78 90 68 -21 10 -25 33 -60 -2 98 -35 -60 -93 -38 68 14 -68 -9 80 -22 -40 -54 -61 -11 -90 45 -90 66 -72 39 33 -59 60 -42 6 -98 64 -73 83 63 -95 -44 69 -70 -88 -38 27 -19 -81 -97 -59 -71 -54 -16 47 8 16 43 -44 -21 -57 -82 30 -88 51 -11 18 67 -18 96 -16 -91 -40 16 50 -72 
-32 97 -38 11 -77 -47 -25 -13 6 99 68 -7 44 -64 87 -74 -7 -84 -60 86 -55 -93 -85 -38 4 92 -93 -4 -95 16 -17 83 14 20 -18 -59 71 66 70 72 40 14 96 -82 48 -24 -67 -53 23 -61 -49 32 0 -8 12 -46 79 -84 97 -92 47 -70 -30 42 -46 -37 -5 -57 -5 87 11 94 26 96 27 35 26 60 59 -10 32 -56 -50 35 -40 
0 30 50 -25 -21 -35 -65 6 29 76 16 -68 2 64 22 46 -69 -93 50 59 6 81 88 99 37 -63 -23 -82 36 -40 24 55 41 -93 33 -49 -76 42 62 -5 71 -67 -95 42 -95 85 -99 85 93 83 38 -57 31 -6 -94 -15 -44 -1 -97 51 93 -21 -57 47 -25 -82 6 -83 48 -76 45 -6 96 39 -95 56 20 -83 57 -38 -67 74 79 65 80 
70 -26 -47 95 -23 -57 -39 -44 -21 13 46 73 3 2 -83 -59 20 -1 94 32 55 -55 -23 -7 98 89 46 -25 -83 20 53 91 -72 84 93 28 -3 59 71 31 -92 0 5 30 -86 81 -32 -59 84 43 78 -29 0 42 -83 11 -94 -13 -76 -23 -53 -33 14 -23 31 -94 74 8 -41 79 99 -21 10 48 3 66 86 -27 36 -20 0 8 94 64 86 
-46 -97 11 -61 -74 19 45 -53 -15 -70 -62 93 -5 -39 -23 60 21 97 7 79 13 -45 -76 -84 -50 -28 40 27 -58 1 -38 50 82 -55 -12 -14 40 -91 98 -75 -87 62 20 31 -92 -60 -88 -10 12 -67 5 26 78 58 -80 85 -83 64 -44 -49 -82 85 79 54 -92 -69 -43 -92 -4 -34 15 -37 96 -63 32 39 -55 35 -42 -64 -6 -34 -58 2 47 
-98 24 19 -86 27 79 -73 -90 -56 -36 84 40 -77 59 -61 -86 14 54 -82 14 -64 59 38 -19 -86 -48 -23 81 50 -32 86 52 -41 -78 42 43 -23 20 34 22 -49 88 -52 -18 43 -40 9 -29 23 97 -78 37 -87 -87 -75 -33 61 -95 9 -40 -89 -21 78 49 -93 -37 34 -63 -84 -63 90 38 24 35 -94 40 55 -90 -53 -1 76 -52 -18 -88 -76 
-26 21 73 -32 98 72 -10 52 -40 8 20 82 -22 1 -82 -67 -33 25 -27 66 -3 72 47 -26 -38 31 -97 14 -52 19 14 99 -13 72 -39 97 -95 87 46 65 31 -26 -70 62 76 -72 -57 -54 -77 -46 -1 -84 -45 73 -5 -94 -40 8 -34 -5 -54 25 -85 -52 9 -48 56 78 51 51 24 -79 63 9 31 -12 72 -4 -74 53 70 -88 98 15 37 
8 -4 23 75 74 -57 -40 -42 3 99 54 98 95 -73 23 -54 -91 48 -69 27 -62 59 35 -4 76 -41 94 -9 -9 79 -18 -80 -13 60 0 -47 -44 35 34 -23 -46 -78 -49 93 86 -65 -5 18 53 46 37 -40 9 -34 -61 -92 95 93 -35 18 -93 -32 -78 0 52 14 -39 -87 58 60 29 -29 72 68 7 -29 -15 32 21 83 -14 71 -7 44 5 
64 42 -81 -89 -89 -58 45 -47 69 -6 50 -9 30 78 -48 80 52 -92 -19 -24 41 -22 -66 -3 99 94 -12 71 -1 -30 -7 -26 -79 -59 -42 -16 13 -70 -64 6 29 35 5 -97 99 -80 10 0 54 13 -75 -70 94 14 -91 97 -17 70 94 49 39 -83 -20 -73 35 -14 69 -54 -75 3 73 -28 -73 27 67 -53 38 33 -78 -32 35 -10 -4 2 49 
-26 14 -68 59 -24 43 -97 -13 -65 -1 76 -14 -37 -84 10 -10 13 95 -97 89 67 63 37 -86 -51 82 17 88 23 41 -39 -52 29 71 -11 -26 52 -98 -90 -76 3 91 -85 22 -82 -31 -14 75 82 -78 -20 -89 -64 -44 -37 9 72 75 -19 -33 18 -41 24 76 17 24 -48 -43 -77 23 -25 7 -47 -58 78 89 -26 81 -21 -56 -18 96 -32 10 53 
-86 -64 -97 -58 -39 29 12 -88 88 -24 -16 -10 -58 -24 -60 46 8 -28 7 73 94 -57 73 75 -28 -12 -61 -53 -48 -91 -15 -96 -91 -55 66 99 -76 -60 95 48 90 31 96 51 -83 11 -51 -32 -65 48 5 -82 15 -49 -53 56 -93 -91 -26 -43 -56 80 92 75 85 -72 -57 7 17 -52 -75 39 80 -65 61 10 36 5 16 33 34 58 55 -98 65 
-8 -37 -24 -21 -90 -9 -70 -69 8 53 -3 20 0 -35 20 -17 71 70 -28 -14 68 -83 -82 -77 -26 81 -71 79 58 -34 -74 -9 -9 -55 -58 83 -64 -95 42 60 9 -34 -13 73 -53 91 2 55 -6 -25 -7 76 8 59 -86 -93 -20 -95 94 -90 72 -45 -84 41 -56 -64 60 73 93 -92 89 28 -40 -99 67 -44 -65 -39 -40 35 71 8 91 74 -77 
-11 66 -93 60 33 -74 79 -49 16 29 77 -75 -45 -61 -11 -82 36 -70 -95 -86 -35 48 61 0 -21 -49 87 7 13 22 40 -93 -86 -93 -15 40 96 9 -85 62 1 -36 60 19 4 14 44 62 85 -66 -11 -55 55 -67 -74 43 -3 -66 66 -78 58 -66 -32 0 56 59 -19 -81 -7 21 -74 13 -77 -54 -55 -65 -71 -97 -41 -88 24 -83 -49 -80 -95 
-59 60 6 74 54 52 74 -88 -14 -33 66 16 -86 -90 -30 -17 -58 33 -23 47 59 -57 -15 -4 -15 98 -40 62 -55 6 20 -19 84 -21 26 -50 2 48 10 69 -83 50 -82 -90 17 40 57 0 92 -77 -43 40 -52 -81 96 -83 96 34 25 33 37 7 -59 -13 -27 83 65 73 22 85 -25 98 15 16 67 24 -21 -4 -59 58 -22 -45 -47 8 -59 
69 61 15 94 94 72 97 12 0 -5 90 -99 -98 -9 6 -53 -17 84 91 74 -89 65 -89 94 -43 -57 14 -69 -1 33 -29 31 -90 87 -31 88 50 -36 -37 -87 57 91 87 33 41 -69 -41 58 24 -77 -93 53 52 42 82 54 43 96 -18 -81 -33 -27 7 42 34 76 86 -81 96 99 -64 94 78 -75 67 -91 -15 82 -94 -26 -10 -19 -72 -69 -12 
