91 82
738 20684 18543 -19068 11540 -20941 26098 -17101 -21385 26369 28214 27976 -182 -1338 9142 23978 -4521 -25883 -13534 -6079 16823 24707 -1534 -11373 11387 -8064 -20754 -2398 7289 14508 5123 -28322 18175 -25528 10604 -28014 18919 2045 17801 24982 19155 12797 21422 -24192 3691 4588 16633 -760 9795 -24420 2279 10512 -11349 -23498 979 2435 29890 -23104 6102 22985 -22521 -12354 -5615 -2284 26689 -27830 22802 22184 21853 25077 23866 -16209 18014 -21988 22397 11369 -11127 4054 -20725 -11857 -15388 11496 
28138 4609 -22391 18264 5981 -26750 -7163 22924 -9631 -24908 11079 -21403 -17342 16407 -1641 -11624 15967 -12333 19141 8 -13561 -2472 -10197 -9852 8844 -2133 -8164 1584 7560 -10834 -413 -4892 -25692 2871 22499 12727 19560 9758 29192 -27183 -12797 -24544 22387 -17250 196 -28005 -15891 -28443 -18430 -16710 -17082 -24308 23652 -2961 -25443 29796 -25968 16611 17975 6522 782 18757 11480 29892 -27020 -27302 -21722 -18106 -22231 -4400 9463 3038 -4555 -15771 23369 12990 11570 1893 29802 17320 -6020 -1068 
-29474 22947 8409 14364 10985 -22728 6473 -22430 -11234 5714 -1531 -4188 12700 -29279 -11704 17401 -7609 23123 2014 -11113 -18962 15149 -11359 29964 18449 -29221 -26356 385 11235 -14789 22067 28660 17617 -18396 -19597 10873 -11562 27056 -10565 -24717 26115 23506 -18452 -3194 -5686 13337 -26822 10173 5208 -23998 -14426 7838 16175 15673 -7165 16002 19550 -4036 26947 -3295 -25551 -4882 27402 20237 10310 -10627 26486 4175 19409 28690 -15949 6099 18292 -1744 7686 29337 29547 -29849 6956 20118 -17068 -24452 
2483 -10015 -27090 24268 -3428 -20260 -16097 3033 3235 27938 -25611 -9133 -20354 24051 13850 7110 -5842 -13460 4263 -21036 -7830 16703 10939 9774 22877 13683 10897 14098 -14185 9239 -23239 5706 6705 10582 -25192 -8093 19104 -6616 5013 -9306 12613 -9128 1777 -26575 -6755 5854 -12038 -22815 -1933 5419 3359 5004 -8914 24156 -4730 -4440 -5166 14797 -3845 -28867 -28089 7037 11269 -16480 -15108 9979 21467 1806 20646 6447 20722 13452 -29974 -9181 -11911 -3742 29932 28898 26171 20213 6527 -14239 
1435 19001 19404 -3584 -7838 -10089 23197 -8741 -10004 -24439 5748 -20514 -6206 22995 23209 16146 4403 17564 -12010 -28630 15147 -13566 -7710 7909 -1372 14666 -20718 13934 25050 29276 18891 -21612 -20727 -18936 17006 -27616 5937 28567 -3111 -9082 8484 18598 1743 -4173 -10600 28973 -4027 -14521 29985 -15027 -4652 -29542 7714 -15244 25714 -22628 -13024 20880 7442 9216 -14971 -27473 15793 -16725 971 -28217 16926 -26377 22202 9219 -28553 -6883 -15897 -6626 18153 -10016 4499 -15632 -28080 28045 -11699 21352 
-17526 3059 25345 -1581 21378 -18152 7226 21418 25933 -10494 9735 -29775 11500 -26270 -9403 17751 -11869 27495 -27305 -28890 -10663 -709 26354 -21308 -4559 -7543 -5452 -1695 23383 27157 -20532 -11198 17088 10559 12464 23174 29596 -26796 11841 22814 29523 -21022 -641 -28653 -27780 24434 -759 25948 2038 6096 -29421 -21928 -18085 26625 -11467 -12925 -8040 3758 8509 13381 15456 -19796 14971 26723 7292 919 10995 -18117 -2758 -28374 2230 9099 9041 -21550 -16486 24078 3900 -22908 -27276 8715 -25141 -4808 
-14224 -20176 6961 -8194 -10347 29262 23177 -13162 -16218 24413 7316 21402 -21001 -27585 29594 -20515 10363 22007 -20759 10201 -21253 -1808 -22817 330 -3570 -23521 -6629 10881 -28691 -19461 -6381 13758 -4887 -2982 935 26482 -9605 5602 -22050 -27757 8627 -16009 -9480 -24915 12110 10942 12948 -3225 -7490 -17940 20990 27091 -29273 -29974 -16682 -13115 5692 11952 -20233 -15042 12239 -29094 28463 572 -2084 -17190 -1147 -20052 -3352 4727 -14238 17046 3286 -6892 -9967 -773 29282 -11452 13810 10425 -6801 26510 
-8345 -21358 24151 -10130 3964 -3157 14150 -11841 6480 -9582 -22658 -16022 1594 -377 -13990 27147 -16242 24969 23200 6921 16823 -18029 -25243 -23281 4292 -16916 1005 11274 6135 20992 20219 -15815 25215 2816 -11248 -16308 5496 11208 27743 -23160 -24639 -6189 22182 -26153 -23477 25801 -26277 -4698 -2361 -24798 -18261 -29967 -24383 -15209 17047 8898 -25475 28783 13265 66 -1378 21304 -7169 21448 -1494 18782 -3425 -10043 -19606 -25519 -22771 23380 -21475 -24052 10549 22895 19318 6970 2120 -19188 13147 10603 
-5145 -9149 9000 -589 18748 4962 -24033 -29315 9548 -4986 18494 5238 24574 -26507 24574 4068 -21044 20367 22124 -11842 -13031 -27470 11258 -29862 24995 7157 11822 -1512 2193 27464 -19744 -10949 7964 7249 -10253 3669 17893 196 17982 18951 -841 693 -23938 4169 16858 -21587 9347 20989 -1966 -23814 26381 -3430 19824 -27902 15754 -27808 20256 -17347 -1194 -14553 4669 -23872 -792 1899 28329 -4551 -15222 1452 9532 -20819 -2842 -5629 -5630 -29343 -21665 -26976 25944 4783 28206 -19360 11552 -4417 
23207 -11034 11947 -24646 4232 29578 -18569 9373 -25140 -28720 25222 -10256 -2435 -27019 15352 18838 -18487 -8440 -26214 10552 11629 -4789 19901 -20597 -23130 -35 11257 11692 -11044 -16495 -2664 13709 -10932 22906 -25699 25174 13458 24364 19670 -6643 -8864 4140 -27026 -25963 18316 -17373 -15644 -15394 22129 16635 17987 10616 24861 9372 -17140 -1611 17289 7223 29721 -25409 -15253 -7209 25663 20724 -25386 4799 14880 -14455 -27700 8853 795 10066 5071 -28440 -10755 27838 -19577 1525 23316 -27000 -5727 -25538 
2400 -9732 -556 19816 8334 -7044 595 19917 25759 -6529 -15727 -23815 -18411 -1993 19898 -19963 788 -14961 -8726 17236 6680 28049 13966 16748 -14582 10227 14861 15540 -9979 -3941 16362 12152 4502 4121 24230 14061 11970 -19054 7006 16995 11295 13149 24856 16130 16268 1552 -15300 -19152 -12221 -26661 -15804 1202 29562 -16501 -13255 11689 -24183 -4976 20309 -12982 -14745 -24000 -18613 -20979 26842 27502 8903 7545 -24033 27300 17975 -14832 -5753 20863 -2535 -1466 -2096 10932 9921 20617 25480 -27028 
25701 9941 9178 28831 18143 3392 -2729 -21431 29566 14916 24225 22460 14561 -14021 -19469 -1097 25091 -23210 -18010 28940 22457 7306 6056 12769 -6155 4638 -26256 -29168 -9591 -20111 24362 1032 -22684 -10141 12763 5945 21334 19482 -10896 16436 -13773 19906 2531 2105 13786 20778 29931 -3626 811 -1494 4887 28632 -16908 25794 16629 -9461 -10609 -27962 -26610 -2791 -27641 20884 167 1142 -28521 5993 25054 16253 -23034 5087 26857 14339 11573 -4017 11274 -3216 3368 -18255 -23278 -1311 -21582 -10336 
-3151 -8533 -5283 19173 -19396 9035 28290 21251 -8519 5837 -24900 3689 11692 27331 -12481 -9186 -8287 15663 947 -2834 -6285 -16984 9108 -10813 -29564 -13578 -7887 20952 2057 27871 -422 5176 8788 18303 -29037 -3820 3780 17087 19091 -1819 -14845 29836 -29698 -16778 5238 -27068 -11329 -8909 -22199 27583 280 -2850 2355 3717 -22 1358 -14015 28474 29423 -20871 6319 4528 -7846 -8954 25283 25099 17124 -3612 26705 -16713 -10403 -24482 -5948 -13824 17866 -25903 24603 -15325 9335 -1851 -14025 22920 
13736 -2762 -15741 21384 15456 4217 18736 -20687 17555 -17515 -23611 -10002 1874 22109 -3625 -3580 -26001 -19925 2595 -28508 -7120 -1554 -9689 24333 -2734 -4316 1085 -14572 -28265 22203 28503 -10084 11522 -7696 -24616 -4331 4053 25454 15339 501 19365 -17885 18984 10514 -8023 -22580 -22298 -25904 29622 1637 3373 -20568 21633 2849 -1432 15397 -5131 22768 23484 -24779 7387 -21653 -27868 4983 -1342 -280 -14654 -14403 -11956 18635 -12935 -15697 -29433 6483 24984 9785 29310 -25807 17289 -21729 -9442 25125 
-18465 -28489 -13837 -15681 -24036 -8547 -23389 9513 -8099 23419 13468 19392 -11857 -1024 -28401 -640 -9029 -946 2808 4823 28137 -1560 19837 -5311 21662 -19035 16254 24729 -22085 18214 -14416 -24265 14792 5366 -11122 4865 7862 2819 -3336 20301 28727 25460 777 12108 -17706 29116 25404 6404 8415 -10806 7751 -12582 25054 20873 -159 13872 -26566 26986 16870 19786 17672 -20015 10999 -435 -26780 -1795 -18383 2716 -10773 -4744 18303 28384 -16669 23374 -21081 3991 -152 7667 -22556 22699 -20986 -8329 
5427 -17978 5299 23920 17479 -9167 4745 29857 26678 18917 -22535 -9293 -3147 22511 -6352 15872 18011 19048 -8130 -28357 29120 14516 723 17132 13647 6730 11430 -12585 27563 2151 -2415 -25359 -11980 -4574 7983 28482 6376 5697 -18748 -1369 -18694 -7562 2663 -5704 2314 -16870 2931 -23193 29898 11175 -12794 -5190 -4117 -26946 -17187 -14204 -15243 9515 -21278 7279 25629 24888 -5876 -11244 -21051 -23436 19717 -29844 28930 25466 18623 -12744 -3437 8660 21540 6408 -27456 -7390 -13442 6853 -21439 -3912 
-15126 24276 -9124 1429 -19861 29562 10137 9036 6931 -22657 9460 -28535 -2043 12828 -3783 13127 -4612 -788 4723 -7975 -21920 -22701 28923 22651 -153 16062 -15027 -25448 -12309 17447 -27524 29573 12987 2149 -27472 1215 -43 -25675 -20096 -9482 -13126 7126 9261 -18222 -29091 24457 -28819 9712 24280 11598 -10833 20226 -23687 27462 -671 -27474 -16988 16824 -28983 -19920 -11455 23073 547 -7973 -11740 -12842 -19989 -7056 16532 2514 14387 -22541 2099 -6596 2736 -6573 12692 -17978 22302 26756 -27832 -20057 
11841 -16720 -26473 -748 11698 -8568 8033 -28353 -20779 7182 305 29325 20400 -16427 24244 17889 -15008 -7204 15627 -27551 29779 -7405 -3586 -14474 5091 13717 6020 2735 -7874 25322 1880 21449 -9827 19461 10328 -13778 12522 -18873 -6772 -17807 -9370 -11114 5781 19298 -24476 19748 -10862 16321 18357 -27412 11127 -25755 20538 -20761 24824 1669 -9032 7280 -9750 -25574 16678 -3976 534 -18556 14371 27949 -22798 25274 21159 -28828 -24194 -19844 -21211 3090 -2308 13590 17668 20251 29456 14673 13366 10931 
24331 -19598 -8433 6800 20550 -6588 14762 22389 2056 20842 27355 28782 -25407 21662 12554 -19187 28935 -1457 -3128 16373 18782 -16623 -256 -21988 1810 10295 -12367 27750 25385 -26978 -20866 28514 -24037 9050 -22731 7212 -12999 -15140 -29987 -11671 28610 20383 26050 23304 -25608 18549 28954 7677 -1286 -6046 21447 -26948 16525 27800 17962 24186 23711 -15009 28467 29561 11512 -14769 9187 -8411 16545 -1582 10200 11184 -1907 -20733 -9912 -25253 -22587 -3544 6404 -8607 -17751 -4502 5653 -15420 9900 20264 
26632 23491 -20909 20536 -3283 -3559 4933 -10828 -3361 20497 8198 7079 14159 6376 15653 -12165 15107 15408 -24512 -24276 -7242 762 14661 -17170 -29559 13255 25945 12302 -12230 11919 -12326 -2829 6702 6443 -12919 -29488 12674 21486 9902 -18347 -1939 -2873 -13304 -10441 19111 25660 12660 3269 29219 -24072 5549 -4176 22183 3325 13006 25607 -14159 -13313 21803 -22234 -5765 -4176 3613 -9965 -17174 13742 -11042 6814 -20091 26842 20541 5663 6597 -16504 -2192 8889 -14874 17015 6364 -4865 21805 18866 
-27255 6342 -2439 -15569 -3295 -700 -6347 -22345 14436 -22081 10839 -6692 -16310 -15390 -1066 828 11264 -2172 -6988 6006 26274 -8371 -7225 18703 -17722 23956 -29779 28692 3065 -24424 -29631 -18979 29366 -24182 -23215 -27621 -8702 -11796 29764 1415 20455 -7126 -29532 11469 465 325 -28895 20641 17073 12720 22320 -12853 24024 9566 1216 4286 20257 24675 9655 -26445 16562 -16917 -6967 21102 19118 28604 17217 7107 -29901 -15740 -25553 9089 3971 -10152 -11423 -18010 3628 13492 28678 13620 -9453 -13118 
-2543 18761 -18216 -29845 -23464 5566 -7657 -17578 -27831 -13525 -8153 -4813 5578 29422 -11248 -28016 14650 19156 15066 -6878 -2357 -21429 26595 11442 -3593 -3317 -20847 -21111 25934 17704 -6892 15522 -11611 2606 20773 7303 26360 -2359 15284 16701 -15140 683 6637 18085 -24733 -25630 -27992 -8327 -23218 -16393 9871 -17055 6319 22002 -7440 -28780 -622 -11890 -24671 -26903 -23680 18333 -5376 -9591 -981 10766 -21119 7535 29797 -11978 25999 -13574 29909 -6173 18313 -4202 11199 28915 -9087 22945 28127 18946 
-7490 25617 -1080 -1872 -23116 -27448 4589 -5733 25148 12088 2433 8447 8390 22484 -19606 7118 16178 -13639 -1169 -29238 164 -7233 17970 25745 26980 8135 -9244 5967 21768 12777 -22082 24441 8595 -19410 -17784 19602 -7735 -10230 25076 -14347 -9829 25387 10211 -18484 26922 -28859 -3942 -23039 -10374 16208 -5366 26454 25640 -4209 22652 -2651 -23936 22355 -10635 20975 20773 16233 5288 -8006 21362 -22779 -5073 21257 -22908 -17409 19162 14735 3761 3021 -12532 -26385 -19458 10873 17944 -7405 15630 13339 
24783 13440 17787 18537 4786 7645 7981 -16833 -14640 25628 -28336 19220 -15450 -12268 -1464 -7571 -9090 20402 -17746 -6769 11427 21397 9493 8711 12413 -17588 -11984 -18185 -13067 -6594 21371 -10628 19311 7510 19469 -11749 22702 -28977 15413 29040 28027 9116 -14196 15147 -7773 -27352 2075 -13131 -23477 -8101 -8861 3592 3951 -26337 -7075 -23676 -20373 15034 -7986 -17953 8266 14482 -24520 21170 -16343 3480 -21045 -12879 22229 -2399 -31 -13945 -5062 -28129 -15587 4921 4962 -20888 -23868 -26304 -19377 12919 
20363 -10662 -6314 -29055 -14054 -6639 -24427 -19161 18451 14836 -29996 2446 29501 -5561 -20771 3662 20377 28459 16699 21165 13134 -24020 27515 -26856 17247 -26952 7222 -28001 15018 11436 -5433 -10920 -23866 -8261 -5597 -6555 -25481 13819 -20094 7909 1865 20991 22212 9364 18238 -21896 14989 17873 22827 12524 -26940 6024 -23521 29236 -4652 16985 11412 7146 22258 1318 21199 -374 27786 15669 28478 14174 26379 3338 13903 18938 10392 26718 14214 -26077 -26370 -21612 -10155 -15772 -18889 -3426 11256 -16606 
21283 -5230 -7491 7063 -3240 -17708 -27817 28913 5276 -20966 5583 -2463 20080 -18229 -20813 23683 10740 11405 -19369 -3216 5838 8527 -28985 27252 1424 -3068 2176 -285 -29863 15135 -6024 -9738 5558 14535 -8841 2472 7548 25713 13700 -3161 8980 -24573 28845 4547 -13458 -17166 24981 -9571 28262 259 29429 -15374 -24450 13775 -27164 -29174 3830 15107 -28723 26029 -22804 -25316 -4995 -28454 23095 -7189 18873 -7933 -9343 -15189 -13796 28297 3576 17265 -9160 975 -16561 18544 -12594 12123 -6023 -6903 
9131 21632 -1745 -20402 -27237 -14002 -7542 6608 -11722 -1100 10105 13782 13528 26786 -4725 23946 -6383 -23418 7893 27827 20343 231 -26769 -11669 -22199 23589 -15532 -5928 -22762 19120 28603 -15837 -21024 25711 -741 13847 25191 -1393 24016 23947 596 -21095 11658 27848 -14485 -26269 8777 23058 7671 -26397 9964 -22815 3076 2369 -3763 -27912 1139 -21738 -4014 -381 -12098 -25846 -8084 19063 15157 8832 1955 -17051 -24512 18506 -12207 1001 -22269 -9109 -24855 2329 -28227 25934 11081 -275 6535 -1840 
-29826 26843 29231 5621 17264 3621 6651 12266 -13150 468 4713 5085 -14044 -16084 9078 -19715 -23406 451 -6186 9999 -28569 29147 21165 -15737 -24590 29539 -22617 -2317 24968 -18851 -24276 2219 29245 14101 -23546 18395 -7477 -3923 -16911 19518 -21582 12254 -2217 27119 -3565 -13902 27837 24582 -610 1989 -18700 -18030 -17058 -27262 -9207 9075 23254 -29293 3014 -29449 -11267 29536 29690 -27504 -7488 -26278 -8256 -26598 -12106 -11445 17592 -15342 15453 -19303 -13723 19732 1225 -27019 13982 -27153 -26585 -7102 
28040 -2258 -19130 -11723 5820 -24720 10742 18904 -12281 8863 28309 20584 -29078 25166 -1324 -22563 -13097 23639 16358 -16314 1867 9081 18404 -12680 -25842 -8207 9106 17436 7562 -8649 21849 -8731 -7692 -19840 -23738 -6407 -7927 -15766 -14444 23188 10779 -29594 -21923 17746 -6238 -10175 25020 -29646 15307 10427 12937 -16157 -411 17583 1580 20949 2684 -25326 -6787 14655 -26126 17789 -4419 7315 -28643 15435 -27339 -12691 -19952 -2810 -9253 -14458 26368 8174 -5440 24274 12468 5003 -10344 21716 29621 25369 
-2048 16101 21398 5193 -3622 -20175 -5861 21375 11348 -25679 4723 20796 29813 -10794 19379 1201 -3886 -9451 -23818 13947 7563 -2530 4412 -18636 29691 -20919 -16569 -9619 16563 10463 -18275 -24373 21396 28773 20500 -3756 -10673 -23921 -14486 -14134 -17369 -5010 5902 -21390 11049 -4606 5886 -26796 -24836 13065 -8951 24773 -29266 4717 -17770 -22514 -3004 -25935 24838 -1496 20445 15076 -11006 849 -26186 -14299 20893 22618 -16375 23253 -15168 -28889 26931 -4648 9711 791 -18643 11692 -21651 29379 -19143 17410 
2272 -18383 -11754 15835 26804 18841 21210 -5072 21074 25602 -6257 2245 -15051 -15703 -9124 -307 23250 18625 -21872 16735 -2019 8422 -19614 -24097 -3699 7721 10615 2491 17659 -13607 13263 23863 8208 15373 19920 -8197 -29375 -14150 -7639 -21583 26576 14410 -25767 6159 15145 -17345 414 -21923 -5745 16123 5805 -10431 -6651 23015 12497 10359 -12915 -8399 -12480 14943 -12398 21639 11150 -11300 8680 13840 6156 -21618 845 -22474 -13121 26220 10144 27889 -18242 -8507 3526 -21682 -7762 -1775 -14051 -16957 
14318 -17906 8175 -453 -161 7934 9908 -6547 -27257 4486 1854 -13133 24260 26099 -23113 19378 -20355 13413 -14075 -5347 5986 -7235 -8075 -13511 20451 -28480 -9928 -22123 16373 -19990 11342 473 11052 225 23202 26019 -14685 8826 -4727 -13385 -5464 -24060 19512 15248 11548 -2136 18431 15083 -29910 8396 29427 -21801 22065 20379 4169 16245 16660 -2766 11589 -19575 18951 14194 -28293 -13517 27151 -15951 -15843 12495 -5651 -12535 -14921 17634 25118 14105 16360 2640 -29468 -789 -29058 -21552 -9714 -8881 
14761 -18370 -14687 -8904 -19724 -28564 -28637 -25555 -23245 22448 -15702 19515 -13077 -20434 11257 11149 17711 165 -20137 26065 5538 -15515 21736 12560 10883 17470 21976 934 6917 -6879 2158 24683 -5440 9087 4683 13564 23540 -20437 25651 18536 7132 16648 -14331 -18579 -11367 -23070 -9512 29383 7915 6813 -22725 3917 -9127 10749 28336 -4865 29069 -19394 527 -18949 1433 -6661 -27135 -13117 -14323 -15486 20382 22608 -21915 29336 -14467 -899 22987 25586 -43 -1513 -16339 771 -15560 -1719 -3069 27720 
-15493 28092 -5737 -14555 -25436 13959 14402 5571 14076 18710 9529 -3993 -22039 28996 -1774 6599 7615 -1791 -28647 -10231 -9355 29333 18046 20168 25542 -25945 -28665 -383 542 -16721 27282 5672 8023 -8094 -12917 -15655 1053 -10281 -7870 -10660 -29078 -1594 5628 -19470 -21761 14635 -25652 -18959 9711 -14362 5037 15592 -2081 18028 7045 8802 1035 -7001 26519 -16251 -3102 20452 -22166 -10950 17394 -10924 -25716 -10270 10706 -1771 -27959 -16818 -19488 -6479 1656 21190 -8694 -9850 -1320 6601 17502 11075 
-9882 -15390 21913 8674 12221 -7398 -24226 -17308 -25576 20220 -9382 -26478 26833 -1338 -8186 -21083 -16682 -2120 27410 3869 10655 -13704 26761 19740 -17035 -14746 2730 -1953 -1639 -21056 -29316 -10181 -19482 -17097 15620 20459 3309 9363 -20321 -16994 -19008 -21638 -13024 -25862 27893 2119 -12480 574 -25865 -2426 1685 -9513 19445 -28475 9853 -5256 18689 -13236 -1264 15760 16969 -1359 -20984 -7433 -17634 5682 27467 20073 17547 -15606 -12023 -3684 7491 -7349 15171 -17170 19459 -16077 -9855 8899 -10813 29909 
-11547 19144 -5315 -5791 25218 24403 -11043 7254 -9185 -23585 -15173 14043 5836 -6082 25639 3617 -19223 11705 9670 4534 29540 -12507 29197 1698 24466 -6466 3141 -23494 17391 23059 -26574 20789 22514 -10701 16751 -17808 16811 26058 -6020 -24897 8889 -5243 -1612 13140 4702 -16879 12295 -10872 -20156 -7046 1915 -22056 -20574 26088 -9800 -6533 27051 7314 -18052 -12154 -29669 27558 15699 -8786 7604 29623 -19739 -24187 26088 26598 -23044 -11759 -20266 8047 -19146 20184 15913 28078 13901 -4918 -7032 -25284 
24018 1580 332 4556 2475 1198 16568 10778 -20801 -7340 18769 14395 -18235 5123 -7334 8849 -17766 22084 -12004 19900 -29038 10938 -10710 -26813 -28138 4208 15297 5431 -14255 726 -24121 -3109 23216 4014 21519 -5536 7895 2539 24161 15424 5501 11836 24271 -13075 21732 -28519 -9722 -8820 21819 -16157 1013 7340 28428 -13028 -15113 -3855 26449 1745 -16186 -12188 -4657 -20766 3188 4710 -14245 -7767 24339 4156 4235 4901 -28473 -27316 -3762 -5923 3255 -598 21238 15195 -10286 7474 20383 -18566 
-27071 27797 3135 -16125 -15868 -8987 -19439 -26829 9409 29102 13905 -5008 -3502 11777 19341 28747 -16499 13044 7167 10132 15644 17 24697 -7387 10300 -21466 -19303 -28873 12043 20252 9445 18969 11633 7646 2585 25825 2867 -29524 -19971 10992 -23297 -14425 18298 20925 -1831 13500 -8240 -361 13202 -22325 9865 -27575 9319 14593 -24916 -11509 -17488 7681 -25974 -20771 25510 -10091 -22491 14522 -3654 766 23701 25224 -3503 -280 18406 13269 3680 23908 -1635 -23486 -12441 -6567 -18179 13519 7154 29626 
13004 14078 -10639 9608 -28531 21073 -4398 18746 -28801 -9612 8705 -7433 10507 9886 29588 8532 -10907 -4917 -22668 -13570 12604 10191 23887 805 15214 5162 27101 -25168 -3895 16627 28560 10076 -24758 23985 -28248 -21126 -7154 -16362 18109 -1663 22833 21616 17147 -20216 21981 17217 3392 -9821 -6126 23000 12756 19208 7928 15793 14748 15867 -27836 25924 -15078 -20993 17623 -25596 25125 6300 -799 -29143 18288 2712 -29894 -15160 -23204 932 -10618 503 -23851 -3880 22897 -26174 26520 21012 28783 -25068 
23658 -4508 -17238 -21607 -4595 -27345 -15797 3242 -13140 13231 29100 -3832 12055 -8425 -24303 -8897 -4400 -5431 -23365 -12749 -21760 8557 -2206 17495 -9337 -11365 -16744 3916 -27927 5979 15802 -24218 -22767 24286 -897 -26667 29256 -992 -22898 12088 -5554 -28571 15562 -12243 12054 -14080 -5942 -10092 17729 27846 -11676 -11913 23359 24039 15145 1312 -21621 13109 -14505 -15100 4069 26102 -1605 11046 -14976 20855 -16764 -7506 -12063 -59 10437 -14931 -14088 -11204 -21745 -29239 -25327 28389 13891 -27075 6917 -16023 
26440 22935 -15080 -24380 -14483 8175 -26221 17052 4669 11885 -18900 -256 -28118 -13646 -12678 4030 10203 -8157 -3844 5299 7212 11743 -8009 -2818 9886 -10728 -29579 3982 3823 1691 -18106 -13525 -16768 3599 -21504 -24083 -2771 11804 26155 8634 -13222 13928 23875 4818 24763 -7614 5764 21125 -24073 -20154 -2930 -4964 19524 -9995 -24085 22602 9722 -10116 10016 20983 28913 3286 -14938 11417 29271 -9187 14711 15148 -20056 23421 -1940 10794 -13649 18389 7950 3666 18466 6047 -21628 6955 -18736 -12529 
15152 -24805 1170 24656 16583 -7248 -28488 28314 19343 -17021 29834 18706 28557 8264 28060 12482 -4280 -27078 23887 -1745 1594 23972 -16938 29925 -27579 28176 -13648 29540 -5162 23835 -22054 21816 -23839 8075 3449 -18198 -7272 -20943 20920 13728 -27764 27223 -14760 -12295 -7604 10130 14747 23768 -7292 6875 -9314 2998 -20635 -26106 11574 695 -26719 27225 -22236 -16188 -28759 21578 9388 2047 -19821 25525 -25160 -20592 25418 -15377 9256 -12268 -12985 -4214 29364 -15901 28223 579 -28444 -829 -18327 29041 
8885 900 2079 2637 23544 10357 -16823 17191 3651 -1588 22311 -17500 23599 4757 -1429 -5408 -12603 -9308 -17790 9740 -23231 17341 -20211 28123 -6821 8869 -24056 -677 -25760 28946 -9465 25578 2649 -6672 -16445 6504 -26333 -26068 16846 21949 -14818 -28834 13211 -6414 -25049 28978 -4492 3474 9575 29316 -28655 721 -10082 29855 12146 6576 7805 -8044 26246 8986 -809 -20904 -20286 25988 -8154 -9035 21750 8147 930 -22487 23245 12878 161 -28524 6351 20636 -11599 21244 -12341 22977 -7376 -13088 
-19780 22509 14546 28219 18997 -4700 -10488 7772 13435 -1573 -15200 -16986 7870 7272 20450 -4209 -13512 15504 -25819 11773 -9974 28854 1604 -28752 -14124 -9978 -18610 -25587 -15805 14669 4805 -20595 20433 -26795 -28857 28341 -18468 5122 -546 9898 -1766 22001 -18046 4974 26797 -13933 12086 -25915 24748 14016 6987 13583 -18488 26254 8570 -5114 26423 21757 28943 -3542 13215 -26800 -8159 29306 7381 -2767 22754 -23629 25763 -27970 -1152 23770 -14881 1334 25957 10153 -19148 7973 23110 -25374 5976 26621 
7921 -25076 7742 -28956 -17984 -706 10640 20787 2961 14140 -10401 25124 1239 -24193 -24893 -7116 3471 -14991 3589 -10869 -12979 -6231 -23923 -28138 3046 -5305 24502 18893 -11070 21307 -5213 23759 9606 20910 -4191 -8335 4269 6123 1668 9381 -28523 3916 20693 12891 -5343 -27726 4735 14029 15746 10836 -12151 18947 14202 11628 -7534 -18477 10923 713 -29939 23696 1017 -9933 -17977 13371 -530 13243 -11791 -3269 -9348 -19462 -11899 -27355 -20993 -16903 4921 -855 19270 9877 -6176 -5198 -21815 -27072 
-29152 -4831 -20495 -11807 -11858 15914 -28699 14161 40 6884 25499 -24975 -17286 -10894 6677 21734 11996 -135 22647 -16318 1225 2023 23230 -14633 -21415 7267 -19318 -8115 5983 29811 -21413 -27107 9800 18648 25030 16114 -536 -11516 -12987 -10932 26884 -20458 -4564 -17652 13658 9269 1536 -13540 23761 22809 11088 9786 -27041 -18198 -25596 -26140 -16005 27878 -19287 7412 18423 -24557 -21778 -11849 6797 -28025 28483 11393 4711 3845 17897 -23809 -52 3920 -15761 6686 -25109 8934 26092 23319 -13542 12670 
9096 20463 -4237 18197 -25953 27958 2021 -5942 -10475 237 5264 23627 7646 19706 20350 -8088 9026 21991 3027 28967 15041 -3075 -26624 24273 -24140 -18297 -17157 17831 8831 -3231 -15294 -8593 -28594 16443 5207 -11833 29661 4118 294 -12209 -21682 -16563 25774 8710 -1253 6586 -28164 -1466 -12335 -19754 -11624 10445 -13530 26514 11180 6018 -2248 26205 22820 -21397 5740 -2933 10471 26956 29006 3324 -19843 -16420 -19583 -6156 9152 4932 29205 -3859 26720 28994 2336 -25899 15444 -28284 1582 14026 
24147 29345 29975 29408 -15799 -1157 20136 11632 22616 -12572 20305 19583 18029 1636 7256 -24200 -15538 26774 16079 -3103 4428 -9863 -16844 7097 -22370 -21171 -18130 18551 -4894 26169 -7441 21655 -11737 -24231 -28488 14541 -20063 -9193 -5351 23298 4562 21797 -3512 -27840 -4424 -24009 -27767 -9667 -27184 15208 -17011 1493 29449 254 5897 -18746 -4491 19428 -3372 22952 26721 -249 8086 6984 -13038 -1167 -10680 -22197 -11050 7126 12942 -27423 -24175 27009 -3848 9861 3609 12953 -12465 -17821 -7174 -21537 
-27741 -15359 -15048 16856 -25164 -8778 2351 5456 10298 25009 -28628 -23151 -19191 1862 14191 -3718 15662 -10157 -13342 -9460 15460 27730 24474 13650 17299 -15306 -27040 -14844 10772 -24258 5401 -3076 1129 -6235 19553 17922 20944 -14664 -22718 28444 -8646 18130 25822 -25001 3930 15632 8839 -22948 -46 3706 -29018 8196 -22951 -5437 -15975 4657 -17352 -11331 -3672 23560 -19612 -12073 19257 14639 -17536 3153 18795 29204 7034 21374 19859 25081 5650 3225 11006 -3426 22977 5140 28125 -27422 17943 -5627 
7658 2836 -22965 9267 16697 472 -14992 2596 -19960 -10477 13409 1862 -23634 28539 14825 12647 -26103 -23953 4734 -21378 15541 29557 16047 18700 -14387 23554 -24506 -24734 20692 -23203 10964 -26203 -26343 382 -10551 5439 22157 -9032 28706 1259 19859 -14472 4087 21721 -926 -24593 28357 18750 -2309 -12921 -12843 14648 -9033 -23561 2075 -20464 13669 -8012 24189 16257 2682 23858 18221 -23217 19652 15336 18258 -27674 -5373 15778 24480 26977 -14825 21923 11069 -17245 -1024 20114 10992 12996 -5741 14361 
-7660 8654 7101 -26283 -23468 -1926 24057 -6925 15202 19056 27737 20449 -26324 21952 19665 -9700 26134 -27194 6861 -13648 -5802 16909 23813 -26706 -1281 1530 21322 9917 13092 -24416 -12231 -24024 -2983 18367 -24014 -4413 -27464 -23994 -8257 17922 28218 19976 7001 -11542 29386 -25191 5963 -12976 21728 -22718 14640 -3084 -13656 5714 -13276 -198 9145 25172 -6712 -26316 -2519 29546 -5107 15163 20111 -6258 -21539 -22139 28798 5075 -26474 16129 11411 -13363 -9115 -3200 29018 13219 -25626 2165 90 -10468 
24228 -22023 -6529 5549 -17172 11277 -16584 26266 29586 -19125 -14633 -12417 -5201 28529 27843 -2297 -28944 1151 -19707 -21078 26412 -14173 -10454 1064 20223 -8989 -4331 -3817 -13234 21771 23768 24163 8641 25905 10409 -6072 -16954 -16318 -13025 -10409 -19838 5660 -2297 -24563 -10842 -22374 2478 -13955 -22995 20638 29928 5411 -23277 2181 18522 -22423 -3966 -19973 1936 -22269 -866 3794 -12810 15026 -8398 7671 28780 4443 -1578 9200 25388 20695 -4859 -10734 -15871 5017 27861 22451 17815 -26202 -17962 -17291 
-6696 18983 -9773 -7781 -6288 4286 -21488 4717 -15944 -11359 -28103 7736 -14766 1776 -11516 -27758 12629 5318 -27498 21299 -28100 17722 -19543 -6662 23217 20313 -9587 -2010 5153 1510 5610 25298 24749 -10201 16106 6098 11926 999 21431 29283 17968 -11369 -22026 -10601 -24684 10635 -13512 4108 -10444 20856 -8671 -1491 3083 -29583 -16281 -3259 29696 -24484 -6851 -1805 -23289 -29850 15209 -26350 -16321 -24975 -19982 -9760 21110 14408 -19938 17238 -17118 -10083 7213 26888 15114 -15323 -17405 12158 18209 10716 
16550 -26155 -29762 -1876 14967 -17839 -18169 9062 -17982 10086 -18524 -28691 -23525 -9634 11151 26711 6604 8894 27014 23858 10651 -19646 5 2784 -15745 18602 26104 -27060 3711 14849 -9411 2056 -10091 29166 15059 7695 -12993 -15216 8999 -3081 -18811 -22607 -4656 13004 14826 1842 16473 16318 28678 1127 -311 -16195 -24713 -5071 -20742 -22255 -27203 15243 -15203 4567 -20449 12620 25037 29533 -15750 11903 23400 -7637 -15251 27704 45 -13075 -22667 -12619 2984 -5261 -10880 -7161 17025 2205 26410 21586 
9176 -15765 10766 9577 20938 18779 -28666 -23813 7460 -4066 3136 13411 23573 -15306 -7481 -13241 6708 29796 4135 -5119 -26670 -23076 -20382 20873 -12307 5432 10954 7283 5042 -279 -7504 -22898 -9282 -24414 14953 16729 -9706 10140 -14714 28815 -5423 -29276 14789 -2660 -1006 9034 -26739 19558 14406 -19770 -29536 24775 -11734 -24617 10284 -5623 -8923 20987 21815 -21395 10261 3950 -17165 25189 23804 -21487 917 17592 3657 21621 17428 -22250 -19141 1419 5926 -3308 20821 -7874 2479 24730 -13419 -20653 
-28848 -21486 5600 16733 -28204 -22619 6631 -6898 27732 -16189 -9918 -14124 18098 -26087 -23414 -23829 29800 10730 -26903 -26004 -16388 3620 -6164 -29215 24565 -15794 4005 16485 21157 -136 8170 -23042 6962 27566 -6128 -5955 -27473 15114 -26731 -15634 -20472 -25852 18750 9210 10509 -719 -16287 -25787 20244 -2207 21054 -3574 -28673 -9928 -21540 -18886 6223 -18058 29044 17024 26727 14651 -10583 -25031 -6272 22831 -18679 -6318 28919 23859 -8020 17168 29303 2075 28993 -5117 2103 -21711 -18096 29207 -18393 5587 
25222 2113 -18863 -25675 -7818 4150 13918 25538 1925 29150 -645 -24652 10082 2217 -16671 -24594 -26116 -9354 -874 -7108 16799 18969 -991 -24047 10384 -25253 -8084 19191 22016 13433 17889 11936 26018 16905 -19040 -12863 5047 26230 -28167 -1174 -16134 -20022 -21866 24017 3591 27696 -5549 27670 -18799 -14097 9167 20611 6865 -6008 -9805 -28458 158 -10525 -21158 20786 -28720 25313 19874 19818 17553 20732 -8782 -994 -775 13846 -6988 -5406 -22657 24297 -26844 14122 -25534 2062 -7801 4374 -24590 27080 
7129 -7620 -29517 756 -17513 -19496 -13051 29342 11529 1621 16382 29190 -2991 -5297 1440 -23878 5170 -27070 20051 23219 -5898 16173 9980 24134 19535 -3845 -27834 13412 -5819 -24519 18850 2335 -15589 -8889 23555 3183 23381 -8852 -11301 -7613 -16904 -4326 677 -26912 13383 -11938 -16788 14127 2785 -15593 -5425 -28069 -27916 -18915 -4091 9190 -11394 -9563 -29916 -7342 19495 -15421 14440 21397 -2877 12667 25277 20761 -4178 -15714 24644 28745 22486 -19025 -4776 -27823 -14691 804 -20211 -16761 3705 18565 
-26945 9617 -23559 -6571 -8475 -6625 -21376 25151 28702 -26947 16223 1893 1722 -23299 4825 -14708 18482 -8460 -4170 -6773 316 -3647 -20982 -13347 -29356 -18770 -8060 461 5818 -4563 17512 -5488 12160 16584 -10843 -9580 4118 21096 -15936 21988 -28618 2822 -893 16251 8557 -14573 4760 -18264 -24469 18750 -15127 16218 13052 -726 12595 -22418 22589 -24099 -2131 16973 5221 -17817 1284 -13364 -16118 -15190 15288 5882 9507 -4761 -29030 8950 11586 23065 15900 -8308 10307 -9253 23515 4086 -12036 21603 
6314 25738 -25091 -5892 5032 -28865 -148 -15654 13047 -3905 -27532 -14307 9603 -26695 -11369 9157 -9910 10917 -20629 7279 12111 2414 -27031 3269 21136 25380 -19832 28872 29419 20426 17483 -24489 -14500 -24522 6167 12552 13497 -22816 -15209 2782 4450 12320 -29362 19314 -14549 7482 7961 -9705 5227 17624 -10969 -25808 -14136 26258 -11877 16532 -13992 -2280 -27494 -12464 28301 -3036 24608 12378 -23952 9261 23517 21614 -695 1896 8445 2328 7483 -10784 -4821 5623 25701 15228 23444 5554 -19257 -26441 
-21514 -5006 -1559 -21857 546 -23448 -29363 1323 1154 26561 -3492 15169 24710 7743 -26439 -14143 -1878 11487 -26832 1234 18030 -8638 -789 -5360 15523 13516 139 26935 -22865 22925 -17516 -15310 -10750 17031 8335 -28090 -4964 -22113 -19640 -2324 -6175 25196 5823 7575 -16588 10552 -21226 20858 23486 -28079 9612 -3456 29637 23558 -511 -9614 10577 777 -22444 -27105 -8775 -5540 3024 -29669 -4664 -21542 15921 -1332 -14554 18124 -4716 -22597 25416 -29904 -3623 28508 6541 28277 15083 18595 -28077 -4798 
24241 -28688 6440 26433 290 -14609 -6595 -22689 4696 7739 21221 24618 -16296 -2458 -6741 -15696 -13269 25462 26239 24575 11984 -26956 -19239 -9716 -2722 -13719 -8367 -15889 22276 -4045 22888 -2552 3423 14559 9114 4110 -1269 -18911 27689 -22036 -16475 28340 17752 -8881 15352 24115 -27969 -4152 -26837 11855 -14444 -2063 -16335 17716 15506 -1167 16450 26460 -13366 -25858 -4574 11396 22655 29750 -7364 26195 15831 10933 12091 28583 15470 9099 -14860 5909 23418 -14549 -25708 -12582 -26833 29068 -578 -29390 
-21093 -8683 164 4692 -19578 -18289 -5638 -17483 20336 28155 -21243 -22337 -19613 -12299 -13769 16222 12267 18749 -18899 27190 -9049 -1664 -24433 14949 10767 15343 -20382 -13296 29321 -20103 5948 4442 5609 20031 13362 5197 14317 -22617 28615 -5040 5576 -250 19051 26059 -13501 -3608 -7843 4768 -21594 6903 15335 -5797 25037 25012 17272 -17461 -19848 -22483 9892 19198 8917 -4414 1901 20889 24915 -19203 23321 -14046 -20083 -13182 -1211 -14883 -12885 -17116 12267 -19251 -11553 -4586 12290 -19460 14486 -22241 
-2542 -22968 -27546 21927 2959 12947 -8210 24691 -12255 -726 -6609 16660 14894 20107 -23437 -26794 4936 3554 -4738 -26518 26758 -20263 -3562 -11221 -22657 -6102 -28506 23639 27317 -5424 -29118 29109 -19162 24767 -18187 2692 -28572 -8410 901 18186 22989 -25822 -10883 -8998 18881 10974 13098 -10900 597 -13535 3643 -16658 -6084 -1934 6406 -12537 -19489 28301 26597 16677 -628 -5289 21163 29352 -21337 24759 -6072 -15091 -28693 18351 471 -6691 -15111 -19923 -17724 -1088 -25317 -9867 -13321 -7117 198 -1304 
-29660 5136 -27520 8146 -27714 28534 9530 -15038 5561 7108 7428 -9179 13795 -2316 2711 14008 7812 24406 5402 4772 16969 1424 -29139 -5969 -621 20087 23158 -10663 -21030 28540 1131 -21675 13150 20985 6896 4652 -21287 14184 -7049 -23003 2636 -25840 -10422 -14724 -7688 24847 -24427 21079 17517 -3422 28277 -27175 -7942 -21108 -23091 14400 -558 10653 8857 -14738 10649 -5765 -8289 -16962 11974 10737 17541 -24703 -8423 21957 3813 26385 -2557 21281 9816 27049 11015 1290 5125 -22036 -6800 -22420 
24401 2563 28440 -1962 22483 23155 -6022 -14945 -16371 969 24103 26888 4064 26981 -1494 18427 -20287 19052 -17921 21823 -29089 -6874 -27561 -9339 -13314 -28781 -9451 -23492 -20950 -444 -14772 9184 18351 5436 -21012 7708 335 17674 13000 -22621 -27155 -15734 20815 7504 -8349 -9044 24571 5587 -13463 -5951 26080 21254 29645 -13658 17384 -13422 -6122 10048 26169 10797 5544 7367 28044 -18998 12210 27798 -25707 -19566 -27162 -20896 24978 -840 -163 22909 27708 -20710 18537 -17968 11566 1251 -2899 11151 
-16698 5219 -19749 -13428 -9263 -4440 -10944 -28476 1843 -10052 -20049 -11370 -10727 24645 15556 -9150 -73 -26257 984 -3261 -22942 -14258 21850 -23872 -19206 27101 -9520 -26066 20340 11951 -1925 7904 -11074 26191 21167 -10372 -17934 20799 -27986 -29192 4647 -15602 13108 18517 -24433 6407 15470 16493 -29160 24002 -7317 2708 -25378 -15035 -6173 27499 7234 -24772 -23690 13152 26256 21721 -1372 -6963 8008 -24139 -3169 -16181 5632 -18408 -4952 24824 20255 -29294 863 -12372 18274 -12069 -6532 -4331 25515 -16520 
19178 4676 -28273 22829 -24585 -20167 -11216 19320 20941 -26542 -12173 22094 29569 26580 13797 -6534 -2520 20043 -2095 20676 -17049 5498 11841 -471 -6957 -14000 8859 -6912 20821 -24664 -29189 -15034 17087 2105 5113 -4797 6042 -25754 -28074 -23839 -28664 -1050 -28455 -12104 -2346 2505 -12242 18346 3490 18649 -14559 -28510 -26980 -28841 -10078 -5982 -2533 -21965 -20302 -23721 7919 -16995 27729 -8264 -19059 25434 -26885 -25599 -6998 -15635 -2233 28927 21753 -28989 -12961 28283 23034 27992 24640 -22048 -27845 16187 
-27760 20319 4951 -9980 -23140 10170 26233 -12333 24212 -12779 14905 18326 16185 22429 20614 -22603 -22074 7392 -1410 28689 5617 -2678 12600 175 1053 24665 -22463 23792 19791 -17608 -14853 -24347 3934 -12011 18667 21543 6701 -14882 4200 -28666 -29702 -21869 -6359 13158 -27105 1252 -24767 -9052 16668 29835 -732 -21292 -27649 -10688 21098 21923 -5594 22783 -28963 8158 3993 12499 -1281 2319 -2819 -26994 -23334 -23655 13935 -29464 -20076 2031 23383 -16273 14362 -23494 10538 15953 12038 7719 14151 -85 
-23919 -17321 5253 -6052 14638 29045 -16942 -21671 -18363 6840 -21045 21690 -1398 -6792 1649 -6176 -11655 13945 15516 -10761 -15005 -20990 29365 28776 -18492 18836 -14034 25252 -442 -19045 25512 12801 -7427 -18152 2854 -9368 -28115 -23858 2962 27860 3994 -23092 -2246 -7653 -6970 11955 -15162 17966 13837 -27538 19617 -13119 -27627 1610 19261 9661 -5832 -6185 2640 -25371 -15499 -20968 9236 -20142 -15210 -2664 -2375 18730 -13919 16175 29012 25385 6686 7664 -6395 357 -17266 29498 5593 18271 -7585 17062 
-11913 -8383 -14087 -17453 2182 6710 -959 -44 8906 -20029 226 28928 21309 -11764 -28723 17233 -23239 9733 -21945 23311 17956 -5779 24770 8810 9790 -7275 9053 -18610 -2680 501 -8102 2644 15577 5900 28027 29585 -24739 -15207 5956 -22415 12881 20448 -25139 -5865 -5218 14828 -6921 -25735 2371 -25474 -19584 10080 20154 -28075 4074 22280 26231 13375 26598 5982 13657 -25562 -8096 -11911 -1283 22515 -10588 -6570 21043 -7935 400 -12798 -2113 -15349 18258 12218 -1949 -3990 -6260 29548 4195 -26549 
-11729 -8797 3467 -8806 -17929 21328 17017 11130 -1669 -25801 23263 -11864 -7769 -19990 -7205 -22573 415 14472 22706 25177 1374 -8197 -1651 951 -5099 -25926 29989 -21409 -695 -7549 -10634 -11053 -10773 -29276 3257 22005 -27166 -16704 -10945 -510 23534 29758 -23733 5315 14829 9507 19017 7921 13649 -6857 -8838 24716 3457 -23114 -14044 -10976 -18679 -2429 25323 -26743 1681 -6115 -11111 14581 6608 -28832 -2385 -29206 -114 26661 -14315 -18986 -8960 7042 14803 -29322 -14479 -590 -29892 -17904 -13933 -4787 
-26053 1837 -8728 -19549 19342 -26645 -9518 -24667 21438 17150 28172 -19122 2552 20230 -26626 -2279 -21213 -29442 -2604 -16951 10926 -21527 2215 -14343 -3710 -24794 29425 20866 -10505 9368 -2409 -6829 -8460 -19321 -26768 -27006 -5091 -6677 -25631 3078 29320 27289 16624 17948 19380 18595 15721 11931 27602 -29245 17965 -20825 22077 -606 -25066 25850 5190 140 29872 15461 -29028 -6659 -17721 19046 -17670 27453 14658 22487 26343 -7295 2537 5603 -7457 9318 992 11469 13518 7772 16285 -7603 -26913 12650 
-7028 19037 16566 -16192 -16781 -23252 -11479 1267 23525 -27003 -11137 11621 -16010 -25002 2797 14014 -26976 20492 -25644 -2218 3253 -17680 11833 12895 22731 -16063 4391 -23357 18210 6610 -2007 1189 -28122 29836 -693 -15757 -14128 25739 -22314 -21583 25589 15618 -10005 3602 20920 15763 -10450 -4289 5804 -13024 13045 2667 -8297 -2250 -15936 5178 -10796 -25606 18922 -18445 18890 3766 -3247 23896 -27078 18977 18255 -14271 -1373 -1 -14931 -1997 28769 -8934 -26305 29446 -3592 -19893 -4740 1061 20721 -29586 
6094 27363 5686 -19751 -751 -20825 21643 -11476 1535 13632 -23216 1385 28492 -27304 -17226 19710 553 4205 -286 10227 4067 -10917 3271 12077 8212 23499 -2670 13455 17281 -14613 28807 17178 -29840 -12527 20939 -18123 14766 -11995 29226 -12549 -24154 7013 -13581 -9282 23105 25446 19396 -12787 -6384 -15529 10132 8106 -11957 -4251 16798 7674 -1399 17608 4296 10015 27181 -2728 -24643 20303 26831 21879 -27072 12806 -23966 -28346 15000 -15203 -16203 4185 -9879 -14772 -29946 9855 1918 16461 12048 -25714 
-7681 12827 8338 -5408 24558 15853 29040 -21117 2113 -637 21054 20689 10309 964 7117 6640 4603 -26739 1837 -7035 -27920 13313 -4605 -18244 9500 -12668 9378 -9564 622 26483 -1343 19731 -7199 21081 446 15295 -19253 4240 1809 20873 -27262 -13886 -23010 11280 25384 -18661 18246 -15531 -1550 361 -19367 12722 -4442 8258 -23784 -9783 -17339 -5285 19262 -1107 28838 -16106 -25568 20051 454 -7057 3018 12321 -1090 7962 17880 -11221 -28388 -25825 4661 14783 -26948 -20397 25268 -14772 -13430 1613 
-5040 -27565 -8520 8914 25665 6901 15787 2438 -4958 -28516 -17396 26080 23523 26644 16713 -12443 8291 12394 -7774 9646 2927 -24007 21632 -20020 -5118 18982 9583 -20673 730 8085 -13260 -15932 -14845 -11220 21610 -1658 -29671 15191 24737 21441 9328 -23326 24627 14659 1505 -16981 2745 -26431 -15999 -8922 -24509 29420 -10123 8576 -637 17535 10992 -19161 5367 11493 14682 -6689 -11560 -6259 -22266 -20848 2667 10368 -2726 -17751 11582 27108 -22734 14569 -26360 -7595 3314 -6033 -2816 15708 3380 2814 
-14001 4909 10143 -11775 -26545 16934 -16395 -18102 -23881 -22357 -24673 -29306 -26345 -3034 8291 1106 -8146 -6419 9254 5175 -11214 21754 13036 8778 -5925 8138 20249 16271 -8695 14465 -15170 2477 -6455 -1242 11159 27948 17999 -24281 22937 -26088 -22205 267 25751 -12157 -23134 14195 21406 -24151 -12001 -28689 -1178 5560 -6026 -15194 15597 19987 14153 -27042 21107 17664 19649 -4390 -13606 23820 9576 -1044 -28847 28943 -21142 23142 9731 -903 24919 -19727 -20465 -18961 -4944 -25183 -27596 19644 25689 -3556 
-27922 24500 15911 24742 13277 -9729 19374 -22557 -12190 -17684 -12445 4674 -28423 251 8569 -24443 -26379 24103 29616 -4581 23387 -27830 4104 12736 18865 940 12293 -28936 349 14740 8164 -14895 -26411 -15092 8261 15212 -26437 7037 -27417 20437 7294 1302 -1351 -12006 -6858 -22678 -26139 9066 4430 276 14564 27161 -28018 -19652 -29338 8799 -8498 -6814 -3198 25894 -10651 14100 15880 4084 -1067 27932 -17968 -18919 -22940 18444 21613 -23932 -27719 20988 8134 -575 -23647 9510 2491 20040 -1173 11807 
-14629 6948 -25234 -16652 -27703 -14915 14415 -2804 3177 23997 -16987 29881 -22794 -9999 23816 -1115 -27425 -15678 -8146 27984 22792 -13796 -12264 -16713 2063 -12071 -11027 -6654 -5330 9992 -2283 540 15952 -17506 24146 -6614 23778 15589 9162 22631 -15248 -8683 -15345 21741 -10360 -19019 24080 236 -26525 -22802 24917 27189 -29283 -8279 -27227 -25947 19905 -5684 28734 7519 19862 -29049 932 5824 12177 19900 -11366 14821 -19644 2820 2791 -17516 19927 2893 9210 -16838 27534 25019 28784 -8392 12661 5106 
3615 15093 16918 3134 -26407 3662 15927 8101 24004 13013 -8791 -14837 27796 14502 -4446 -12693 -11005 14056 -24880 -6112 -12848 6179 -5234 7066 9569 19831 -10770 -29377 -12351 -16179 20724 -24904 -2099 28229 -29026 -1613 1104 2328 11897 -23514 11574 -1545 -2323 2484 1047 -20920 -1402 -1951 -24675 14601 26567 -2466 4384 -14841 -26684 29141 -4909 -12877 24023 10970 -16705 -21691 3108 2012 25732 20630 -26437 -14467 -10116 21916 -7082 -3612 13680 19021 -8162 4616 26360 26925 -19187 1237 -1487 -4242 
19285 6384 9946 -17222 -27296 -24559 -21215 15636 18749 -16174 1270 -525 -9705 -13744 27376 -13830 -7481 29950 29741 -9896 8251 -27583 58 28852 11514 -11361 -6909 -11862 -21444 1617 18052 8259 -5113 -9868 -9585 -24544 -17588 -16257 1974 -25265 13903 8866 22970 25777 -7907 -24913 -27390 6861 -7988 -13812 13779 11239 -29670 2118 -7945 -1944 5083 20346 3366 -22577 -9315 1655 8482 29438 -23632 -12421 20847 25526 15577 -4676 18172 -16423 5939 20424 -26229 28041 2608 7835 23638 6258 11289 -29305 
-13529 18416 -3107 21406 22076 6706 -19075 6697 -23907 -23415 21443 7414 -4387 -18060 1922 -21043 -8784 -16391 -16780 -27755 -28296 1267 28813 -29725 22970 5414 6199 2323 21479 26052 -8214 27182 -27789 -1398 -17831 7137 -4689 29046 -1195 -13041 24204 -16222 13971 -2460 14880 -21910 24563 -20238 -5942 -857 -24215 -10934 -28332 -29456 -3981 -23145 2617 -23492 -8574 25693 -3776 27778 -27091 -25695 2858 27655 -20607 8499 -15520 -2373 -26648 29506 -27433 -10344 -10541 7858 26571 -6270 -3636 2006 -22372 -20147 
-18400 -7152 21766 -8148 -10396 -24561 -22095 5369 -7125 12759 20890 -10468 13753 -20595 -12535 22158 25705 22182 1804 -17595 -28139 23718 4265 -22627 -12296 -22171 -3573 3923 8719 -25851 15621 2981 -17352 -16848 19585 -2001 -14514 -5350 25826 1643 -6745 25835 -10681 -10655 -11528 15134 18119 7378 -24891 22376 -8279 23119 5873 804 -22877 -17415 -27878 21463 7495 -25153 26894 8773 10739 -5579 16589 -17962 -10274 -23173 -20290 -4390 -25735 -10408 -19825 14736 -8512 12374 11247 20065 -18409 13285 17433 20770 
-27180 -4855 -27556 3391 -8940 26556 13430 -19301 -17450 27744 -22740 25275 -10275 -1662 -19129 25934 19821 1324 9180 -8057 -11246 -7261 -6259 26776 27244 -7157 11240 23639 -19703 17350 10099 6554 -28244 16209 -18391 21607 15629 -29394 22595 6747 -20049 -6977 28337 -7359 -24277 -2452 -5488 -3703 21711 -23610 138 10228 9283 -5296 -23440 -26769 27237 24037 -17337 -21608 5800 -4543 17157 -6418 -18707 -28092 -1085 -23078 -13619 -12776 -26515 -12366 -9402 25637 23266 14527 10294 -26668 23685 11707 -26932 4690 
-19619 12280 24268 25110 -16259 -17031 -6354 9547 12868 -17224 27999 -27337 373 -24549 13306 18909 -5842 12930 11082 -1046 -3832 12224 17123 4006 24606 -23780 23375 10531 9237 27888 23968 16723 11578 23091 8127 4799 -27110 -7375 -29956 -7721 18663 21240 -25099 25700 -19015 12639 4277 4571 -10368 3792 -23692 26052 689 19883 -22321 19869 -26938 -19621 6069 17762 25162 -7684 8807 -19365 -17472 -29036 -10283 -9957 -15885 -15116 20904 -10093 -3052 -21907 -3399 -7104 -19852 19876 21355 -8485 -29868 15790 
14624 7137 10730 26409 -11608 -8507 2342 -24051 -28425 29582 -21977 4035 -14935 9777 -26253 -23993 -27659 23682 9976 -5068 -29559 15694 -1865 -14977 -6698 -16520 17150 12950 11779 1559 27046 16551 -14551 21149 -5095 -367 -9096 2704 -20397 -6573 17991 4712 -17701 17379 23338 22616 4379 -9339 4680 -6568 -14277 -9547 23782 -1058 28433 -3702 26294 -16419 2678 26050 20283 -22201 2107 -11201 1647 2433 -22429 7819 16396 -12744 -8184 4189 -29816 29371 -7849 25658 22503 -10039 -15803 23951 -13270 -16711 
-11179 8365 -8936 10219 13585 -28833 -986 6770 5702 10866 9105 26321 -22758 -12369 21586 12834 -18873 -2332 12619 26409 20284 1400 6450 17282 25441 -14309 8415 21706 -11981 -24206 -12851 -29707 20575 18839 27881 -4710 15651 -18624 -27074 -25045 2990 16588 7980 -7325 -14202 -10180 -7541 1699 -18070 4970 -14376 -8984 28775 -20209 -17941 -9664 -20993 -6273 14562 -24774 -11868 3980 -349 -28651 9859 5781 -10978 13563 -10462 28826 28355 26214 -8811 -9904 -24145 -26122 -29145 -2262 -20187 -15872 21163 14296 
-15779 23250 13238 -116 21837 -25238 -12524 1988 21929 -23902 -11919 -24651 10186 4140 13922 -1508 16090 13313 11348 -2690 -26129 2749 14931 25004 -12336 1120 7793 -23742 7697 19701 6794 -6376 18440 19491 20754 8125 13188 -226 -25550 9396 19003 1248 16089 -5096 24288 -14269 15157 -15832 -18577 -17992 9138 10969 -19194 -14619 20618 13578 -24789 -8228 17849 -27246 -15746 -15029 -21106 -24774 1469 -15491 -15902 -28738 -24543 28346 3089 13934 -1770 6470 -5833 21692 2077 4634 -3456 6069 1300 19133 
-2164 -11915 -13850 9296 -2639 24815 1241 10854 14520 2902 -7506 -11204 -27741 -554 11477 -6533 -762 23955 -5950 822 -15660 -8542 3717 6726 107 8315 -477 18330 6213 -27033 -14622 -15771 -26254 1280 23895 1749 5263 25404 8929 -9905 -20510 8337 -13652 25070 -27843 22281 12577 25399 -14914 23280 4958 -26372 -21279 23660 -5829 6675 25364 -26342 23912 -15953 -28320 -21039 -26403 14437 -4739 -12315 10628 14451 -20257 19536 2588 -13791 6024 18677 12358 -20974 53 6019 -6379 -22373 15440 -3714 
16616 11218 15464 7227 -26594 18475 -25561 -24652 24307 -25599 -22169 -27900 12004 29165 18449 -25773 -2849 17372 -16888 18899 -4455 8419 -8768 16549 19297 761 -20514 -25332 -1995 15239 -26917 9759 13473 -19081 -1233 -4683 1997 -1783 -12153 19619 -21084 -22863 7653 -4932 -14287 21489 -5714 29906 -6854 -17982 1924 12683 -14266 -17197 -13946 22081 27644 -3777 22869 -11286 -16036 -29279 21427 -3417 5577 1180 19103 -8967 25525 -13759 4094 5122 11168 -20842 -12164 -6949 -23614 20441 2364 -20465 6445 1252 
