79 92
-24802 14777 -13369 2204 2440 -25932 23384 -1761 20370 23509 -9211 -25409 18504 1877 -15101 15435 23428 -11070 -25704 -2809 -17567 -5792 1164 -24627 5216 26297 -19095 13425 5454 -21140 -13425 18372 -1927 1808 -10117 -8337 29506 -19224 19775 -6829 -7828 -22124 7107 18813 11700 -17314 27279 19403 -18390 -21795 -19135 4429 -1779 16771 5296 -12875 -13407 23525 9131 1199 -10374 1174 18604 -19522 128 16298 27003 -29695 -22127 24444 -527 25243 -26374 -13503 12770 3177 -8824 -28968 -6059 -27688 -13671 21057 19682 -25714 -2509 23724 14986 4378 -10368 -5532 17347 310 
-18619 22410 -5019 832 -24767 12280 24855 -17031 -9103 -11562 24909 8694 -8246 -13554 -3904 21128 25548 -8685 27581 23853 18383 -26641 21923 -21164 22305 -374 3252 14574 22084 21979 25201 -27134 19615 444 22560 -9618 28705 11286 2005 18596 -26731 18049 9689 -6370 13178 -15685 25715 2794 -25046 -25810 -25490 28963 -19137 3829 27940 -12781 -11216 17941 10612 -6403 -22042 -10022 -21646 15547 -10285 -8372 8622 10693 2303 -12351 24283 142 28811 -28876 29133 -14961 -18408 -20805 10908 5800 -7993 -7190 -927 -11582 10045 -15404 -17311 69 -16790 -5146 25082 10304 
-21229 4320 -3137 26928 -25052 6790 28095 -6372 3424 -22007 15018 -24921 -6642 -6513 15009 8657 8673 7321 -19688 5275 -12562 7170 -22535 -7775 -22718 11649 -7117 20028 4076 18208 -12181 -4217 8130 -17031 -3631 -10153 15841 23793 -3374 -6470 7427 24288 25040 -13686 -19022 -10931 -26585 -29147 6207 21142 -29759 -13844 -24426 -27595 -16457 -1106 -6267 10349 -21938 -27160 5624 850 4926 -3580 -8732 -7814 4582 -11599 -2075 4977 -14349 28300 27175 -10726 -22680 14687 12250 -19601 10628 -5620 -10748 -25676 26328 21636 6761 17812 -6335 12640 -7304 6785 3854 13468 
1482 -24291 -13835 -1335 26521 3827 -24945 25143 -10678 -23438 28415 -6678 23029 -10356 13767 -23677 -125 17494 -11407 -24766 -29533 21832 -2098 -26276 -20239 -24666 23312 10940 -19940 -3741 22446 -8454 9199 17253 26925 -27920 12484 -9727 -1174 22161 -16075 9772 20464 3918 22849 29710 -11633 -13909 -3946 27080 -20688 -774 17296 -18016 17276 2892 13035 -12502 16030 2073 15786 -11501 -4792 -19119 23824 -5956 9714 1274 -15107 -7673 27226 11532 -188 22073 2887 29834 1998 -22821 -7106 -26133 22512 -18330 -7740 -5334 26275 -138 -19566 -24111 -821 -13168 -632 -29601 
3954 -17847 5475 -29966 -17906 -24120 -25220 26837 -376 17323 24556 -9631 12442 -5938 25579 11741 3337 11223 28517 18602 2121 28714 9329 -27635 -26206 -21606 -24174 20060 -6773 -6007 761 24590 -1054 18063 26572 2995 1492 22967 23960 7548 -1778 5836 12117 -10336 -19760 -4463 25930 -4453 17227 -23949 21696 17068 -16573 13204 9724 4367 -24326 -23329 23803 -18365 1564 7866 17559 15603 -1199 -14932 17665 -27710 -22133 -21217 -23951 -3848 -299 -7869 -16367 15023 -26567 8243 8835 10284 -11530 7532 -29974 -24783 27165 24270 -691 -29719 -5370 -13713 18661 24154 
-23368 -13091 29668 -8706 5999 -18737 -25834 21113 -14877 -15092 -20711 -23674 14425 5582 11258 2570 14786 -15374 -16685 -9050 -21606 6005 14179 22498 -2698 -1882 -11499 25380 21575 -8668 -16450 -20054 27858 -23527 23232 -17463 -24567 -17261 -15659 -27704 12274 -8310 17259 22468 10143 -18631 8247 -19354 -3841 1452 9373 -18064 -317 -10901 -2643 28466 9470 13512 -18915 10540 -12677 1601 -2378 -26191 8209 -18520 21893 -2938 -13512 -5788 19219 -9487 24370 12094 24111 23168 -20939 14176 -26289 -29251 20655 -9572 14292 -2141 -28025 21255 -1195 -8439 1279 14131 7207 -11889 
15912 23421 29148 10192 25093 -14916 26793 -23696 26947 -17101 16095 25963 -8717 15164 29284 -26213 -27799 -26873 -1839 3639 -9654 330 6334 -23595 -12590 -13598 -23165 -25668 29424 26208 28142 3616 -16018 22536 6966 7185 26686 7060 16575 -25800 -6483 -1483 -23367 24134 20361 13741 -28297 9544 19209 8883 28851 -11394 12760 -1822 27892 -2241 -19374 -1964 -29384 906 -2705 -19714 -20988 -27411 -5230 14855 -3537 29797 -28661 -26798 -7382 -22817 -21231 6717 5615 18502 -1853 11545 -24168 -18599 -21157 9863 28782 -8893 19397 -19643 8858 15394 -1239 -7886 18181 12405 
17420 2121 22512 12462 13285 -23785 -4065 -8153 24192 -23476 22856 -5809 -27803 28086 24919 1068 23241 19797 -27413 16318 7128 -26970 -20585 -20014 -26489 -6889 -6626 27868 8545 398 25387 25915 -27369 -18399 -16982 -15459 17418 -20234 -1257 -29882 -13952 13940 -4139 -3342 -20309 -8374 -860 1336 -12074 27219 -26050 -3141 -18108 4864 716 -16133 8460 -14157 26086 -11976 -9155 -16032 -4332 14691 23848 -1018 26166 10592 2367 12612 25317 -10111 -6115 -22535 19875 -21481 -362 17863 10516 -26307 23401 -29 15597 17007 12584 -15702 -3131 -6127 -7234 9540 19633 7535 
8429 -8823 -5845 -19482 -5659 -9950 19331 9550 20367 -16825 -23950 21465 16356 -21107 26206 -13788 7072 14338 -18469 -482 -29770 1950 29072 -13355 16542 19143 -9284 6374 -12235 -28637 -7159 1857 -19228 302 -28257 28542 9099 22665 3244 -1523 11155 26283 -12361 -24073 -7847 -19001 16774 1329 27051 -23080 26798 -5864 -11230 14202 16991 15125 -3469 12344 8130 10750 20386 24541 16055 19759 -1915 19504 -17398 7622 -17967 24134 22174 13200 -11968 -11893 13256 15561 11264 3064 -22723 12669 24410 16875 -15084 11955 -15331 -25505 -27373 22757 -14351 -29965 -26124 -20631 
-6111 -17848 -21216 -3553 14350 -12961 -16599 19974 -23562 -6827 -7888 -18771 -7541 12064 -26839 -1056 -4779 -27641 -22694 -23871 -761 6003 406 -25757 7121 2081 25735 -14189 -7674 24163 -7222 14896 -11335 6656 5033 -23055 1894 -24707 -16688 16351 -24684 715 -19653 29924 -20110 -12704 815 -23185 -4067 4577 -2830 -18501 25215 8250 7345 -1771 19148 7649 -15095 -4861 -9425 -14597 22878 9921 25480 -26558 17399 -5578 -7410 -16275 -15997 -15003 27630 -13270 -4237 5850 19413 7221 -10390 12074 -2301 3219 16774 17623 24383 -18897 7981 22000 1462 -23432 5971 17713 
-23090 28424 2048 -29583 15471 -651 25707 -5939 21257 16698 -20354 -11684 16199 29461 5908 3238 -12686 -26523 -18269 25352 155 -10412 5669 19800 -22376 -10729 11893 25946 -1612 -8149 16379 -23184 -29654 -10303 1187 15258 -15732 9530 4849 -26450 11299 -2509 -13091 -9645 -11691 11759 -16433 -26278 -14664 19018 24656 8145 5803 -20502 -8156 -1098 20806 24028 6162 20610 -14646 -18021 11838 29214 -17605 2392 24249 5825 8186 21292 -27217 -16926 -12895 -17742 -15038 -19637 -12904 20135 -5080 -26658 -17585 615 -7257 3080 -4919 5335 10379 5081 -28784 16578 -15369 20494 
13113 26769 25364 21242 12930 24349 -22690 -17659 -12258 -11532 22705 -24682 8908 -23929 24524 29914 26138 -2060 -8616 -23568 -21184 24722 11277 -283 -20677 4255 5980 22814 2922 13661 -11592 17601 -7062 15613 7477 -22207 -19113 -13333 15466 14638 24870 23345 18705 -14532 19699 20105 -17379 -6226 5190 -2504 11309 13698 2698 2248 29421 27382 23750 -4110 26101 -22861 27331 -18062 4412 11432 14042 -3275 6192 2549 17142 -4002 -29030 -28139 -20448 17327 20109 -18791 -13128 12801 -6934 11827 -1360 -13938 -4926 -1237 6863 -1599 -1894 -29504 -22313 29244 19386 11286 
-13621 10062 10910 -8989 29102 15975 17028 208 -25502 8513 -7338 7039 -10914 21575 -9310 17274 24558 -16052 14019 27467 13446 -6333 -18736 -27875 -25916 8685 26401 19275 -2038 21504 1977 1654 905 -7446 -25664 -24775 -24790 27433 -13003 -622 -10181 16525 -21845 27714 -15692 11683 -6201 27293 6849 21390 6964 -11399 -17748 17160 29505 22801 -29592 -16914 28148 -16823 16101 20235 -27516 15029 -5794 -5497 -20756 -20791 -11156 -18871 -4634 -26732 4664 -25197 -1507 -24041 1707 748 8174 13665 10364 -27849 21599 19374 -28065 -1389 -21501 -12705 25129 27193 29838 -19775 
5174 12282 -7147 19976 22399 -6998 -5766 -26539 -5747 -9008 9938 18977 -19938 9187 2778 -27399 3383 9365 20122 -8703 -2962 11962 11253 -24645 -5694 11491 -16493 1775 -27262 17932 -1678 3257 -7432 21992 9510 -22559 22332 22231 27773 -19021 3614 -24067 24433 -15296 -14490 10652 -29613 -16662 -2642 5629 -24438 22223 20006 -17762 26758 -7964 9435 -17436 -13746 -1702 28228 5038 -11373 9896 8549 21210 -20750 6343 -14703 8981 -21357 -12740 7304 7767 -21137 -1128 -14304 19250 -3468 -8210 18909 25137 11013 11537 14357 -6783 -6442 -17582 -15586 26696 -20030 -1675 
27763 11919 -14127 -29820 1697 19282 4509 -22392 16124 -22530 18600 29696 26867 1329 10567 -29413 -22869 -2141 -3297 25917 -19108 20985 -7241 -1462 -6377 -8057 16137 19252 7948 -24241 19611 -28383 -3104 -9484 -2645 -656 -17552 -3054 21929 -9271 -20707 -5662 -29080 9392 -19851 23474 10741 10592 -21170 23983 -25556 -11162 7662 -13767 -18013 -24311 -23926 -28117 9172 -16226 -7817 2541 -4257 -26016 -28986 -6141 7133 -17529 4287 26871 -21653 3043 63 -28660 -9877 -18831 -11306 -10423 -17176 -12602 -27693 -6933 14200 2821 26496 1580 -25724 -29898 12366 -20998 -6377 19254 
13994 -21568 -3236 6263 -7647 -17798 5296 3068 -7576 -2579 19823 -17274 23302 -19307 15573 12513 3779 25895 2891 20883 -8425 -649 10683 17272 5033 20019 20265 5539 -14558 -8232 6083 -16590 -2777 -28792 23315 18314 28822 -7864 -12339 -7400 -20592 29523 -10082 -13029 17037 -2886 18247 -12441 7321 21113 -8402 -28376 26852 -2291 3961 18390 -197 22180 29028 6048 -20864 18852 14120 3986 -17964 9184 -18762 28858 9748 7246 -20966 28150 14009 4550 -23573 -18870 -5379 -12180 -27478 18116 -9479 14797 -21727 5519 -3960 16515 20489 -7554 -16411 28659 26907 -3738 
29144 29391 -13817 14692 20856 15214 -11345 -12085 25160 -24353 1384 -10446 26002 12005 -8939 -10863 19939 -27473 -348 6542 5303 -3167 8384 20252 -18237 -25481 -4222 23640 5601 7552 -26294 8425 -14761 -23884 -26004 -29462 -10250 16854 330 9683 7297 15092 -21296 -26916 -12244 23734 12320 2573 -9828 -6548 -21436 -22219 27342 -19944 1390 28014 -5667 18847 -26616 23025 -17188 -24453 -17082 -7424 20576 23862 19012 -6547 -22445 -21574 -22486 -10844 -15893 2873 -5909 7686 -25909 -19082 27362 15063 -21658 4688 -2822 27150 25643 -16349 11263 21744 29738 23770 16624 -29586 
-18099 -2460 26663 -25547 -6949 28359 -28671 -1700 -11240 14344 -2080 12255 -28185 18603 7927 10382 -7670 -14896 25205 16899 -19540 -24677 14086 -20837 -17757 -11102 -26020 1883 -11436 -14909 703 14700 12755 -22167 -29929 -5111 1743 -13909 8311 18171 27934 -17636 20880 18107 -28910 -10691 -27555 -10133 -25702 5520 -14493 14144 -5086 16796 12309 10281 -28731 425 11179 6370 29246 4422 -12807 17244 -13081 21670 -9274 -15929 -10318 24545 8762 -6713 11326 -1419 -18154 10088 10303 -25044 -12499 -19564 5679 -22801 11368 -20363 -17406 28831 22071 -9984 -1116 -18037 -29758 20644 
-19156 -11968 -4391 -23595 -8501 -6565 14589 15316 -15536 21799 -28354 -15578 -27715 -3166 668 7389 2101 25072 7963 -28804 -774 -16084 9472 -26621 -13112 26063 -15451 -11949 4958 -15160 -2275 -7644 14652 4704 24411 -27629 25939 19948 -13268 -28086 -7758 4705 12918 -10519 -899 7846 -12691 6699 11541 -11681 -6652 5478 11660 -2216 9949 1482 -16316 11276 -2030 -15678 -27809 -10515 6746 -27810 -26720 -17289 9321 -725 -9818 -22415 -10203 -26554 14846 9796 5782 -24786 -12178 -7930 15989 -12206 23359 23281 -8772 -14714 -16513 -5541 21440 -11011 28628 24754 28887 28171 
4715 -321 -8689 29082 13846 1881 -23078 11758 2063 -12060 17787 20534 -12160 21106 27777 9132 -349 3389 -9832 -5602 29791 15779 -22028 -9138 -1005 -27905 -89 -8771 -29160 24279 -603 -3933 -28227 -18300 11122 26899 -2018 -8138 -17134 -17106 22096 -24480 25912 -27340 -12563 -167 -17234 11809 -1713 -1693 -985 -6075 -573 -12584 1625 8879 -18311 -18655 -29538 -15828 -4524 5135 -9259 24963 18392 15673 24563 -14200 24720 3218 -10447 10645 -6843 12771 1971 11788 -6415 -6013 9983 28568 67 17814 3718 10314 -2941 14605 267 11561 9104 24636 20930 745 
8830 104 4433 -765 22760 11160 7029 -21425 -2939 21780 29470 23753 -20726 -27527 -10856 6192 -21578 15177 19353 -2662 -16711 14222 -9796 -22509 -21633 248 -18160 -22314 11559 10193 12907 -29588 -13690 -19471 3206 -28340 -6379 981 14037 26513 15162 -15981 -18160 5307 -15670 -6846 4960 -20365 3414 -11693 -6174 4843 -20443 -20887 -18489 24350 18884 15422 3010 -23763 -11348 -7172 21611 25921 -28216 -21018 -158 -2190 1799 18858 18606 14904 -27376 5481 -17970 1683 11099 16322 4175 11623 24783 -17092 -28777 23363 -17563 15281 6563 -5026 -24431 -23537 -20 6035 
-1646 24919 -10686 10808 9018 -29 27370 4317 19068 -16012 -1253 -9537 -13065 -17437 17857 6758 -3935 -9052 5895 -4780 16046 -409 2992 -23973 -21868 -12374 18286 21226 15510 -25499 1896 26758 13127 -20280 -11273 -12813 -10208 -19286 -4421 -4223 -15735 -11162 -9995 -10851 -13218 -26507 14274 -21910 28604 5630 15011 2150 5066 -28177 2149 -9926 -24659 -4637 -15426 -17140 -6858 -29717 -8844 1059 23965 -17600 -2016 8001 -3398 -29073 8391 -8910 -16849 530 -10349 -26787 16319 -14850 -11178 -26016 -7029 4153 -13916 13548 27203 24430 -17078 21973 -24733 22040 -27251 4457 
20710 22099 -28568 -1563 -19833 18725 29057 -9938 27698 17173 -3860 -2880 -24959 -17836 -5335 12783 18356 2123 20024 5451 -18633 10217 -22503 -26288 -5319 10699 -16108 -18366 28390 12054 -527 -2367 26803 -26053 -16273 18399 23904 3001 26039 -9686 9721 -8870 -22910 8135 20113 14301 -5468 -21780 22814 -15486 29765 -14094 341 6917 8165 5185 19776 16018 5071 24858 -19429 -19651 9522 -7560 -2373 -12488 24665 19193 6854 -17273 24103 5810 -3576 -6946 -15118 -24177 19860 -8646 28768 -24215 10681 29596 6858 -23321 -16576 -14848 -5794 -12553 8433 16922 27296 14700 
-19147 -7300 16005 24224 22157 19812 23949 9073 -6856 -25888 1894 4376 10876 21684 -27567 -28007 19249 27092 10750 -28030 -441 26611 15258 12010 19263 2107 27782 28207 -6654 -27442 13613 28645 -26345 -4972 19242 -4049 18391 3933 21829 664 -9583 690 5553 18946 -10732 10869 24835 4129 20830 13358 14434 -18663 18083 26189 -6420 26536 27824 -4289 4022 9461 27298 9112 -22352 -24944 17320 20138 26001 -26225 20812 18259 3510 -14095 -8210 11026 28723 -10587 19756 29783 9003 4543 -4650 -8667 -20336 -19054 7091 -25490 29298 778 9185 4491 -21907 11129 
728 -20965 -29344 -29349 -5872 7769 -20550 -27440 6655 -3698 21699 -16991 -3410 13741 12546 -7862 2058 21209 -19651 28752 18259 1738 -16473 29642 -8453 -29170 -20348 26111 -27768 23306 -26329 -5527 -14805 9535 -17918 15112 -13300 -20336 -24656 11886 -20657 -28659 16599 -14481 3358 -3182 -25665 16835 19250 25431 -13859 -23757 -26705 -18792 -28365 28367 10654 19389 -13525 21414 -5498 -28832 -29681 2468 14890 18854 -8905 22985 -8402 27808 -7587 21250 25054 -19050 25916 19191 -23726 11192 24223 -21072 20443 -231 16207 4061 -2538 3551 -29028 668 -9682 15804 20283 -3062 
21798 26664 -21856 -19266 13845 -10456 634 11220 -27478 -7657 -6111 14722 19583 -28279 -4855 21247 27689 -17120 1863 -11637 -22249 -893 -28775 21666 -15806 27234 28979 29484 9021 -15574 29579 24934 -13592 -29898 -246 20738 2030 -13374 28936 -5569 24325 4854 4494 -18993 -11480 -27254 -6121 18278 -15920 -7809 -19726 17093 18779 -201 1143 -16073 24057 -18562 16237 25256 -19660 -23356 -7867 -28405 -15304 29130 29743 9196 7307 -4142 17141 9285 -20243 -11869 -24505 8250 15481 -24384 -29920 -15409 26594 7606 -26455 13506 11644 8436 10392 24284 22342 -3757 -16318 -25922 
83 21310 -19102 22353 -8858 -22454 -2740 -24455 -5038 -26792 16078 3118 -14031 28673 -5412 24185 23823 -5576 23956 25268 -15384 18357 -8194 -14440 9956 -13384 -21101 802 -13208 16538 2241 16922 -6278 -29092 14740 -23155 13678 -15467 -29130 -23830 8083 -12857 -24079 -5321 -11987 -2737 -13981 25985 6242 -24239 3434 -7982 5465 19406 18584 -10960 -325 10326 5351 27628 6704 -8127 14523 21196 11730 -13862 13734 -24687 -26688 21265 -16306 2135 6805 -21372 -16972 11646 -27911 -9031 4480 10342 -29974 -21281 -21059 21177 27509 -27601 28768 1629 6864 2046 2721 14265 
-20380 -27243 11182 -9182 27426 -10278 12542 -28327 22310 443 -29159 21685 29064 28868 8089 -25344 23101 10026 28678 -11443 19756 5110 17037 9981 29691 -7286 -17388 22513 1183 28827 291 -27713 19284 10109 17735 18821 11853 498 15116 12952 12470 11097 -20083 2293 -20221 19380 -18259 -27169 26356 -5693 -25841 -10979 -27824 -21634 29072 -17021 27685 -20308 589 -27175 22395 18452 -22643 22476 5964 20445 -7200 -5551 -20996 4179 -2914 24938 16591 28822 8970 -21276 -23139 14440 15812 5371 13975 3502 -2737 28139 23914 4262 12370 2423 14664 16011 -2010 -6681 
27109 -26205 -11855 20555 -20471 -9470 20094 -22313 28342 18481 -24889 28163 -1597 6715 23212 13446 28178 -13082 -6578 -15702 29756 -18424 3634 -29613 15262 13902 -19636 23815 21302 -11243 -22797 -19594 -9438 -24869 7508 -21452 -20352 25907 -14435 -9546 -14877 18062 17496 -24003 1911 -25371 -7703 -11119 -3200 -21838 3888 1415 -4999 12931 -20299 -19589 16606 -28963 21074 -26323 25773 -347 -11590 -11980 -993 -24727 26682 -2170 -656 5976 -15741 -5188 29088 15078 14692 -21336 29458 -22886 4835 -24108 -13566 24743 28571 -3262 -28502 -16991 21999 -9758 -20180 -5351 -24391 -22574 
13751 -15171 -14533 27402 -10885 -13562 -3956 7209 -23933 13396 -27029 -24681 6960 -29190 27930 -6538 -13661 -4855 4500 -9729 -12137 -13329 18958 9494 16564 -8077 15504 -19308 25723 -26476 14790 -2696 -8410 5060 -25268 26926 -25726 -16657 -1412 -28572 10230 -29390 -28816 962 11981 27555 16167 3487 11444 -14375 4091 22796 19275 16629 10878 -15864 -12984 -1159 15079 14930 10469 -3245 14977 -24315 -10424 -16859 -14938 -9114 -9627 -6796 -28630 -5761 7098 -12678 -9121 24472 25137 -14831 5856 13558 27231 -12040 -8500 -5623 2841 -11177 -17662 25623 9061 18708 -12492 -813 
-19156 -4067 25158 -2559 -27966 14914 22185 10033 -24198 24262 -12688 5778 9584 -19480 -23461 -13149 4914 -3177 -954 15630 -12946 -25947 -121 28025 -28196 11006 -140 -19524 3594 -694 7012 18646 -14019 -14851 23036 -10054 -16710 1071 3152 13246 18553 26837 8168 -13125 -20238 -23518 14853 12435 7297 12250 12915 -26079 18013 -1691 28845 -17316 -18202 -7649 16641 -15817 2881 -14588 -5406 -27618 24795 29003 23818 -6926 29830 -14676 -11482 9819 9301 -9806 17149 -19804 19108 -6011 23815 15267 5775 -9209 -694 -8783 9355 12368 2066 -28310 -23221 -140 -12997 -10256 
-20722 15361 -21941 24420 -28720 17433 20208 -20804 -8000 12574 18317 -28314 -20554 5951 -19211 25316 23743 15681 8364 22085 11332 28712 20746 -25117 21396 18574 14675 -3323 -11112 -25011 2536 6093 18414 25484 -18384 -13240 -10530 18549 -12412 26814 19393 -19112 -2299 14797 23924 -25556 1435 -6664 -29193 18749 -24019 10829 12455 -22917 -17027 23959 6060 -18404 -19066 12168 -17238 -6295 -6090 -14078 -24757 -14926 -24005 -5768 -22463 -18258 -8134 7583 -19684 6134 -9571 12833 -28522 -26404 18401 8350 8005 -18934 -13796 26938 -5131 11483 992 -21687 -12772 -17454 5130 -12160 
24460 25527 -21988 -22464 16051 -21160 15569 21193 4254 -9970 22580 13238 2047 -12986 3777 13485 20958 -3777 12189 22375 229 27458 18214 -3353 -22846 -21567 21595 12176 -8454 28820 262 28113 23140 -21738 26060 27004 -6092 29155 7345 -26206 23139 24592 -18454 -11406 -27155 26514 16057 -15318 -25346 20460 22378 18242 -23413 3042 -25290 -511 -16586 27829 15292 26804 -27530 -13097 9352 -2342 11138 1463 -1636 949 -16182 1382 -21099 -24994 3855 -10532 -25962 7214 13181 11065 25056 -24397 -13295 -26735 -6049 -2952 12607 1906 -541 -26352 -4837 -12425 16037 14449 
-21925 28382 14795 4662 -23816 8734 29547 15050 -15117 27812 -26101 -29249 -28639 13699 22809 -13289 5801 -28483 -16915 -24286 23917 -10386 17782 21008 -359 27770 -6985 -6317 13587 -25015 -5286 -21486 11063 -20270 6481 22386 14035 -5085 18123 27561 9198 -25916 -29117 28159 7226 -27501 24199 -19757 28187 28114 -15277 6049 13824 -26695 29657 -4411 26718 -1856 -25140 -23345 16320 2756 -1995 11792 21866 -1856 11805 -20330 -2157 -19549 -3192 4232 -12222 10665 14415 -18414 6853 22846 22839 -24247 -21013 -26804 -21285 -28252 7126 18447 -21254 12664 -19232 -2885 13023 -17874 
-24024 -10307 2617 -16746 -28759 23736 5658 807 16043 -28659 28087 -8316 15489 -4528 -3763 -4202 12256 8142 18932 1884 -22454 -18899 -13581 -6958 5436 -25924 9654 22768 2952 -27076 26152 27844 -25185 -29826 -11108 15223 13666 24007 -433 3633 1054 -16448 23636 -20565 -17798 -7478 26427 27215 -15671 -29298 -20185 -25295 -18183 6244 8308 -15731 17864 -6909 -19435 19225 10424 -18151 7544 -8696 15789 20970 -8924 -23601 -26011 -8263 16022 -16121 52 -4450 18170 -29231 -25447 -26984 -29176 -16640 -16835 -19722 11802 -24608 1374 28185 29109 15637 1022 16686 22679 24037 
-21699 -17331 27717 13368 29323 -10899 15018 -5756 2717 19600 -19819 3086 3398 21698 -17519 -65 -22235 18017 26278 29168 -22985 -10321 16488 27450 -2701 11568 -17125 -5240 -9021 -28037 28966 -6706 24326 -13335 14689 12299 -16772 4271 25847 23066 8208 18615 16716 -26842 -8953 14724 -5013 26320 -29461 3048 9499 -8988 -18856 -9504 -4449 8947 -338 -10738 11000 -20604 -13473 21247 -25374 -4235 -13352 -2385 -23976 -13430 26624 -13243 -15366 24407 24408 3403 19105 -7205 -22079 27563 -1482 -28748 15925 12047 8108 27790 -26684 -3180 -13389 -11727 -9957 27542 26876 15294 
23488 14098 -6486 1125 21327 -18202 28598 -2200 24864 -27475 25029 26157 10741 9559 16879 -21488 25637 21747 -5256 -25600 17923 22486 -28871 14762 -16207 14756 -28513 -25916 -24735 -11324 -28396 10373 25679 -1873 4380 19377 28299 -12006 -9070 1547 14979 14123 -13791 -22192 24131 -20179 -7430 4506 -9987 26309 -22165 12629 19257 -19335 26057 26595 -24661 15141 12528 -19142 15343 8931 16702 -4408 14155 -17356 28637 -28495 21818 2517 -13412 -11912 -7955 7847 -8108 13890 9001 25859 25652 -18573 -2993 -17784 5539 23086 -11224 25065 21433 -7477 6781 -12743 -25636 26530 
-19956 -14709 -437 -3461 -20530 -10830 6336 -5480 26932 -15958 7140 -11234 22278 -20804 -11935 -10127 7276 -24695 23936 13503 -10014 -10203 -6209 -7724 -22623 9646 -14267 -29099 14804 -23470 15545 710 -24248 -502 25744 -21098 -23914 -78 -22059 -24833 16191 26047 -23272 -14953 -23935 -12653 6726 -27280 8379 22282 -22176 6613 13913 -25100 22504 -14794 29753 10549 -11326 20649 18467 -10730 27458 -21806 -21393 5657 26265 18383 -10918 10383 -17884 18558 29642 14007 12325 16008 16413 -10551 -11438 29226 9233 -1717 17763 22714 -5050 -1509 255 -10048 -16412 -12745 -26879 -8818 
-25005 -5432 24081 -27446 -12064 -17019 -3142 23880 5654 -14529 3393 -16155 -24835 -28557 -22317 -14837 10697 -19158 -22524 17342 14264 -13593 -15591 4123 11288 -5962 12791 26738 -3901 -8705 22691 27794 -19156 15984 5619 22758 -4435 28935 -25018 13654 9732 -22798 -25664 24627 -26819 5919 -18767 19382 25273 -20632 -13940 -506 -5394 -26009 -28051 -20654 -7986 22493 -20943 -15617 21017 -28399 28031 -29267 23155 -28293 9777 20368 14180 13249 18036 1270 2266 22974 19279 28475 -8142 -9813 4690 -15081 -26129 4629 -27141 25094 2048 -14558 -15038 29620 8007 -12635 23041 -24936 
14059 -19298 -19667 2427 -6739 5769 21761 10402 -4473 9308 -5839 -7791 -29865 -10340 -16317 -19703 8853 -21459 20606 24874 16750 -28310 -21083 -24982 1149 -22338 3942 25837 1712 5421 -24914 -20447 -26827 26372 11867 -3963 7144 9319 -4274 -20489 5988 -3957 -19568 -1782 26641 17679 -26358 27811 -16501 -29579 24531 -19200 -8123 -6331 22220 1549 7122 9943 29657 -11619 16962 7384 9894 5402 20618 12093 26397 -8064 -9106 -17351 17523 -25755 -26899 21542 7867 19308 -24205 -25275 6483 -29801 -26136 -394 11983 5999 -18734 10852 -4507 23670 -1889 5469 -14576 26780 
-29119 -2558 28809 20554 24232 6431 -2525 26420 4863 15775 -9212 -8827 -22879 3908 -16878 13933 1669 -20910 -11272 10176 10305 -27623 -15979 709 -14569 1530 9399 17724 -4875 -14512 8590 28635 21043 -12476 -19990 -24153 13968 -16856 -7019 -18220 -24149 27997 -24547 -19831 17102 20402 -10244 6722 -5645 29869 12803 20937 -9057 -2488 -17038 -26272 29115 -5523 25852 7586 -13003 20168 9093 -11999 -13097 -6171 -19268 -11952 -3624 -28341 -24147 -10154 -14202 -24926 -26232 -26395 -10242 27869 19107 26239 242 24933 20659 1587 9942 -3709 3176 23125 -13359 27490 20321 -24634 
699 13032 20977 9185 3141 -20176 -9972 -17203 -14500 3354 15675 -6411 -19757 -14971 -14473 3646 -10473 -20654 -22110 18548 -17074 -16387 21918 -19127 8008 -27507 29912 -29209 -15785 19590 -26760 17745 -9884 -21201 26634 8 26537 8524 -12931 20658 -15394 -1867 10873 18682 3051 -14039 26974 -24211 -3469 -604 5395 27214 -5250 -22013 -11161 28060 -5804 17603 10263 29963 2382 -1479 26625 -3295 -29983 -20269 15958 -1783 -6147 -22749 26478 10568 -12604 -1351 16506 -6154 23821 15539 18941 18216 12403 -7064 -22605 -13301 11383 -7095 -20469 20387 -13379 15217 14746 18326 
6634 317 8871 5162 27921 -23332 16340 -9324 -22331 -1883 -26441 12687 -19931 16776 16844 -25518 29303 -20379 -13079 -13289 7950 -26880 -14883 5375 29583 -4416 -29420 -25610 18282 9070 1379 24737 -9529 -20761 -29952 24723 -8120 -20987 -2674 24946 12950 12461 26150 -265 28672 -10613 -3652 -20962 4232 6967 -9593 -14557 28282 -24398 20871 -9498 1462 24258 -25095 -20731 15561 -25384 25680 -27138 29552 14970 -3825 10854 12505 -11328 17351 28462 -13367 8515 16436 14055 7626 -12832 6200 4178 -846 21211 -16188 4646 -29075 -1462 -26711 9237 26132 24406 2074 20252 
7765 7877 -667 10966 2691 -2602 -1943 9933 -499 29953 -20266 7189 -6442 11578 -25628 -12308 -23093 -905 -1254 -24353 -18881 -26520 18069 -3684 -3502 -27420 -26047 -25654 -203 143 -22437 -16176 -4944 -27772 -26856 -29161 22431 10815 -13263 15836 -29027 29955 -8809 -15939 12538 -20684 29557 20777 28871 19803 -3082 18178 -5573 23802 7941 9297 12236 29116 20021 27315 7788 14251 5765 8003 24646 13789 2265 22162 9759 14267 -4238 29941 -12511 -1931 -17874 -27027 29514 -12365 -11554 12714 -16259 -1995 -3452 19841 -5658 -21465 16009 -26612 -3452 897 -17275 -20285 
20496 -17015 -29137 -2737 -1919 -22149 12412 27910 13160 25117 -8826 -1124 -22877 -3978 29853 -20268 2733 656 22447 -28870 -14055 7452 -1632 -11033 11373 5417 -19979 8257 22823 -4608 -3953 18126 -17441 -26216 -27133 14878 29314 -26572 315 1843 28622 -3023 8479 -5762 19547 11689 -4639 12977 -5055 -7089 567 -27497 -28559 13646 -4388 -10943 22454 -29066 5055 -4358 -3524 -19594 -3695 11905 15232 -7138 -1834 -6430 -26877 -8279 6491 -26902 29631 -5143 22154 -7733 -29446 -8162 29624 29967 26843 697 -11744 -4348 -13570 5546 -25988 16260 16137 -3321 -23942 -12542 
-6227 -2702 17646 186 7981 -22566 22820 -6893 12159 15991 18958 -13524 27173 -6135 -16305 8412 -26997 -13991 19702 13553 -5957 -18014 -9308 -22674 -20386 -5624 28200 -1173 7159 26590 16846 7937 9107 8277 -24448 -19032 -27301 22780 -17170 23270 10208 -15928 3233 29651 -9734 -18158 24888 16678 24125 -27273 17263 3550 -7759 13072 14089 3228 -17805 -13851 10293 -7373 -17755 -24780 -21472 3168 27838 -8165 -10243 22008 -22301 -25566 -9465 -10063 23573 -11811 22334 721 3300 869 29357 18907 -10252 23603 -12202 17273 15111 7406 24418 24260 12128 -7696 9032 24048 
-17664 21301 23024 18364 25593 11711 28674 -180 -9593 -26206 1785 19273 2303 -14861 26778 -9674 -11359 -11426 18669 -8977 12304 16077 -1911 19534 -18372 -48 -16124 21524 -17152 2131 8686 17888 14120 17060 -14208 -21151 -3047 -5762 -20884 -12110 -13289 -27483 -3710 -20403 23947 13799 -4584 -26949 -14896 -24489 -19277 -18263 4703 -25291 21282 -12650 -15406 -27531 -2537 -28271 -24177 -19627 -1022 23083 21859 20466 25229 16656 28372 -14662 25515 3865 -5000 -9681 -2320 -20455 -23553 -4845 -11268 -486 2398 -22215 -5137 25643 -29373 -19340 22708 -6434 -11572 13889 -4489 25253 
-2002 154 15308 21322 -3120 -17427 3792 -17506 -27244 -10259 -28709 -19007 23838 20582 22195 -3931 -3670 21720 19848 5724 -29851 -24262 -17704 -17494 -15739 3820 26081 -18201 -19733 10655 -20307 -722 -16924 11182 28311 -1794 -17636 1351 -25101 -13827 -22835 1896 -24109 -18602 -26413 25471 5415 22832 -4348 15645 -10842 5602 10741 27789 -15933 -17693 -20725 21827 -28795 -12766 250 -16862 25824 10430 22744 -7683 24300 -21189 12646 3146 21863 -3248 -15820 -6421 -12859 1215 -6837 -27129 21560 16660 -13134 -5340 -2267 561 16054 -7454 26279 27617 18753 -3956 -5741 -22442 
-10984 9043 -4368 -27630 -10759 12127 -25041 23696 2885 -1220 24282 -20894 14373 18179 -3599 -2908 -26721 -5841 27710 22418 -25078 17026 19641 28539 -4278 5415 -22697 26143 -21748 8303 -29312 -27044 27296 1231 -6770 -3072 -9769 -24486 -29803 -21005 10590 -11482 10064 -19393 4166 9015 12474 -7248 5176 9389 -18446 -24607 12729 24424 5981 14976 1398 -11330 16642 29647 19134 -10465 -29401 -13888 -2048 14960 1359 -15008 26073 -22229 15352 -2305 -5497 27339 24412 18872 8375 -18275 -3125 5298 18815 3057 -25848 -15230 -16135 -8755 -1806 -12812 10900 -22358 -27070 -2007 
7834 -23535 3400 -7786 15601 19263 23967 29192 -13468 -20327 25956 24286 -24841 19701 33 -16958 27673 -2805 -6695 25624 -1748 -19628 29494 23787 -22845 18738 -25132 22485 13772 -13156 -20436 -4600 -22273 -8111 16202 -11054 5816 -20673 27923 18875 -23255 -11251 -23384 1137 23361 -26975 27132 -18777 -10233 -16951 -1827 14288 -15586 9386 16467 -27282 27909 -20596 11478 -21936 28498 25883 693 16302 -14373 -22288 -20199 -3506 -8056 -3223 -4057 -24808 -24233 -24972 -6902 -4547 23292 5070 23413 -6957 1730 2558 -4664 14856 9441 20112 11345 -10217 -3874 -18048 23860 -26603 
-21067 20197 -9299 -23491 3560 11662 5285 2457 -5180 18447 -10700 -5244 -22698 8960 13278 -23707 24369 -7393 4081 -1624 25338 28972 8847 -18393 29925 17091 -16209 -24592 -20790 -22315 -12797 -29427 24963 23256 5207 -20044 -16757 19328 28851 2720 17550 -5377 23680 -15934 -2452 8187 -26779 -25305 3831 4852 21842 406 21729 23038 15519 23462 -11148 -3106 -10639 -9911 -6206 -22119 26305 847 -21174 9718 14873 7337 -28387 5882 -5791 6611 13029 -548 -26329 -131 -14792 -15122 -9174 13530 -6412 -5857 -16902 -8429 -29079 9103 -3324 6128 -14722 18440 11715 3174 
-15170 13679 29904 8801 -28185 21743 12251 -24247 20374 29419 8496 -23944 -26976 17991 9477 -28587 28517 29737 19730 -74 24350 26315 -26964 -8321 -3061 -19013 18403 -9956 19758 -20876 -14016 -18885 -20231 -716 -26609 8731 -11983 18987 8798 -27152 -12143 -5536 26860 -12033 12254 19240 -1453 29553 -19927 29503 5214 4124 27380 -29635 -7233 20208 -26848 -2112 -24400 -26010 12868 5697 19624 -19045 -1438 -24452 -26939 23574 -6054 -28609 23467 -9928 -618 -7329 -28275 -25693 -19224 -3329 8088 -28782 2819 -29389 9894 -22370 22739 16724 10416 -11717 -11115 5246 22456 22855 
-18163 5687 8118 -3155 -6341 13606 18911 23771 -21385 25267 22715 -3952 -20221 25392 -17633 7238 15746 -6791 -12711 -29525 -28493 -21867 25538 -29002 -25163 25991 -6717 17976 24035 -22762 21214 -6555 -7253 1129 -26578 8219 29986 -24400 -28043 -17261 -16462 -21120 -10496 18102 -22877 27822 7327 26483 7183 -13659 -6153 12534 5748 6907 21413 5710 -26889 13344 3842 21611 -21283 26505 6817 -20674 -19252 -9806 -9585 18737 -14925 555 -27353 -19483 -17271 5825 28265 -8753 28009 -20214 17250 10743 -6396 15465 16744 26062 -882 -21980 4286 1682 27653 -2192 16994 12749 
-26031 -25820 2908 -26276 10769 -27001 -19218 -26712 1205 -13290 27357 23377 -27298 -6542 -4977 29784 -2542 -15664 14794 14830 3745 11244 20314 -5860 27695 22057 18426 13608 -4691 -23442 8880 -19017 -8954 7554 10629 -21928 5916 25497 5057 1646 -6375 21326 -16074 29382 27531 -27927 27087 22571 10899 4767 -4852 11061 -27093 7529 -193 -15180 -17485 29609 -25600 15677 2739 25502 9704 -15542 8226 26051 -8623 -13692 6305 -15578 14183 -10540 -25484 20886 19021 15438 -6454 -22140 -8552 -25991 5004 -15620 -29817 9249 -21801 -18352 -7211 4774 29050 14606 -25075 -19580 
-14034 -24282 -27172 14951 9521 23159 13031 15133 -21047 -15026 11176 -7897 -1081 -15688 9216 -26985 -20056 -8838 20824 26421 -4282 -23819 -19580 -26710 729 5247 -9698 -22894 -8690 -14518 23619 -14505 -8313 -13188 16488 -7371 -6012 -8221 -17498 -17316 6753 -19126 28115 -15719 -3214 16954 27177 26961 -11821 15180 -22860 17738 5655 -12457 -1536 28256 14240 27247 -13485 -5293 -204 -14318 -5500 -27142 22811 23130 358 20429 -28373 -28085 -23165 18805 17534 660 -14581 -3507 -19433 -13404 920 15806 22736 -15823 11115 -1319 13547 2133 -10575 16204 195 885 1900 -15221 
-24891 6474 -22485 1680 12265 2515 8986 -29252 24778 -17096 8675 25664 25002 29911 -17654 -8264 14786 -1259 15963 1460 11288 -22927 19544 -16041 9883 20941 29091 -367 -23955 -195 25776 -3432 -21548 20959 -13842 -9809 -28911 -27252 20079 -16467 -10901 -7100 20170 -21459 -8269 -4663 1914 14491 21823 -14241 -15325 -29362 3462 26149 29601 -18281 14086 -14476 16976 -28059 8380 -16710 -23440 18176 26476 -5242 16338 -10719 -12486 -748 18840 2201 -9915 -7441 -21293 27253 -13944 10199 29441 14190 20592 3568 -9522 -2451 -2746 22648 243 -1915 23081 25835 -1623 -4096 
3834 19462 -724 -25206 -23473 4295 14241 -1098 226 13913 27975 14080 -22495 4967 -13187 11612 -6141 19301 19815 6864 -28641 -17964 -16573 -11167 20126 -17081 17923 -28321 -11290 15614 -17925 20792 -8176 14986 958 27774 3837 -10587 29318 -15136 -6866 15154 17689 -27232 -26815 24022 -4495 10598 -16470 12254 -20117 -29515 11020 23647 1994 3450 14087 21607 -26597 -16376 -20638 11907 18274 -27960 26769 17314 -14972 -6632 -26368 -24091 838 -4523 -24645 20380 25688 24284 -8547 -6453 11358 -7778 24042 -6840 -24925 -6643 277 24338 28804 -24738 10616 25884 -7721 -12456 
-10548 20311 22562 -12917 -12474 17979 11095 -10032 -7364 -22276 -25567 -18448 23297 -22998 7175 -25362 20867 21604 -27420 24214 15469 28343 -6321 20252 6462 -1259 17519 7972 13200 -27070 10249 10439 -7945 -23922 28183 -475 -15651 -16015 -25158 3725 -20624 -20113 27773 23600 -10059 -23917 14857 28094 -4447 -26323 -23822 -28473 14862 -19546 -3884 9843 17123 3130 16158 -13591 2825 29824 636 11702 -17252 13334 -10028 22950 -4163 -17955 -10492 -20964 27448 -10073 -29224 24170 -29668 1546 18938 7607 27462 -14953 9209 -26618 23833 -20732 4695 12418 -27309 -26172 20239 19533 
-27977 16304 -12837 -25121 -20393 -16645 -10491 156 13370 -7832 -17925 12501 -26633 -22127 -29188 1846 14359 -1791 27124 6526 -15585 19342 -29721 -2213 21492 19684 3333 -12479 9568 -14106 2777 -11240 -24642 -6168 28308 -7073 6792 9449 -19464 9407 -26134 7180 -15788 -26587 24479 -3745 4431 -5818 -23870 -18062 24619 -14981 -21990 -18835 19002 -6324 24451 -11685 1879 2028 3951 -8151 4292 -11649 26307 -26573 6004 -11436 -3373 4842 4339 -15518 -2817 15031 9912 -28974 4785 -29898 29222 2775 5436 21267 -4129 596 17352 -278 8195 7514 26822 29519 -9913 -10567 
-28004 27030 -12801 21202 -13958 22179 2379 -9586 14559 -23420 -9 20803 1279 -7919 13626 22915 18849 -3057 -5329 26907 -3794 -19814 25858 -28500 9844 18016 5941 11848 216 -23469 14514 15098 -16778 -6962 -23822 17836 6082 5144 -21389 -10401 22275 3279 18867 5077 -26882 29877 -17760 19162 5470 13193 22017 29903 11180 29611 -7512 21319 -15139 -13894 28384 2891 -13744 -11318 -10263 123 -2821 11668 10371 16991 28665 25125 14488 -256 15943 10014 20805 15655 2487 -12437 20644 5966 947 -7775 -26057 -953 27331 14066 24296 -29181 -26412 -27260 -9165 1706 
24017 18349 29241 17644 -26182 22369 -12967 11608 -25192 19281 -633 3030 22489 -26721 3216 17350 -8456 -14635 28109 -9079 19079 -1775 1714 -26746 -29482 -4087 -8915 -19712 -14337 14958 9429 6859 -25147 -17346 -21026 7162 14410 -27786 19627 -2125 -6651 -22270 -6277 -20099 16336 13996 -993 -12477 12650 -13001 -23485 1753 21165 17664 -756 -21472 -2371 -8084 21573 28038 17086 -1334 7816 24414 -18745 18591 -2699 5680 -22553 -24140 25869 -26482 -21528 16251 -5376 341 9407 -29935 26527 10850 -20430 21571 -27601 -24741 6003 -25412 22451 -26819 -28232 -11963 9977 6788 
-20335 -18233 20471 -7935 13922 9868 -28841 -27700 23161 15150 -4710 10118 -5809 20881 9386 -20131 21127 -20132 -9712 -29785 -14657 1876 -8788 6294 9892 -2490 13568 -1979 16804 -9133 19331 6088 17257 -15003 -11035 -8487 27290 16460 11531 5224 26282 -12038 -26668 5973 22981 -3319 -7261 -13347 18419 -27685 7940 -4095 15694 -12951 -2876 -2164 16632 -23869 -18372 -3639 5322 503 12340 23565 8525 -8487 10650 -24634 22960 -11150 20349 27753 -19465 -3525 19760 14486 24029 28222 -25455 -11366 -5707 -13187 -26104 26096 -21400 -1328 -23195 15603 17521 22019 -28632 5989 
-8522 -24481 -19210 4346 -2314 -23032 27961 -2441 -2544 -4222 12376 12290 -27759 -15831 9504 -13596 -27440 -17750 -7926 -23066 -24915 4737 -16596 -15600 -7139 11041 -574 27363 -11357 26911 -13615 -20720 -18641 -6974 -17644 21058 14297 484 -19108 -15472 5152 -13459 -12191 -3336 23712 -22677 28918 -18744 -29201 -21561 -26126 -4822 5467 7928 29309 19923 15770 -3622 23345 25696 -4440 16016 -10089 7020 5415 -1391 22850 -3827 7649 -10188 7735 -24791 17396 4143 21875 22894 17374 5284 28520 -22868 -2797 -6811 9012 10512 -4286 5856 1636 -3880 -7655 -8105 7337 -6354 
-10568 -4304 -2322 21579 6081 8640 27530 -10282 13042 8991 24984 -28964 -3388 9059 21007 -10465 26294 -12371 26326 -26409 -19216 -8161 13039 -11512 25797 -19119 -28469 -29784 10656 1024 25880 -2589 21041 14247 -12080 8585 -5374 7129 1892 -15548 -8652 21237 -19498 -4054 24738 8489 -26668 3052 15520 10161 17854 7304 -6943 7767 -12161 -16701 -21924 15810 -2200 17451 -133 26411 9804 -25153 -4657 -15814 8633 9730 -25531 -12767 13639 -2253 10151 -18772 7420 23625 -558 -20216 -3438 -15156 -17600 -2374 6122 -10995 21965 25289 17834 12454 12089 1526 2722 -14194 
18949 -15799 17440 -2297 27715 -16477 -28746 -14202 6289 18962 -17976 20523 -10714 10943 -12391 -18744 7460 -9524 13397 8779 -12585 -230 -1648 -420 7767 27884 -19013 -22648 -23218 19362 27428 14829 27465 -28222 -24617 19774 -14014 -1206 -26688 -18690 -14883 26622 -7610 -7986 11014 -14594 5555 17973 -9555 9195 -6125 -13424 18022 -22450 -22449 6019 5337 20211 -12153 -18662 29733 -29915 21211 21669 -23541 -10213 -14666 20836 14852 22472 24227 -27384 -6050 14155 -12744 29769 -19225 24072 -25554 -27377 8453 29514 -28702 -6091 -28961 -5255 -4042 5731 3161 14427 -1208 9371 
-13559 -1280 26462 14528 -12539 -5806 8416 -16235 -29028 -20246 -20630 -21974 -2027 27469 -11085 8498 -21021 -11222 28531 521 13267 28264 15708 1284 -17950 -12365 -9446 -14996 27225 -191 -27635 11152 24119 -29052 -3075 10723 -7321 -6533 4198 -24222 2842 -1999 -22664 -21649 -2550 -29973 17836 -24301 9576 15390 -8128 18470 10607 -726 29223 -21004 25039 25002 19177 26753 -21015 -4662 -20388 -17883 28337 6327 8442 -5066 28248 -11427 7841 10550 10092 12700 14597 23098 14854 -22574 25704 -14804 15564 -23422 -25488 -19786 -24585 9686 18828 -4753 -7775 -1886 21254 -11442 
25518 2496 5921 940 -638 -13701 17456 29873 13181 -27022 -2677 -8471 -12077 14821 18197 511 23677 13682 -4893 15135 17158 -29663 29253 10537 26813 -5425 -1602 -19533 -21208 29237 11194 7002 29220 5854 -18192 -29201 12944 -19271 -12508 4957 27481 -7351 9534 28736 7596 8333 2731 -25578 -21255 -19204 -23108 -7920 -33 5959 -5567 -4284 26401 5727 -2125 -19845 -7887 20777 22014 28872 28107 4392 -8653 29042 -24680 -28630 -13493 7634 24010 3948 -26744 -29597 2947 705 -4967 27487 7323 -2548 5555 13286 -17362 -21656 -8071 22094 -9962 5876 22478 27693 
-7861 17725 -4233 -9992 25666 25269 -26261 24340 -2770 24876 17802 2718 -23130 15844 135 6807 -11930 -6910 -9173 -2928 -19119 24623 -4938 -28860 9818 -3599 7908 2530 -1605 8654 12240 -12578 -8677 8804 -5867 10802 2883 -13143 7470 -16472 -11637 28603 -328 -22522 22700 -19575 -3038 23617 -25843 19418 -7115 16091 11379 3836 21462 29770 15577 6134 -13721 -11657 2944 24345 -18492 11501 5386 20233 -22435 9241 -8245 10173 16236 14316 -3206 7908 -3464 -16863 28084 29172 26284 779 -13485 -8198 28062 -18665 6339 16097 2834 28642 20311 1108 -11653 3039 
23088 10732 5814 8965 536 -25733 26953 20748 -7737 6017 -4014 -4248 -26899 -28386 17102 -3053 -22142 6169 8202 -16545 11155 10723 18781 -29840 3735 -24812 24256 15603 17195 -27865 25345 27741 -18649 -23098 -6286 26972 -4175 6525 29940 8263 4846 27832 19758 -10144 19641 13133 -8634 5908 25235 9600 14623 -6668 2651 -11962 -23540 -16305 -10803 891 -18436 18279 6902 13251 -25941 -24328 13740 -4226 -29488 5024 3854 11329 19413 -2225 10558 -20277 -29925 -3383 -15856 -12745 12954 -27742 -5225 -15996 -28876 -4399 -9273 4387 4106 12249 -12281 -12742 -15578 -11799 
27606 -11612 22082 -28863 9970 -24400 -2499 10122 -24619 6367 -20889 -10573 13360 25510 -8468 -22841 -27468 25317 12453 -18369 27473 -9393 11791 -20490 -29820 -17968 19747 29362 404 -16273 23386 -8789 4981 -24794 -29913 24911 -16451 -11402 9901 26769 9021 25359 -7387 18748 -9238 -3190 -26843 24895 13900 -26445 27025 -25105 -14840 11322 21699 -13193 -10589 176 -17231 26834 4908 4891 -27066 -29376 22200 2142 13075 -3537 19795 -20517 -23773 16966 -27108 -19525 -19423 19689 -1678 -10474 -14005 3421 2076 29224 24063 12762 -17688 -20818 4430 -8260 -25381 -25981 -10825 1353 
-3031 -9506 -19324 11187 19939 20502 -2710 23305 -14113 24526 23695 10216 -6429 7587 -15016 -13835 -1667 22021 26409 19798 26420 24252 -8457 13657 3879 -14412 3313 -8943 5493 -27854 22296 17110 -9508 -8525 363 -19348 6370 -14220 -7462 279 1016 3714 -26747 -13520 2033 -15765 19682 9125 -27691 -19989 -8010 22901 -8856 -9622 -22602 -7603 8773 6139 9179 -25994 -9726 5767 -20912 25793 16575 17857 7890 -6488 27167 15141 13473 8025 -19616 -5864 27510 -11381 -16468 -17779 -6440 -20999 15736 24037 264 -29108 28808 20931 26390 11914 15231 -17532 20359 -17665 
14376 27189 -13441 16593 -23970 909 -27109 -22732 -15504 -2612 -14385 -7606 -26523 -26258 28063 25800 29784 24851 -15807 12396 -29289 -1322 -22125 -2296 23199 -11275 -17213 21406 13616 17623 -12681 -9707 3244 17091 14151 16198 8928 -18591 -20726 -5707 -2055 23478 11342 27587 -15850 -7680 7987 -26279 29529 -25702 5801 -13757 19336 16502 10048 -3841 -26453 -1248 -29963 8392 1788 12947 29476 -5374 -27629 -27945 14808 -28799 16185 19309 18945 20542 24994 12084 12985 14032 19208 -20413 -14361 -19820 -10752 16551 -1939 3020 -4363 -21736 27989 -12621 -20495 -18948 -17035 12687 
-15109 17536 1575 15416 -26328 29720 14681 -6084 7978 -18974 -29472 19862 9994 276 -5458 10506 15707 -22241 11766 -20926 -6002 -1120 -7239 25624 10357 6682 27403 -15013 24748 -9970 28319 21606 6439 22923 -17306 28086 -5641 29887 -20537 27243 14044 -10992 -7511 23794 10230 -27401 -12402 -8073 21960 8446 -2282 21598 -25328 20629 -2218 -14510 -10803 -28499 -27244 4893 -6135 17409 -1209 -29963 26142 28142 -22501 9135 9367 13418 -16644 28965 -11618 26271 -5768 29966 -26375 -20303 -4961 5298 -2077 -11812 -25489 -21338 -26278 -3799 -4894 117 16689 -1844 -23968 13639 
-29081 1860 597 -10072 -12076 9726 490 -21816 -28804 2783 -24769 -15441 -15437 -13221 24448 -13504 6603 -3328 -21777 -8246 17670 12622 -8467 27148 3902 6851 10785 -20383 16501 28875 21530 20127 15510 21421 8876 1748 29605 11708 -2102 -16881 -2751 27952 14179 -28358 -17737 -17749 -11255 -17036 26588 -8323 18992 -479 17850 28659 5795 -23530 -20748 -3505 -22908 -749 6224 -9252 -1384 -10734 -14845 21686 15939 -22306 -1590 25621 -25667 12581 -27508 6397 -21644 -26908 18255 3263 11396 -688 -19504 -14632 -20250 -3064 19229 25206 -19555 -2486 26865 -4982 -21780 -24155 
19345 -131 12487 -9338 -24010 15752 19177 6559 8391 -20498 17016 4668 26872 -13087 1429 -7779 -24227 672 -17574 22088 16025 -9102 26692 -14564 -15918 -5047 29326 -23518 -9802 3 25420 -1039 6852 -6172 21293 17315 17429 24213 23484 16823 17870 -2874 -19479 -26395 22144 10494 -5302 -5161 20389 -18384 -29996 -26362 24323 -16079 16962 -11045 -9527 -8465 -22188 -3628 24607 -14789 -29344 29340 17229 -9532 -1756 -13542 7026 -15165 -11252 -2911 -5388 16780 -23885 28513 -12121 28588 2532 742 28978 12307 -26366 26137 -74 7407 7201 -6070 -9170 -23243 -22721 17317 
13831 -23060 -6571 -4500 16463 29870 25333 14396 12224 -24205 -2374 -12138 13807 -23750 -28565 -29275 3102 14841 29886 -13714 -19729 -5849 -21889 -11540 -26451 -22432 21053 -20703 -1456 14664 3006 -26589 17520 -6037 -27618 -9456 8041 4343 20979 13755 -29948 -4428 24242 9319 3489 -22817 -9350 -24431 8887 -14222 -11630 -10764 -29880 -29919 -9270 10198 14128 18002 -29660 23510 10497 15511 2622 944 -23225 -12440 20503 14648 2949 27611 15147 -12994 4621 -6430 21749 -26768 -2293 20515 -9568 17235 -20774 -19203 -29534 26084 -14166 2924 18715 -27238 1278 18460 -11665 -20555 
7905 6068 8650 -7385 25993 8491 -10742 -28016 19673 -21831 -11795 20992 -8167 28306 -7287 -14300 -15582 -877 20050 18439 7562 29754 -22864 -11361 24825 -773 27928 -15288 -3576 25652 -13210 25402 -2791 4118 15670 413 28375 27910 1355 -5000 -24199 -6662 22375 -24125 11 15652 -749 -19228 -26217 15436 9127 16293 5549 -23346 28388 -15785 1591 -16875 -22115 24473 -14195 18926 27938 29116 11766 -4944 25761 2031 10418 21918 -2858 28538 20014 -9261 -5844 -16269 -7074 11564 -29528 6368 24560 -3224 12628 -6550 -28535 -14949 -374 6047 -11702 -22136 -23980 -22421 
3810 -15125 -26991 260 -28941 -11328 -18504 11741 19672 9235 -3268 9070 -18105 -4287 -18657 -28803 -3783 6637 8516 8034 8471 -776 13883 22463 -7819 -27035 -20589 -16334 -9894 -24966 -3730 -14259 10593 -8596 -19012 -4901 25929 -3556 10979 -6544 -21185 -16082 28104 -14536 6957 3898 4769 10602 2060 28968 -10106 -4040 -13312 -22125 -3723 -14782 2198 29574 -28301 28338 18403 11273 29068 12614 20220 1185 20144 26601 11839 -29409 -27765 -942 -17506 16180 -20383 -375 12557 -27752 5635 -8045 -21329 -24151 24190 11701 -21945 28803 -10477 1760 -17973 -36 277 1247 
-6965 -4464 -25199 -7613 25863 -2237 24028 26426 3284 -24170 -10944 -16938 18684 -20749 20623 19526 -8391 13008 10209 -15007 -28514 5283 -18161 25831 24730 -19844 -9975 9149 -8942 -13393 10785 21751 12818 -5449 -14830 26882 -28196 28598 1809 -2940 24374 20624 -95 24034 12268 -18511 -16841 12429 -5446 24323 -14948 -2865 -28039 -22960 -26911 18745 19529 -1781 15548 -10201 26403 -2115 -21592 -4038 20696 22635 28165 -15550 5394 -14614 22127 -22207 -16722 29053 12298 29230 23307 -5686 -4555 -17024 22207 -13857 -23805 -10498 -1828 15276 -2834 257 -11703 18647 18026 -15668 
