100 100
25154 10643 -9806 -1521 -22701 -11011 10875 -23803 -1449 -14136 -25735 -9655 -17114 -9768 990 -5502 2569 25410 -5769 19554 4037 -1097 -11347 2528 29163 11063 -2657 -25244 16948 22272 -1662 -23102 -19570 29831 2613 7422 26073 29272 -29179 23677 -27936 5714 -13447 -6580 26512 -29900 -6801 12064 -12346 11101 -2680 16128 6363 6910 -1204 -557 12942 -9893 -15679 25523 4847 21133 20974 -19056 -53 20632 23777 -3392 -20432 -14601 -14723 8194 22320 9621 -12398 -654 8960 3673 19217 -12462 -24817 -24054 9182 -13653 -1770 2158 -7505 -13333 27180 25138 22114 27273 13827 -4441 -7035 -2386 -1731 -21218 7642 28071 
11840 -28610 -7788 24436 21601 -20904 18808 17397 2395 9576 -20399 10651 18858 16193 23371 24522 -72 22204 14281 -1685 -22630 -25597 21931 -29762 -25577 24434 5752 10798 7230 17265 16054 -7603 13864 20408 -26159 -6981 10283 12113 -6400 29824 -22258 -13593 -4 -18086 -10847 -6941 20843 -8628 18583 -19908 13067 23944 -17543 17567 22602 -9758 29288 20848 -10534 -29495 -6678 1946 -28360 25630 17567 -6608 5118 -17911 -10366 -23295 -16393 -18455 -1488 19212 15189 -23722 24660 -23223 -14693 23362 -22119 -15632 -2895 25940 -7673 14849 9097 -11527 -21648 919 -22288 -21183 -27701 5934 1404 -23295 21513 -11322 7449 6805 
-21354 -12001 7507 -1306 -525 7419 10615 24014 -1675 9461 -25518 13619 12992 7238 20300 -21002 -26269 8741 -3886 26839 -6846 -9383 19423 -16068 -15427 -7404 -19532 -9241 -1767 -6159 13435 20744 -20247 -3278 -5964 3895 -27308 -26699 -28437 -22918 -10768 7581 21411 -21789 -1019 -85 -19313 29961 -24085 28041 6941 24959 26573 8476 17848 21854 -12481 22029 24590 -29610 -1894 -232 10859 -24306 21549 -29676 -15485 -29239 -7276 13040 28316 1887 -8317 7005 7971 7767 -3512 -7037 21468 21148 19373 -19049 25733 -12657 10018 27936 10970 -23746 8993 12983 25924 18044 12958 10153 25004 19574 17261 -11244 17290 27856 
-23370 -29928 7408 9879 -18197 -4658 28291 -28943 -15288 -18453 25799 -391 7884 -25564 -15231 4199 13870 14998 -29698 -14450 -2587 -10940 10380 5686 -3524 -31 -28654 16126 -6884 -25530 99 -17764 -16028 -28348 373 -13346 11787 4963 -12968 212 -8659 2197 8839 -11022 -22870 8883 27907 -21353 12319 -14399 22439 -24171 28392 -24074 -2302 -1179 9655 1479 -2091 -1043 -27421 -7583 20134 24481 -23189 -26788 19368 16246 -27963 -19844 -20098 -23965 -23441 23628 -14620 13870 15084 27807 3731 -3386 -17054 18375 5102 -613 -9034 8059 3538 -20666 14917 -23608 23100 -28904 -3374 19952 21115 21023 -295 -21234 -24052 -31 
-23103 8725 25275 -96 -16949 -5608 -4676 7265 -2777 -28633 10174 -17067 -17264 26662 1096 -18981 -24639 -16068 23432 27788 -10373 23030 -26962 -11790 -16745 -12686 14263 17909 -283 -15172 -11582 -13659 21082 28531 -11597 -15996 -13996 28498 8041 27037 -11701 -25162 2207 16662 -9639 16496 -11328 -11982 -12836 18776 18830 23689 -24589 23855 16462 19281 -7035 -3333 -18298 3156 23593 -19588 16618 -23584 23278 23684 -29658 16558 -16896 -160 -1247 -26517 15108 -8690 -2300 23939 -28369 2615 -14206 -9819 8751 -24355 14078 -17011 -3629 27695 1883 -8458 11247 16943 -29442 -2281 -18165 -22968 21316 -3760 -8569 6108 -17555 -14176 
-5466 15956 -28327 26535 -23750 8019 -10424 -8167 -25143 7254 -25640 20198 25011 18481 11022 -23897 21056 13661 -1007 -3899 -13883 26064 -21415 -18303 29438 -21300 15336 25643 23330 -25228 -10883 -28740 -27018 -28746 -20816 25420 25879 -29445 -4050 -6112 19150 -150 9036 -28324 21743 24326 19008 7989 7937 28365 -9118 -7685 -6944 -10745 5437 -1738 20352 18069 25836 -18189 1439 17967 -22737 -27645 16368 -28891 7745 -29002 17248 26768 28149 2042 7080 18539 25303 26903 26574 12565 24880 -430 22834 -5918 28999 29397 -19932 18536 -230 604 -21345 -24261 -27473 7851 4273 18749 13714 15782 -5829 14254 25649 20613 
1107 21288 15191 -17724 -23123 -17157 -22850 16138 14630 -21371 22985 -9862 11813 7931 -10933 -26114 29850 14484 -2014 10420 -10359 -28364 2407 -28586 10709 -9498 -11909 5545 5217 20195 -28560 21081 18209 -11802 -25147 22427 18967 18240 -17585 -3736 -28540 -6419 -15169 -22428 -18438 -13515 2704 22416 21200 1138 14509 -4202 2831 -26363 -295 1848 -7123 9638 22918 -16825 -1845 29576 8012 28738 -26806 4609 -5487 22918 -13802 -21526 -2915 4901 -28429 20881 -10777 -1770 3773 9283 -29595 -20384 -15982 -18548 18937 -22468 -21702 21744 -18295 6592 -17394 -16092 29836 17016 20528 -2758 -23037 19412 -22650 13509 1183 3464 
-4318 -4250 9750 -12338 11925 5433 26655 9032 26384 -19344 -4389 29597 13700 -24263 -4019 -23236 7410 -25494 1065 9274 -12897 -3285 23260 11009 -3582 -27602 -20170 6434 8993 29800 4705 -15833 -24704 -11148 16496 26253 -14154 28247 -27148 22856 2333 15312 27369 7136 -21356 13330 25974 2023 -27896 26100 20765 -13848 2509 -13139 -1284 11198 -20819 19471 13443 10635 -26586 -22281 16024 -29292 26650 -4458 9063 24350 -17744 -14998 14103 -29383 -5187 -6296 -26318 7581 -23450 -18299 28524 21846 -8599 -19547 -7052 -1770 -2608 -5080 -29506 -7475 29555 21224 24389 -343 3682 -27251 -12610 -20609 -29345 -13914 10859 -21835 
12821 18860 26864 22258 26008 -8908 26520 3011 -11986 19219 -22889 -3224 -2458 9322 -17083 21994 7071 6031 -1019 -27233 24603 -23223 -22042 -11390 26033 -28508 9434 -4053 29478 -16754 -22792 -11413 27013 10505 22279 -2622 3363 -17260 757 3007 -16464 3639 -27790 -24174 -9913 -6412 -25519 -10976 17274 -20415 26421 15364 -8279 -23331 12935 27106 6890 -17352 28967 1389 -1239 -27715 23269 -23288 -5447 -28109 24691 -9118 -3314 -2963 -19314 24649 -13888 26607 9447 20214 8902 29302 -14516 2672 12094 -156 -13806 14261 20397 -26907 11101 -8320 -17006 22581 -11180 11886 16317 -9031 -28200 5167 20749 27344 -5948 27888 
-9427 -5128 9972 2518 18759 672 -1583 24361 14867 13979 3732 -8534 7909 24679 -28771 -13816 -18272 -16814 8073 13362 -14632 20495 23543 -12312 -3903 20440 992 2253 -3046 -1386 -5395 22576 -12767 -10367 28016 -28692 23079 25883 15416 -17132 20745 23929 20327 -17520 -28596 907 -24411 -11422 26717 -13412 -2885 -18063 -25521 24891 21027 -16933 -20684 9178 -2554 7252 -9965 -10906 9877 -24324 -11896 -12791 16229 22752 26349 29789 9668 -16546 -26977 10139 -8958 -26084 15530 23264 -21322 -11971 18047 -14563 -2069 5753 -22924 27069 26102 17518 10851 19981 11294 20370 -16634 -4080 13741 -11773 -12881 -14010 -14893 1779 
-5573 7439 10560 18119 -11502 -21095 -11784 -8182 -7590 13674 17599 -27857 2078 25629 -19659 27262 -17593 25828 8740 13334 -16094 -15086 -13119 19311 -5679 -26582 18831 -1068 29285 23138 -11793 20352 -5251 21381 -21812 24870 -19759 -22782 -18462 -5267 21152 21560 -18839 18971 -26122 -29471 -17189 -20919 -27781 -27466 6411 -11149 -25601 24229 1439 -19279 27227 -11584 4494 15850 22173 -26784 -2210 -20551 17387 21665 -24644 17316 -14689 -18689 -26151 6295 20093 -13847 -8136 12707 24995 16449 23690 22555 -19239 -15782 4086 -25231 -6062 24646 -7162 12982 -18905 -19761 17575 -27263 -20110 19060 18929 -11957 -11480 -25839 -7779 -13474 
-26729 19800 9509 7722 -5790 -24958 -6088 -13957 -1011 -14426 -15697 -15501 25220 12076 -24235 17346 21667 -1073 -8695 622 15841 -29287 -22420 13948 29159 1578 12233 11649 24535 -28952 -27435 -8863 3821 14603 10694 -13503 -17120 -6817 10788 -5113 -23984 -28763 -7243 -20585 -26474 15145 -6829 16762 24105 -5747 -21947 -19906 660 25836 20876 -22048 2885 13448 29904 14208 11052 -3553 -27335 6499 -21402 -29083 19365 -5092 10460 8849 -27834 6068 -21229 12320 -19861 6139 -11254 1290 19340 -248 -2565 8405 -10326 -26039 -23490 2581 22286 15206 -22353 -11283 -7226 21714 -23034 19690 18699 -16901 -12413 6727 -2679 1444 
9688 -27975 -10321 -14214 -17561 15460 22583 -7992 5313 -14307 16737 -12070 13737 -16282 -4741 11725 21959 20196 -13498 -24564 -26127 19193 -6983 13747 29982 -4913 -20247 28085 -7294 -18521 25296 -29016 -16179 -8622 -8844 -4445 15294 -6044 -21944 9474 11902 -15498 21491 -13996 -1810 -14115 -13598 7170 -1192 -26855 18856 -28765 -20272 -8790 -9457 -7386 -8899 -14270 28200 5570 -13983 -22952 -9372 -1761 8811 22712 -21499 -19152 24242 -19432 1977 1415 -11772 3659 3573 5294 8475 24140 22808 20079 -3817 8231 -10207 13952 18352 19186 2431 27212 -4287 -20311 -16279 -12374 -17920 -16005 4567 21135 -3960 -29669 -23882 18229 
1720 8487 -14214 12146 23177 -15091 -454 -22732 -22919 -16094 25777 5657 -19960 17500 26896 -3767 11431 -6990 11189 -15306 8146 -3083 -25704 29012 12044 -1168 8038 16092 25505 26417 29089 -29067 -2542 -23569 27689 17497 -11867 3591 -27104 -20576 11833 -27212 -23415 -16608 17250 25334 -25770 29352 -28075 -26316 8515 -11246 -19980 10136 -15197 -13504 26795 19426 24444 -13089 -14821 17380 -27715 26561 29023 2541 18935 797 -11095 20459 -15995 20595 9407 -12232 24129 23139 -812 -9907 -1172 -9351 14347 -18774 4690 2114 -16791 6519 10978 -21367 10113 29267 5942 16080 10786 -14482 -17856 23101 976 -10762 -1986 12877 
-1613 -4494 27096 22056 27329 -23389 -13827 -2954 -13274 16893 -14951 -19906 13811 23475 17499 12489 -13079 24781 -16767 25618 -7437 26675 2192 6520 29777 7146 5108 8581 25718 1096 -28374 -22067 1673 -21994 7879 1727 -24789 420 -15918 -1258 14763 9467 -16450 24659 17533 -27031 -12225 14451 848 14969 -13786 -6775 -11706 15138 -10351 3364 -5670 22297 -2566 10393 8061 23902 7133 -4197 -7027 26759 -3313 3874 -28477 10561 -1310 -10756 2905 18301 22516 24753 24077 -23553 21650 -17581 9599 24634 -20755 12855 -23360 5641 5078 -3068 -29842 -4358 -827 3429 10321 -17043 -4796 -2596 -20926 -10086 -5871 -20267 
12581 8549 -8410 -1653 -12827 21569 27495 -28830 9507 -14652 -26058 -8958 16334 -18824 3894 -9377 20338 16672 -28530 9586 21171 -25253 27985 -83 12312 15879 -5396 -8096 24122 -775 15523 -20172 -18792 -16619 -23129 11655 27157 4947 -3231 -23034 17387 9440 13233 13162 5556 87 -26925 29357 18079 14216 -10366 4373 26034 -14406 -29636 -20248 1349 -3272 466 -19026 -4869 -5125 -9739 -10357 6299 4509 -8872 -25967 -6021 21606 19072 1007 8783 24529 8457 -2275 -29265 -8473 11068 23314 -9524 1760 7745 -6385 -8307 28741 -18877 -1314 -2245 29583 -19039 11216 18916 6935 -3489 -5089 -1792 9454 26550 -7293 
-7047 -12222 1862 -23891 12258 24028 -14514 15875 26964 -1531 5045 9264 -25111 20290 25323 12076 29367 12681 16303 -8176 -17315 2674 7650 27996 9518 -27503 19246 -26137 -9459 16191 -24569 -15839 -5361 14967 -5947 -10328 3878 -9551 -11686 -11043 -5655 -4309 5074 -12726 -12780 28293 -15260 25403 8092 -8150 -20010 -23225 -26375 17906 -10330 -196 -17424 5628 26979 12767 -10990 -16956 -18839 -29309 13591 -15517 3174 -6462 -27205 -20208 -17758 -12358 -9840 19356 -14878 6716 17971 21755 27214 -27819 20858 4573 -5592 6355 -16737 -28140 18614 16147 888 7609 -4159 1748 25575 11485 2766 2909 -21862 -7043 -2887 -5936 
13306 12610 -28012 -21902 1521 26721 15677 -1754 -3623 -4161 28343 8279 -1542 28872 16147 14957 -13217 23738 1534 -21679 -15662 -17245 -25757 -7346 19903 7015 7261 -19345 27803 -20222 -21932 9891 -20744 10868 -15231 19254 -10200 -13952 26192 15855 175 -16499 23305 23240 -11521 25473 12270 -23925 -18130 2561 25623 -121 -4996 -25834 24243 -21330 28164 18283 -10730 18820 -6540 -3225 24656 -26970 -25584 16595 19699 -21494 -12878 6099 -12643 -14538 -15567 -17255 24258 16656 29673 -6298 -22056 15651 -11288 29970 14915 -2304 9644 2176 29589 12967 2047 7523 29082 9040 -700 -1728 12903 13315 -11391 -8901 -29199 -23202 
24059 5711 -8751 821 5238 -2415 -20861 29982 12373 20772 21101 -10027 -10008 -28826 -20943 -26557 17857 12570 -19265 -19024 20742 -4474 25725 5210 -410 8904 26020 22571 29228 4398 -9013 26458 5742 -22836 25737 -15220 -22128 -5465 -10271 22173 13499 5818 22501 -4447 -9104 -19491 -12741 -18711 -25387 -10813 8241 23770 20937 16371 -1567 36 3297 25426 20852 -25878 -17660 27197 -21926 -10842 17432 -15023 -22321 15754 -6676 -7392 -27148 19684 4429 25860 -16852 3802 10889 29827 26840 -22096 5486 18206 -18989 -18971 6823 27950 -25017 -23722 -14488 29469 21745 -1879 -12752 18910 18221 -23436 6129 -7321 24725 -27940 
-26822 26682 23648 26471 24038 2822 2248 20486 25179 -5194 17276 -27542 28907 3546 -21479 -3896 -20089 1448 -21983 23973 -16610 6706 545 26718 28068 18647 15680 28817 -16335 2278 -6668 24795 -8005 29322 -19431 -23988 -28704 -16127 -14287 -14390 -9287 -18454 5580 -3379 23900 3133 23181 15311 19924 26601 -15873 -15994 -29790 -10311 -26597 -4036 24672 13020 9587 29067 10053 -9944 -9373 16838 3165 -18797 -11655 1190 12304 -2701 6064 12908 18029 29968 -20786 15438 16218 -765 -9067 7485 -3017 20645 -7594 -22492 21654 -10959 26747 24977 1130 26141 2725 -3766 -16785 17868 -21558 -22085 12740 6095 -4977 -14533 
6215 -26966 -28173 20932 -23718 7598 -9427 -17047 -9113 -17742 -1607 -2186 3559 -28317 -5557 13669 -27331 16822 25340 8182 23505 -29620 -5378 29994 13531 -21097 -9445 -6055 14671 -9701 11556 7972 19314 10846 -18712 20855 -6170 -16705 -15536 -29038 13337 -22862 -772 -28679 -3239 -11853 25667 -27233 -29446 -13575 -24223 29795 -15362 2569 5328 -12330 -14796 22182 6756 -1764 -24397 25601 -21050 -22961 -7977 3766 -13276 2569 12699 -10149 647 19740 17142 -22423 14033 -3734 -21246 -990 -1335 18387 18126 24392 2742 -23458 27766 21600 -27858 -12855 -12579 1170 -24709 19732 4857 27283 618 18457 -26082 -2648 -24960 23466 
8118 -8294 23793 -24983 -16279 226 -26360 1618 24269 2963 23467 9837 21000 19946 -7741 -20313 29280 20823 15753 11150 -6383 -5612 22027 17974 -16491 25732 -14917 -20913 15005 -11917 14360 -28440 -24743 8999 1507 -28098 14001 -7568 224 14098 -16499 2509 -10473 1788 -13193 -8411 -3566 29004 -25969 1850 -9294 24293 3211 -554 -24930 22009 7238 -9435 16106 -4285 -13624 -13497 9573 -29883 12388 17626 -7822 -19915 -21060 -13249 25595 -10442 9624 21865 -8260 1945 7332 5461 -22064 5672 1399 -3793 -26266 16865 17564 18548 -7138 4854 -22538 -4377 23843 -10028 8316 -26811 16192 17687 -18368 17037 4271 28763 
-25708 23567 -19945 27418 -22834 -766 -10236 -25512 23545 4270 12580 -3961 6632 13262 1951 -20947 -11444 9640 9872 -7027 -25331 14046 5286 27097 -22957 -18783 17315 -19245 7496 27592 19888 -473 23696 -22320 28244 -19292 -22818 6450 17310 5197 -29458 -5512 -21959 -25012 10234 24370 -29133 -16118 14353 -21380 -21853 -16545 16055 -19428 25094 21947 28924 -23837 3538 -9450 12088 -17154 -1206 -8375 -18276 809 -12963 -7834 13766 23652 7891 1202 199 17360 14548 17469 -18269 -8726 28095 -19458 3293 -18817 -9302 -28926 2649 9009 -5424 -28534 5095 23898 2954 -695 -11958 21084 22258 -13299 -20201 -17832 4072 -22309 
7368 -14608 -27885 -21233 8394 25488 22191 27474 -14302 -5443 16620 25548 22766 -4500 -5940 17188 555 8775 25935 28312 -27846 -8388 -21161 -12871 24420 -22242 14577 13575 -17723 -19687 9043 -9487 -22812 9056 -10702 20496 -14170 -23071 -24236 18669 19397 1133 -19992 -6467 4774 18477 22986 21848 -2710 22213 -23784 10236 -1055 4232 11255 -13371 -14288 -10990 -7197 -15033 6593 -20174 12845 -13633 26789 14231 17249 -21696 -15155 10782 -7527 22198 -2118 -19905 -10993 1796 8819 18298 -19162 -924 -9555 309 -3631 -762 16097 -15853 -23830 -7089 -13878 -15190 -6650 -1003 -20063 10590 7950 -26517 23487 14869 -25935 25037 
16475 26794 -26410 16702 -28530 3372 29906 28615 11903 -29011 -20689 9932 29029 21549 7634 -3844 21851 -25175 -26982 6416 -3004 10202 -26969 -22315 -8885 -19736 24328 17406 -24596 3208 22668 8224 -757 26782 22731 18325 -22198 -20646 4516 21503 28527 -23164 -1286 -21892 16571 -21920 25450 938 4693 21622 -26308 -1245 28979 8889 29689 17299 -21312 -23910 -9450 23066 -19306 8983 -857 16464 18128 3920 5835 20709 4185 28336 20104 12541 20694 -10808 2176 -17320 -25121 -4908 24238 10999 18500 2118 4903 -18969 -26619 1611 -13842 21786 -23095 -6910 8288 -27767 -4306 -9430 21409 -12460 6215 18881 22569 -24996 
3056 20555 19455 -11309 17906 9490 12078 -14235 25119 -11500 8655 481 4649 1087 13362 -4480 -28238 16230 -15962 19105 17486 20036 -13310 23274 13785 19287 2732 -26418 145 19839 7278 9829 24877 28914 12851 -4887 -27164 14259 -27214 8153 -24502 180 -20861 -3341 -2017 453 -19782 171 13651 28107 -20081 -87 -15237 -2087 -24489 8857 -29434 789 -20735 6042 -12545 22467 -21807 21351 23210 2524 -18077 17855 2971 27665 21303 2092 8713 26937 20514 -1032 26980 19639 -29757 25934 -171 -20103 -17733 23062 4600 -19360 19294 -21281 10441 -13672 -8826 26539 -3542 19941 -15503 -23204 -19121 -17997 -414 22294 
-27328 -29756 5567 6569 -688 -5257 4771 -12511 13417 25569 26385 -19163 -12614 -12580 -7951 -3859 11327 -25656 12697 -14816 13495 5174 27914 20613 -763 12933 -5211 -16531 11174 -9444 -22646 -27782 -9738 -8081 28726 9603 869 -6124 8290 -4231 22704 -22667 259 -14749 23294 -3399 27268 15808 8671 12272 -27168 -11229 12787 -20029 26405 -18469 9335 -9618 15277 9975 -5434 8476 5056 -21401 17203 -17689 27002 -6711 17194 -18027 13231 10149 3717 22857 9477 -25085 -12025 27922 29718 -19741 -7382 -8008 -2678 9787 -20006 20476 20210 27812 11884 25669 -17546 19677 -15465 -24205 25429 27730 -4223 -1128 4114 911 
-5104 6951 9251 11719 -2835 15562 -29634 -10064 -26121 -9009 6833 13987 25713 19163 -6698 -17257 24340 6249 2735 3848 28538 -24260 21364 9281 -2331 13241 19045 -18850 -22803 -28448 1284 2719 -17536 -6383 -23509 -27896 13932 27707 13825 27078 -398 27023 17647 4375 -29415 29535 24198 17908 -22481 14586 -4889 -29281 -26924 6065 13577 -9929 24597 -29697 -18690 4340 12442 27197 -7232 -154 24932 27309 662 -25136 -8388 -3716 -12647 -21021 -27170 -19824 -8694 -4237 -21742 423 -17649 -3507 -18617 222 5081 -14316 12169 -9258 -18531 263 -28327 15183 4646 1281 10144 22424 18179 18734 5230 28215 -12869 7394 
25078 15511 -24195 -4283 -26250 -22774 24005 4402 13444 20626 -17022 -3321 24437 15394 19217 26659 -26899 -19512 8071 26427 27087 8812 24696 -4252 409 16678 -7845 1475 3870 -5087 19787 -16124 20380 22518 24064 -26759 14954 18733 -25115 3200 22774 6443 29787 -24119 29131 29839 10708 21515 -1241 -2 21543 22063 11939 -27193 14124 -15334 5241 -20007 -17452 -18896 -13791 21413 -18577 10281 -18170 -21659 -25350 -25841 18096 28064 11057 -6461 15484 1673 -10915 20167 29388 -20792 10460 -21588 22823 11401 15793 -18313 -11449 4439 -5713 14107 24142 19961 5720 29013 -5432 -28177 13894 -16322 -19826 17359 18650 6420 
-7991 -18628 -18363 27516 24825 -27614 -12878 13233 -29399 -2990 -26883 -27084 6772 1883 15166 -23820 -1681 -2161 -9745 17651 4112 11589 -28869 -27345 -16734 13868 17898 8200 4224 -21542 2058 10891 24452 25786 1068 -27195 1549 -23065 -5645 -2585 -10852 -28669 -15883 -15708 -25714 -17122 21509 24727 26200 29470 14005 -20546 19654 27439 621 16909 -3136 4470 20247 27371 17742 23631 -11171 29145 -24794 -2399 10703 3826 -23910 24326 26687 -24991 -22937 7566 -870 2665 -9776 20292 -14166 -14676 16070 12978 13775 24872 -2770 17560 22196 -8223 -17576 -3470 18100 -2790 -24255 20550 -29084 -28574 3833 -28829 16304 -23242 
27657 -15194 -975 4717 -2343 6917 -12752 -10660 -16586 -12066 9983 24810 -29856 6795 11839 -10210 12962 29501 -22315 -19304 495 21855 -16113 20912 -25143 16722 16392 -14073 23882 12937 24401 -8771 -16044 16970 10979 23533 -13260 11458 29937 -9898 -21270 619 3307 3771 13621 12534 18479 -23638 -27232 28310 27198 15670 19832 -18111 26446 25692 -29280 24073 -1193 -28032 4755 20085 -19030 11244 29823 28450 -26672 -20704 -7377 13425 8332 -8085 6455 -1623 -25983 -27702 -10931 -9305 -21480 -29738 82 -16537 -10567 339 1026 -18225 8756 28586 23045 -2025 19080 345 23767 3133 -21723 28991 27244 -25936 25522 2999 
-3883 12556 -1347 -20424 -22268 -8254 27356 -245 -12850 -13721 -16123 -589 13513 -4230 -13642 13827 27018 -25681 20202 18547 -313 7503 23151 18405 -15734 -12443 1513 7841 4061 23224 22501 -14685 -29469 -16085 -9889 -9622 -6336 -21185 -24273 -12544 17942 -19891 5193 -5772 7029 8939 -25143 -14153 -8245 -21468 5443 -22032 -22463 -14930 -4000 27103 -12968 -15876 24934 -21126 23525 -11615 -10079 17530 28323 8750 12367 5883 -23787 18589 11079 -13240 2272 -29428 -28973 -2366 17630 -25712 -11291 26834 -12648 24071 -6635 12996 -8371 -6230 19724 8833 -25285 -18794 16018 29675 -6389 19907 18228 10801 12135 -12787 24689 -16913 
27246 -16141 -19619 -18476 9404 -21442 15245 -14952 -29818 -27097 -5808 -24888 -25667 29476 13439 2893 -4414 -827 15918 -13486 -9998 -4058 26299 -1818 903 24398 -24417 1267 -95 27933 10263 27916 -6842 -7014 29240 21896 -403 12546 19294 -15610 -5596 -23144 -19913 -18832 10240 11171 23010 -10679 4469 25645 -5677 8456 21923 -22030 24811 3385 -2821 8888 -13618 -3194 18892 1423 -29997 -1598 -20200 21883 26787 24640 -3833 26851 13901 -13919 -4466 -1402 -12327 26684 -26808 -10140 10009 -2808 -9912 25108 9598 28636 -3374 10570 -18085 -17706 15393 -24676 -8302 8350 -12715 7993 -2300 -28163 -12449 -8920 -6606 5352 
-25759 -5967 -9351 -26960 3429 -16919 9272 -13961 -23309 -14871 16593 13236 -29622 -11138 -25777 -26417 24166 5040 20156 -5612 -19373 10559 -8438 16004 23253 9881 3079 -25318 26214 13800 -543 10175 19744 -19006 23427 19313 16988 12244 14468 13682 -15183 21350 -2420 23418 19974 -3161 29808 -21693 -11612 18301 22557 -25433 -3011 -2838 21498 -2921 9698 6823 -25743 8266 -21623 -29697 -17942 -2752 -6854 -22580 -21411 -23059 -7144 27426 -9135 6363 25369 3063 -24648 22309 4846 28101 4787 -11855 20527 -10715 24321 -22998 22060 15311 -2453 13370 28736 6054 11201 -29713 -26302 -27284 15651 14223 -15653 -10799 -6088 17776 
-3400 20014 -11994 10023 -24307 -997 -27936 -6364 15615 380 1311 1797 23226 10143 -1981 -11637 19772 9276 -3772 9119 24559 -22311 -27859 -29865 15380 -14736 -18014 23233 -22206 15276 17739 20545 12756 15056 -19267 -20178 19937 -3637 24442 -9538 -1158 21922 17475 -3911 29523 -21946 29570 -12182 6899 -13533 -25428 19435 -8856 17831 -1627 -16425 1482 -7726 26878 15924 10076 -15121 14149 -25947 -19716 15102 4673 9846 -27698 6971 -3825 -13286 -7851 22153 -28875 -8089 26733 28986 -8622 22961 1693 4380 14890 -21086 815 22350 15913 4599 4735 29428 21588 -15939 329 26946 20601 -6061 16282 -201 -9433 19546 
10529 -14484 23241 -6563 -29572 27994 18606 -11725 9669 21624 28169 -19805 -29905 -25617 17129 -28338 27128 -13104 -11625 -17093 -22767 20515 -18989 24419 -21528 -14862 -9877 -468 -1954 -17900 22269 7294 -28870 -7163 -27350 15825 7697 13871 -7265 -19710 10648 27721 4745 -16044 -4788 8541 24616 -2961 -1982 4829 -27170 -24111 -705 -19162 13428 -20008 19739 -10481 22262 26247 -13736 -3250 9400 28608 660 -3494 -28309 -15026 11104 21707 -22946 -14438 9482 22639 -12384 -2508 27094 -11953 -7321 -4221 -27067 -19763 18459 3359 11175 -11043 6751 -18848 8525 22913 -15537 17978 6128 18798 4548 26506 1338 -29463 -15778 15621 
-26169 10926 -11245 15801 23487 -19239 12617 7527 -25074 -12150 2716 8886 1574 -27640 8897 41 -14305 19331 8302 14581 -8952 -8770 -14988 7742 -1134 14594 18933 -11505 23845 -28558 16914 -6566 -16770 8451 15259 21191 17476 7881 -4480 6931 -24481 22932 -25771 1223 12191 -5698 -29394 -6863 7721 -14700 -4927 -8352 -19583 -22164 -23395 5119 28255 8186 -11276 1622 -8619 -11763 -6375 -14316 -14283 18707 -25583 -5502 23765 16429 -24504 -14051 28566 5597 -8957 -3001 3107 -28673 28359 24029 26550 -5324 -20973 8800 16483 -4706 21044 27189 -4492 -24623 7797 22377 23601 27566 26319 -12825 -27585 -23618 10312 -11125 
-22167 20242 -26723 -19716 18081 18944 -12244 -13486 -16013 28800 21698 29245 23419 -6877 -28285 -2071 -13216 -25506 25717 8532 -4349 -6455 -12218 16785 -24228 11953 -6405 13549 -13053 12606 5043 -27953 -29998 2183 -2670 -22256 -11279 9272 13104 9447 10098 5818 2820 -7716 -18456 12532 6208 11805 -848 11177 -2696 11227 19826 -23729 5758 25365 3442 -28410 -3791 -5443 24565 12597 22871 -23379 12071 -12612 -11378 27502 -3911 20380 -26506 5150 -12051 -26961 -2635 -12147 9287 22964 -1589 9146 -7942 -15830 14767 14856 -20426 -3996 7140 6133 -21681 -27923 23136 -14962 -3497 28013 24391 -2296 -702 -19392 29381 18783 
-29230 13567 -14921 -22364 26061 16966 -29548 12743 1039 16346 -8773 2737 10563 11076 -12211 -6497 -13151 2303 12582 14609 -26885 -28979 -16596 16061 -18726 -10779 -7700 7096 5704 -27882 10712 -16930 7986 -17631 8321 -356 3818 28070 9470 17209 6339 8352 29606 8719 -22275 6026 12812 -10732 -12502 -21199 25807 -23809 -4493 -27564 -3831 20195 26629 -10319 -8393 -27671 14392 -20945 6904 -20273 -18433 -8871 14176 5893 -24512 -8 -25808 10749 15314 -22156 -13434 20735 -4143 -17292 -11852 29640 -10483 -10733 28035 14251 -7445 27165 11999 16319 21083 -23556 9566 1414 -21581 -18942 16990 4642 -26322 1087 -17457 -23244 
-24832 -17 19470 16071 -25592 -28431 -7101 -9928 14731 -8986 -12117 -12802 -6593 -18455 7986 3952 -6181 8767 15758 889 3465 24914 1815 -23218 29584 19734 17503 -13366 4905 15577 10634 -14175 -8967 12834 28865 -3377 12298 5352 -4954 -14941 -103 12717 23887 -7297 -7837 -9412 -21881 18430 8638 -20858 -27266 -7858 -12652 26317 -13235 15475 -18217 28683 22477 -7276 -24935 -21139 -23678 7955 -18608 -695 9901 10374 -18060 28593 8840 21916 -3825 7598 -4947 -7705 28715 -16154 -13441 -703 258 -29422 -6181 18683 -5021 -17188 19421 28079 -4794 -28649 23444 14703 14662 -24073 4059 11350 -12942 -23336 15985 22266 
-3005 -1327 -28102 24496 -16960 10240 -10581 16107 1229 18730 -23887 21288 3980 -7948 9662 -22319 -4449 24453 -3471 -28420 14129 9995 19439 11475 -29839 8178 -26750 -8629 18660 -27993 18027 1759 -24759 14228 19587 -23823 8074 -14755 -13570 -12083 14882 4688 11939 8203 -20242 -27421 -12366 -15220 12312 -22534 -15979 -21393 18537 -581 -16993 10924 13718 24752 24219 -21559 9952 29403 -24434 -9057 28451 -15470 7641 28539 -13230 22753 -24198 12712 -16675 -29078 3819 -16965 -26985 16327 -26453 -1342 -7488 -23355 25040 19389 -27832 -5769 -142 -3879 -7050 -12594 -26438 -19408 -28506 -19802 -21114 -21866 -26706 20726 24110 24788 
15992 13346 -249 12576 21110 -4447 3246 20592 -9648 -653 -11579 22139 6354 -16340 6252 -12302 -29329 8421 -20416 18671 -28089 -8003 10878 8943 3513 28926 1477 -25391 -9652 23171 18338 -6212 -7427 -3146 27006 13753 -20190 845 -21441 -29602 -21170 -13885 -24904 6568 -2787 -28413 -2709 27523 -17841 -28896 16851 1129 12585 -24777 22509 4432 -21661 4012 26429 -12336 -4915 23479 -7173 -3954 16097 16263 17251 25824 -13416 5821 -17125 -2012 1991 7009 11086 11082 -28163 3998 -5007 9946 -25685 5058 25978 24583 -23792 24217 23802 27642 -27140 -19796 14379 12908 -17623 -29822 14959 26656 -18067 -24310 -11269 -5869 
7790 -14424 -16520 -23339 -20051 28512 12282 -9637 -1360 15019 11243 -1962 -2673 -2267 -1832 -19864 -12459 -5119 14728 17841 1639 -8515 11236 4810 -403 27876 13542 460 26902 6396 26842 8468 -17815 29201 -23344 6602 788 14380 18151 13688 28754 20899 -27010 23465 -26121 3384 25945 15302 -26841 3784 -2757 -11796 -24349 29904 10407 -3249 -3381 -10813 12268 -9010 -3666 9135 -29253 -5702 -5491 -203 -18821 -22317 -27142 28100 25852 12190 14222 18562 5406 -11847 843 -28771 -7350 -16726 -2688 4011 2860 23776 1957 1200 12801 929 -24184 9308 -27983 -23448 -6924 26636 -21286 -7150 321 4978 -21669 -28503 
9553 -20657 -10041 -1599 -19142 -12432 -27026 2001 -19153 16290 12582 7467 3252 27097 7508 15547 -28655 27140 26826 28054 -7940 -1535 25032 -22416 12740 512 -13224 29892 9308 -8575 28109 20677 -15960 -10538 -12879 15868 22391 -14434 29966 -6319 866 -1301 -25672 -8355 9286 11841 -16671 16378 -26131 -9959 -8391 2332 -27275 -3167 5261 22057 4678 -29873 22851 8508 -16952 -13542 11863 -1856 -1802 23729 24022 6454 10344 13990 19821 14694 23296 -26665 8155 17721 -9041 24544 -7821 3035 13575 -9394 -10902 28965 12317 -7378 -8016 -16014 3804 11331 15448 -5080 -15256 29929 -14151 12558 -20020 3718 -10629 22312 
-6880 -8024 9687 -24518 -21258 22745 19063 -11393 -28270 19002 -25928 -19787 -17676 2682 -5269 10660 -20692 -14842 20143 -5428 -8681 -28998 23800 29185 3723 -15285 -23694 10801 11052 21489 7358 -29896 -13376 961 -20160 -10684 -27066 -17401 4929 -2702 10224 -16516 -3462 -28401 -12624 -4558 29900 -7622 27527 3733 -5986 -28944 25374 -24484 -28189 -7906 -19353 -24657 6712 22103 -12838 5529 26368 -3161 8707 4724 -19336 -15585 20535 15995 -9788 -12478 -25655 -15884 -394 28144 -10108 7260 10703 27555 -15449 -19724 -27393 -12703 -7447 6901 16400 25821 -16648 -595 26927 -19480 -10817 -11826 -27316 13563 9252 8738 12809 29113 
18978 1388 -25171 9052 2816 -23405 24196 25785 -29317 10522 -1087 25665 -4585 25990 -3708 -10348 5965 -22861 -13715 -25011 -17612 13148 -5558 -13451 27929 13864 -7362 -20057 -8886 9925 -13677 -18660 -17212 23942 20113 -28253 27458 -22878 -29837 -5590 -6941 -21583 -1958 -24657 22562 -23204 11777 -23021 19492 -6474 22917 -15056 21745 19865 -21327 -22032 -4613 -22630 -1162 19098 8988 12710 12534 -19120 17549 -21517 1146 -23412 12833 5601 9789 -19327 7170 -25177 21726 -24735 -14507 19541 15946 29366 -24093 -19352 -24289 13036 -6050 15794 10454 -10743 -8809 26611 -20875 14640 -18433 29016 -7477 12885 29805 -29476 12304 15358 
-29693 373 24022 -6265 11693 13542 16299 -3605 -23047 673 -18061 15524 3333 -10606 -5615 -13531 -15028 3485 -6660 12599 -25956 21794 26160 18140 23600 18268 4101 19847 11294 -679 15119 -2422 6290 -13494 -20006 3170 -9699 16413 -9085 -6473 8310 -19775 27467 -5138 -8275 26848 -22179 18621 -10682 -22986 -21166 -8119 -18994 -11663 14174 18552 -18364 7389 15501 -7399 16830 -15488 8626 20434 -28376 28762 -12713 24310 -27878 11027 -992 26042 27921 -17521 1010 29352 -7483 2189 -16762 -7886 22513 1845 -12692 15321 18362 7206 -19576 12330 4104 803 -2274 10434 18728 11763 29357 22723 -9203 -7476 -24614 1452 
-10420 -12121 -429 2519 27007 -2084 23037 6806 7024 28240 29648 -28407 27524 25112 7459 -29721 1999 -26909 24524 3431 19695 -10434 -22514 11344 -26802 -24868 1345 120 19523 -8434 25678 -23865 -29013 11930 -23303 -3608 -18197 19139 5391 13645 20460 -24113 18622 -14763 10216 -5336 -9188 -24338 15345 -6759 -18677 -3309 21515 -25705 21819 -22 -28367 -7662 6124 -10955 17588 -7936 23377 -8316 -12847 -10191 -3023 -14514 -21616 1858 -17420 -13510 -8857 -6418 8965 -29034 22591 12566 -29100 -9689 21340 10241 29191 920 3440 -13541 13283 -3860 -18237 -10507 12726 1058 -29149 -19780 -2681 -29071 18612 14140 -497 27943 
-4892 -10916 -15969 -7544 779 29268 -3460 -20801 -4152 -4349 -25914 3792 20423 -18342 -727 -22718 -26848 -8365 -17503 27751 28726 -1264 27686 -13759 -27460 5265 -16061 17900 20497 -8515 24134 -14099 3152 -24488 25383 4390 -2290 4274 12392 -7144 -21900 5736 25853 -2164 -20533 19548 5441 -12658 10616 22102 -2573 -24087 -9650 -15295 5036 9888 23271 -23190 -3488 4070 -192 -15550 29840 10687 -29022 -28245 17508 20190 26955 -546 23544 12642 -338 -19275 2636 -7823 7109 9846 2992 -12196 -1120 14174 -4090 -12762 -8322 5462 26310 17775 -4835 -19854 2433 24347 6886 -4982 -11026 2914 -12630 -15364 -1691 -18587 
5838 -4696 -2198 -9376 -21466 -25014 27484 -1286 -3092 22722 20539 10287 22238 -11507 5150 21167 19558 -22124 540 13251 27903 -9056 27865 -3000 7268 -14048 -28598 13482 -11602 -16516 -24776 723 27504 -10837 11137 -6926 24787 10503 29119 571 -8921 9162 2738 -3385 15347 18523 -26347 -24195 -15670 -3145 24260 9645 5728 -12094 -12257 -21796 -5528 27483 965 -12599 -1066 -9876 21110 5242 8017 20578 646 -22372 -17304 790 3760 1195 -2535 17652 -21750 -25447 19322 17146 -5779 4240 -6475 13884 -21503 -27788 -9062 27768 -15578 20004 -13355 -7525 4035 -7969 -23648 11119 -22538 18285 -20942 13031 -18507 -20294 
-13518 -28425 15129 -6177 -29373 -14180 7231 27926 20543 26801 -9039 11192 -9286 -7204 -13802 -6009 -26156 2376 15299 -4389 -19940 -13910 -1217 14796 9475 -13417 -8405 3495 -27343 4807 3 -2772 -5430 -13455 -14445 -26033 22376 2231 16341 29778 -12884 -14411 19225 12446 18918 -3465 191 10139 22762 9716 -26392 -19221 -21970 -23874 23419 25787 -16175 -17444 -25558 -22015 -25784 20019 7918 9386 -22544 3431 20431 -18782 11982 -22791 -23736 -27458 27724 -14399 26932 -12893 -7684 -530 -17203 -23507 -2133 -11089 -11326 -26266 -23637 22152 19048 11145 18874 -1375 8343 -22487 22330 277 -22534 27216 11860 23400 29306 9940 
6131 -4347 -11577 24921 -13939 -8691 255 -24926 15401 3759 -18870 -6945 -5020 5292 -72 -24792 6628 -983 4014 -8577 -199 -10884 18604 21055 -546 -14692 1636 20843 -17881 15912 -14791 2526 -20262 -2886 29519 -3623 -17906 16709 -4791 -8438 -29382 26013 -26726 -18781 -19676 28624 -101 -21567 20134 20101 1723 -3287 -10278 9143 5688 -11359 11495 19876 505 -22346 2609 21015 18107 -7057 -17315 -21893 -14723 -12518 -3502 -5378 23634 -20821 14441 -27655 -9805 4846 11852 4885 -26384 858 -844 -26743 -13085 17981 -16736 26827 16440 24544 23743 -9941 -21927 11306 25546 26258 -27975 11550 -27730 12355 1846 18061 
2105 -9121 17382 6968 2894 -6545 -4639 8470 -14800 -15373 11392 -14433 12948 -5646 -16508 -22863 24702 12110 15206 -9251 13354 16497 -16182 4802 3693 -26690 -10615 -11524 29445 22758 -3046 24208 22590 9862 -14128 -9271 4554 28044 -25262 -20483 -9272 28887 15095 1559 8135 -9046 -27900 -25638 -16802 10665 -3832 11624 -23892 18655 -1056 -27414 11553 24860 29749 -9995 7901 19089 -7981 12413 21336 27025 -19470 17624 -6736 -15015 3207 9215 13520 -21725 -14964 -29005 5594 -6679 10669 11512 -13162 -15667 -21663 25304 16421 3028 -1830 -21224 11128 817 6595 17482 -16036 -4833 13810 1632 22218 27534 -16502 -29418 
4254 -17818 27507 -10497 23297 7688 -25969 -21037 2015 -5782 -25723 -3189 11411 27788 -25546 -21435 -19507 23726 21289 -25810 1919 2109 19877 22001 -24290 -20978 25191 18319 -26615 -15812 25821 19546 -29423 4315 14695 -7658 -11853 -8072 10581 -29423 1588 21091 -21470 -875 -16674 -25204 -9825 8659 9214 -22362 -9715 -28253 20928 23786 5813 -19071 -10603 26009 24282 6430 -13402 -3784 -15523 -401 2058 9866 8805 21528 19941 -21678 -28772 -23431 16001 -14841 13819 12275 11579 23588 6347 3118 29105 -8045 -14891 -23133 -22658 -8396 -28126 11709 20414 -15913 -742 7420 28957 10873 -21202 -21875 29472 17334 -1369 20438 
-5814 24804 28011 -9829 -4445 16771 26178 -22594 -16253 16113 -24457 28455 10246 -27388 -2102 12530 29111 25987 8035 -10433 -16663 24177 -11727 10244 -7157 -4003 -25954 -21361 -16481 17080 21421 10217 -25222 1249 23270 2883 23608 4115 -29455 -24537 -28323 3454 21001 -25813 11201 14501 -4129 -6024 -9788 -4110 -24261 -3260 -29788 -1786 -1898 -11357 9378 -17598 -20376 3752 -25398 -6964 -15495 4196 -21418 2311 -7019 -24362 17680 21610 2059 18309 -22916 23784 20325 -3834 -8034 -997 1257 20696 -1691 27812 13025 15707 7730 -27226 13411 14714 14498 3581 2563 -11439 -6038 -22349 -27623 -23205 5154 -26790 9228 13533 
28351 1493 -19897 11615 12658 2777 24274 -8662 14310 -25986 -11268 21124 -19322 9643 -8048 20793 -25928 6485 5926 -1771 -8894 -11378 8111 4316 5716 16095 -19338 -5573 -24681 -20985 -7369 -7163 14811 3499 -16377 19660 17677 -23607 -12195 3937 21093 -16080 29446 -9390 -24684 19651 -20550 -29035 17321 -3049 -6599 21481 16443 7910 20115 9776 -19246 -8565 -19674 -17132 15752 28694 16413 19521 3747 4866 22409 -5150 -5599 26948 931 20804 -26949 25390 -28573 25074 17278 -15385 9252 28451 12348 27903 20091 10301 8521 27603 -29171 2710 -18943 -27618 5164 -11210 11619 11215 28829 12374 29351 -20329 -16399 -28288 
-11552 20974 -14831 7904 7940 25528 18934 25254 -4106 -21894 375 -14557 18950 9534 -28558 -2185 -24005 -22380 -3375 -25512 14620 -18618 19841 -8638 -23034 -27349 14589 -14989 -13311 12125 14257 6782 -18162 -21358 -25739 11380 -7632 -25604 -18311 4513 29670 -11727 -27639 20373 22566 -3929 21658 -8588 19273 -11664 -8323 -8073 23593 -24424 -25238 7747 -8248 -23393 11163 -4133 4817 -9990 -9391 15834 -15557 21274 -13000 24875 17089 -12231 21987 24929 -25972 -24932 12266 -26414 -16135 14573 26551 18467 -18201 22381 27110 7787 10676 5398 20389 -14366 23013 -13147 3522 -24076 558 21161 -2708 -18152 -1363 -21397 23461 -19531 
4876 9519 2746 -6083 -22514 -19059 2975 20699 -96 -22454 17895 28274 22167 -28953 20331 29546 -8183 -19402 11826 11824 10582 -17909 -14137 -6583 4725 373 -2617 -13938 -10707 -29899 21467 3991 7057 -19079 -870 -25054 -26298 19156 -25988 -28746 12389 -16057 7846 11967 -10047 13304 -16084 -25743 -25929 11797 13584 -20954 -11707 -6479 12979 10924 -29005 -29864 -25026 -10900 26217 2455 8865 24398 7196 -20024 -4144 -16424 -21826 27773 -25026 -23572 -8454 -21370 -16065 10999 -28218 -24859 19962 -16270 -21228 25445 17195 -10083 -14639 15154 -7517 13864 -2589 19369 -3343 24242 -8019 -22239 24999 -14394 -26359 -28964 7850 -12271 
-1099 24957 11308 15694 -11230 -11877 9708 14326 -10557 -540 15063 -28520 18894 20705 -21692 -15043 15130 -27734 -12723 -29673 -12166 6125 -28477 -16668 -13740 29924 -26715 5121 3108 -10011 -14771 -22176 23621 28258 -3556 23130 -21156 28565 -23435 -18403 18442 4772 21982 -7386 21243 25441 -3608 19164 -16432 5518 21068 -20116 1926 4868 -18836 -18384 18507 3684 8360 5223 3510 24776 -5191 3220 6392 2724 27991 -11398 16172 -29922 9403 -27185 748 -19479 8814 25259 -8089 -15013 -6978 13276 29298 -7304 -2522 14463 13558 -7834 -20327 -7096 4947 19194 1778 -841 -11128 -22370 26893 -9982 23915 -10905 28332 13516 
11717 -11932 17270 22127 -3854 4085 -11155 -12033 -26745 -2283 23333 -25708 11978 -9392 -24557 -19481 6252 -14760 -26360 -28007 23188 9626 16316 15618 -17026 -19405 -15160 14542 8191 2849 15801 -10000 -731 -8083 14195 22184 21636 15512 12101 -25100 -12027 7611 21707 2291 -20226 -25580 -12141 19436 -6696 2883 7842 -13824 10855 -5655 8819 -20698 19770 9992 -2775 26480 -18724 26106 -9119 18869 -13654 -29361 4836 23812 -25470 -28186 -2247 9353 -26249 28860 -8634 16354 27293 -17167 -17747 6097 -19081 16937 -3182 24751 3076 15455 -3632 -24722 25424 25743 22 -2877 2513 15723 4506 5640 -28423 4252 1352 -965 
24235 24030 9690 7184 19225 11390 -28147 28729 13931 12951 11345 -8732 25095 19161 28287 -8493 12478 -24699 -2603 -13833 17551 -15768 -24683 -28312 -4063 4250 -5683 3330 -480 -18742 23399 25098 4306 -22468 -10024 -8486 -8270 -28063 -11778 7745 28392 -19233 406 4108 -13930 -9289 -16567 10256 -29188 -26561 15076 11674 17217 26679 -12043 -14866 15373 -1735 -23871 22458 12764 16318 8137 25166 19562 20423 16347 10651 -18198 -9240 18561 -19232 -6428 -19809 29901 6492 12272 24559 28928 -22745 20833 21716 -27897 19387 -22986 -22588 24883 -2119 -5948 25728 -17790 21040 5713 -7966 -20224 27626 11378 -22320 -19252 -18572 
-21324 -12783 -25029 -16520 11291 -5980 -2299 -7652 -24313 -19707 -13780 16164 -22540 18336 5411 15615 -10923 5105 -13487 -7150 -12787 -11277 13661 24595 17268 -12172 11818 -6431 18632 10082 -16837 14642 -27463 -14053 15216 20440 -23733 6545 7573 -6855 -1742 -16969 17030 28218 16935 -2096 9465 -16500 24592 13343 25640 24540 -20394 -20931 -15204 6139 2868 24923 2577 -3036 27700 -3133 14697 -18754 -23927 -25911 -10654 29320 -2005 -27801 23192 10870 23748 -16081 -2087 -14114 -24146 -26169 -19404 -15686 25056 3911 26622 -26369 -20770 4739 -3641 6191 -15452 -19705 19659 -6398 -2460 28397 -25927 -28299 -5533 -8718 -10377 18993 
1860 -23548 4127 -3964 -27020 -24280 -29859 26555 -11800 -1230 22074 -14313 10882 923 19219 22217 -13417 10249 -27692 12768 25460 7505 7723 -12970 -4289 298 11123 -18170 -4595 20336 20918 2786 26550 15084 2849 7904 15749 -26302 -18754 5747 -15023 -25452 11820 21026 18133 -5988 13713 -29164 5338 2511 23578 21388 -10832 -6808 -8927 26708 -12063 20760 -28381 760 927 6127 26310 -1532 26827 1209 19329 21958 -1623 14383 -14681 19395 -16442 24509 -20489 -21967 374 -28219 27887 -11790 11034 14074 -25020 5068 -17006 -13602 -12928 29067 -12160 19206 -23297 -25962 -11843 -8950 18087 -13559 20942 -18221 1037 22893 
3832 18260 -11047 -22704 -6186 21575 27426 10778 8669 -24226 -27024 2176 22506 24985 -13238 4326 6922 -1371 16886 -9003 -28456 -22560 -8966 1168 2158 -19169 25281 -14697 4648 -19919 -22945 24978 19065 -15169 8761 -8379 -11879 17323 19476 18602 -11583 -18121 13908 -9900 -9258 -22795 -6952 7179 11020 11104 -25458 -22969 2329 5246 5984 -21270 4186 -4644 24426 -18278 -11196 -27603 -17522 19979 -21513 19846 16231 -6626 8650 -19928 20986 -24081 -15179 11516 28822 -22044 8291 2551 2385 -9146 7239 -1285 20803 14922 2655 9188 -12446 -8662 27742 -736 29555 -15131 -21339 -10070 14740 -7165 -22863 -24528 -19365 -25149 
9126 15064 -3800 -13359 -3024 13522 -29549 -3188 -4107 26804 -3255 13242 -11018 -27902 22578 26316 -15812 23810 -3949 -13236 141 -20308 -2201 3585 -23328 -3619 -22069 23302 -12306 -28951 11571 19153 3432 25903 -7266 10077 -26180 -10749 -11373 -15411 18708 -15600 -20785 -29987 -15298 4441 27943 16107 5675 -16036 23589 2384 -6196 -23719 -1398 19471 12916 -22050 24479 -22659 -16532 -10352 -23758 11343 19197 23121 -18227 -15378 23213 27309 7076 -8293 21595 -16490 13695 17398 -20517 -1887 11554 -10749 3623 20289 -1960 10999 18222 8832 -3678 -16120 23354 -26661 -14443 -27003 9729 13466 -4334 -1926 1547 14890 1031 -7905 
186 4815 -26942 -28915 19771 24522 -8205 -992 -4615 -8728 -15571 14197 18532 -18493 27158 21473 -16034 11007 23075 14361 -5394 -16251 -21929 -5601 -3588 -530 29207 -28604 23109 16885 -17523 3800 665 12376 -28753 11857 27739 -12245 -8036 13787 -13031 -20949 29652 -7907 -6779 72 14780 23700 16946 -13107 21122 -12524 -7289 27119 -24410 -25222 -17296 -1281 1785 -16585 14011 22279 -17049 26706 -15714 6604 -7794 19199 -7498 19708 -24409 6300 -8705 -12038 20954 -10834 -22241 21950 -7920 15071 -15773 -5492 -26852 16440 -24789 13064 -6856 10132 -17545 22954 -12976 18572 -1878 -1747 16453 17766 13897 11612 -26847 -521 
-18553 -4459 16044 -26549 -22076 -22980 24137 -19433 -6296 -28551 27175 480 -14829 -16024 16799 -9438 -1148 25384 -21736 12100 -8524 20286 11189 -4771 21838 -23462 -10083 15621 -1279 29009 -6196 2903 7904 -21548 9163 -10052 -1084 12261 -21357 -7659 -27819 -1798 -10641 22318 -23928 -20064 4995 -12348 7117 -2879 9023 392 1921 -15513 -12332 -12887 -26519 13097 29783 6416 -21424 -7907 -23623 20925 20054 -13523 7486 19826 21168 5869 2274 -16966 13188 21116 23913 -10479 385 -473 12974 -23501 -948 -11847 6187 11777 -16927 -8372 9813 -28125 -6046 -23828 -24900 13791 -5397 24918 -14412 -26667 -17004 -20434 -22233 6388 
-15268 -7289 24046 6311 16280 23428 20086 22355 29014 -7614 9769 18727 8393 -6087 28198 522 20231 6100 -4540 13190 -18047 -26327 12279 8891 11761 -14153 11346 29709 -28257 29828 12126 -17757 13823 -27507 -1330 -2148 -8472 13158 19756 -2838 22130 9346 1914 -11356 -2704 6898 -7528 18394 -16021 -23431 4921 -28288 7649 28769 16265 -356 -16582 -7223 -24709 -17131 814 -6755 3385 19450 24772 -25010 -6286 -8432 28641 2229 -21020 24322 -19548 11032 -3440 22217 24633 13078 -4146 4662 15989 22603 26866 21122 17479 16827 -8705 4331 -3425 -13240 12283 -13514 -9177 -13764 -29731 14485 -3555 -25785 -28571 -6618 
-3163 10067 29473 -16698 -8581 25532 -5883 -19642 -2432 927 25525 26093 -9323 3352 3780 6899 7663 -13674 28945 14457 -23352 18814 -29352 -20937 -15349 903 -12384 13378 3112 -3317 -5343 -15662 15916 -3594 -28210 7360 -14044 -13209 -8274 9459 21852 14243 -26633 6953 -22712 -2914 -26574 8323 5829 19986 -3829 1878 14930 18058 -18699 18981 18831 15721 -65 4148 23882 -28594 -1260 2018 -8277 17234 7828 1200 -8252 1923 17148 4999 -26146 14326 29942 29012 347 -6026 13655 25600 -17104 -13936 17703 -5235 -14222 -12583 -20607 -24726 -26626 -23267 18996 12313 13804 100 28482 -29641 -19123 2911 26421 10610 
1019 -27036 -16536 27093 -26066 29973 -5424 1537 13916 4924 -10932 6434 24114 11197 -12414 10671 4792 -11499 22860 -2751 23234 -26091 -12895 -10889 -18318 3823 -16665 -19988 -4830 -10050 -29586 -25483 -9660 11409 -27973 -14070 9864 -7485 20547 21294 22609 -29344 11812 -26031 -16987 -4944 -27307 -11830 7706 1419 20740 15137 659 4240 22986 -10394 -363 -13249 22969 22011 -19275 5573 418 13212 -28988 5403 -20492 -1760 3291 20658 -284 12552 -23116 -26522 17204 -17095 23350 25850 19228 9852 21528 -6453 -17031 11464 18402 -5263 -7987 28847 -20378 -9365 22051 -2168 3836 -23905 -19514 -8689 -1319 6880 626 -3493 
-9600 794 -27105 27078 19626 -11196 -5516 -9833 -18329 -22088 12522 13382 -22322 -28213 -22015 8811 23465 -24210 -24120 -1764 -26304 10655 26070 -24412 -27390 16969 24968 24307 -26467 -21201 12407 -10100 9543 -6690 -10980 -4140 -23828 -5601 22656 11948 -14551 9334 9035 8561 -23652 -15810 -23477 -1760 -350 3629 -15105 -22163 -3580 13108 24684 -10200 16312 4190 -22377 -19959 -1746 -1227 -17370 19911 -21371 14644 -19381 10506 24911 -9473 2033 -8646 -2143 -10761 18113 -19033 -16584 15856 16699 -22390 -1059 -13569 22163 -10562 5144 20209 -15051 -8485 24482 12491 -24836 23036 11971 27320 14548 8755 10836 8457 -7277 442 
19567 -50 -4554 -22632 -8733 27042 26602 15939 29681 22461 4465 -20281 25094 11580 -4016 -14978 1437 12945 -1829 -15723 -23274 16295 -22940 8432 -29456 -7341 -10473 -19963 11191 -9427 27140 -25717 11982 22066 8628 -24111 -9447 6351 28847 -7922 9008 7238 27058 -12513 -19456 -22708 -16882 -929 -398 9802 27176 -5870 21567 -27528 -14786 18539 -4016 -6651 -19178 -14364 -3187 -16352 -18941 25599 -13848 7759 -164 20789 16913 24363 26693 -11126 -28129 9298 12260 23667 28649 -19505 -4484 1432 -17466 6765 -20751 20379 5736 -5612 -5970 13249 -12965 -8113 -2199 20290 -5077 5532 -20149 -6853 14354 16865 2568 -27869 
21256 -14250 29488 19192 -18110 -15251 15356 -25822 -14673 12017 -8042 -27005 15582 7323 9712 -18207 29660 -7472 -9587 -19956 21118 -2086 -18566 13569 12611 20765 15737 13750 10189 -26621 16750 -8058 20105 -6688 -24075 -3263 -7513 -19209 9128 -28558 7031 17795 -16277 5666 -25183 -22460 -28717 -25808 -4715 -7530 16232 -13552 789 16432 14814 -7533 29043 -23350 28174 -8055 -5542 -21761 21118 -21561 18586 -9849 4802 1981 -2405 22784 -3860 18956 -12725 1887 -25408 -22932 24211 -10663 29925 -17138 29779 -17712 24001 6429 -21792 26513 4975 23010 -5124 12086 -27431 19036 12103 -24524 -1579 -16082 29326 9408 3513 -1490 
16348 5087 -17335 -21596 -16256 26842 9158 21821 28103 27919 2992 -3651 1227 -27441 -8491 18480 11442 15191 -10583 -28332 -19106 -23272 -20979 23462 19062 -4645 -11543 6826 12451 28538 29555 25432 -10409 12729 14835 8557 -9627 12708 -8747 12850 -29800 -17714 5079 -4303 -2937 -3641 -12796 -17098 24554 -2825 672 -29328 6742 10706 23788 -5599 -23108 -29360 21917 16499 -25590 -7913 9773 14949 13150 9821 29145 19420 -22340 7035 12895 -14037 -29742 -21034 -10842 -15549 6286 -10735 -27513 -7174 -3441 -17278 11774 -9328 1282 25688 28330 -17215 -28430 23407 -11109 15306 13868 15707 28513 -8684 -637 27975 -10547 -11265 
1396 -4872 -17823 20900 5867 26366 -2440 -11343 -20151 648 20737 -1103 17919 3911 -27922 19163 13479 7016 4575 -27578 -16717 9020 25028 10952 -19914 -7594 27620 22779 -16434 16303 6825 -8672 21297 8766 27252 -6455 -3615 -29695 -29532 3141 908 -22803 28064 18776 25301 5586 -10650 -27162 -1585 -20989 -19993 -13455 7161 15937 -27082 -18641 3853 6748 16441 -20878 -21606 -21415 -13261 -13721 -14046 -28768 -22403 11221 15925 4509 29275 9898 -2436 14124 -2590 -27586 20403 12663 -18991 9155 -21352 -21406 29556 -19115 -26448 21394 18179 1080 -23313 -13842 -11821 4122 -14717 -7422 2640 5992 -9145 22425 -21996 23216 
13238 21793 6328 -28070 26110 9034 -24910 2425 5539 -23004 29478 8474 -16032 29565 -25734 -6324 18770 10127 -6727 18472 23421 -7051 -8105 -11154 -1831 5937 -15243 -2565 -13594 -14787 22251 7956 3492 10034 2849 1610 -20808 19459 -3120 15686 -20522 -11970 -26144 15947 26377 -14267 -8498 4349 25816 4373 -8635 18524 -16803 -2047 7139 -28118 -26513 -26070 8856 28020 11897 -8402 26891 -28459 -2126 -25218 -8495 1974 2906 4821 -2816 -27262 -22669 -22423 -523 -29905 -10638 11808 -15318 -19960 -6775 -3867 17310 -16439 -23587 -22006 18270 -18654 -19827 24433 8759 -24438 -26055 13320 -17135 5244 2081 10832 -20427 -18118 
-26282 22045 7093 -4546 -6792 14724 -11647 -26177 24569 -5989 -1166 -7423 -18336 15846 -3661 -4925 -11399 -7600 -28342 13907 -10338 -25137 17738 -1398 -25570 17088 -11704 16327 -3796 -7862 -13300 -16495 -2313 15553 6547 12429 -5207 -16734 6051 -18095 11419 -18108 -18511 18505 4689 25047 6097 -14184 -15367 27004 -1702 22518 4110 -29794 -16075 -5981 17444 14757 -6818 27226 15210 -4793 -29274 1063 -29875 -27271 -29274 -3304 27727 3815 27766 -26488 11943 -16964 -7325 22475 7524 -23706 -10525 21923 18118 5892 195 631 14708 -17514 21552 2766 -16180 8875 6199 10958 -21763 -27613 28008 -13274 -5345 16622 -20869 -27064 
1669 18828 8327 -19686 14391 8855 5078 26100 -16029 -11559 10353 -13346 9777 -27436 3167 1887 3196 -4910 -29455 -23834 -13778 9490 -21068 8042 16393 19808 6658 12085 -12601 10529 -24429 -21102 11845 22134 6767 -3519 -14515 7581 -26742 -13647 -26895 25843 -6490 11159 -17974 2312 -27464 -27430 28138 -16092 12565 -18765 9742 4151 -10144 -6495 -29542 22364 29883 23951 23019 13417 549 20310 -570 11594 -29618 21317 15568 4441 -4786 -6885 14311 21293 7343 15566 17833 -28693 7430 25901 5600 22671 11165 4638 11072 -17908 -29649 1834 9147 -23768 19843 22827 15477 7209 -7324 7080 -7659 -22571 914 3910 
-28301 28232 29182 -5080 19965 -20146 -28822 -4274 21983 2253 4913 13444 9145 3760 -13040 6034 2271 23309 23303 -27078 649 20005 -26193 20167 -6351 -11330 20351 1306 20426 -7925 2188 -9629 -10967 -25255 17399 15001 -3049 22139 4335 -22486 -20550 6165 -29258 -13701 29838 5969 13472 25034 5341 403 -2327 -2742 -26987 14563 -16094 4927 19518 22702 22724 380 -3686 18017 2474 14304 -19317 9307 14410 20914 20251 -4508 -24788 2908 11161 -11103 -7309 27814 -6244 23410 -15245 -11216 19784 26739 -15442 6846 -28600 -18426 -24203 3562 -26355 15750 -5041 -9194 19753 20709 8304 -1264 -26603 1688 12684 -14588 
-15760 -11989 -8592 -5745 28943 -25242 -23414 -4427 -4426 27694 28641 11661 22602 -7365 -28868 -4907 13428 20083 2678 -20028 5739 -2398 -25396 10141 18442 -21363 3712 -21340 13577 -1197 -12192 25290 1267 -6818 -1653 -8702 26524 4255 -19418 -19682 -7949 -27933 11444 -20950 28296 -4830 16326 29942 26910 -15519 -1178 5778 4048 2069 -29385 -23114 -17066 2839 10231 12861 -28492 -14132 20405 29787 25960 18732 27381 26984 -24029 1316 4666 7220 7879 -10737 -18937 -11162 28869 -29184 -19037 2468 -1986 -8220 -16860 9768 -15157 11688 103 15504 10442 15499 -26894 11659 7099 -24292 -22294 -12347 -26529 -24967 -26683 23296 
-19087 17098 26005 28186 2778 218 -23903 21877 -23823 -7975 -25721 505 -29095 -9173 24384 28454 10444 -5678 -18148 -22206 -882 -27204 234 1062 -12650 22976 -10330 -24739 -7163 10259 7967 27844 -16823 -29776 17779 -1222 -28713 27987 6626 -10176 20159 -26252 -2600 -19568 -26177 -6864 -5906 5790 28786 -25963 -21614 25611 -28201 -13316 4285 -1901 -25897 8982 14482 -6228 9552 26845 17142 -18332 29865 25024 11835 -2469 -9246 -13157 14888 638 2379 -26564 -13394 -2676 -8671 -27280 11086 -13231 26561 -1966 16096 15611 19714 16696 -580 12506 -5092 -18611 -12222 23584 -22886 -14462 17617 -9965 -18341 26015 -17518 25571 
25443 2337 13973 -25344 22487 -18959 9323 -20346 -29517 -13906 7082 9733 27644 -20613 -14691 -19600 -236 27704 -18151 -8707 5986 -5660 18521 1073 -13853 -10345 -10298 25449 9876 3422 -21675 11670 -15868 -19640 -6665 -3873 19982 -20986 9109 -595 29153 -7729 -28551 21750 -3412 26325 -7995 12471 -2080 -14204 -3533 -3835 -1833 -21428 -25848 -20463 -16644 -29230 -3594 -4989 -9597 -25421 -18650 29409 -16585 6676 -3245 -13306 -1868 -27695 -8971 28943 15520 -27236 -27652 23238 22744 1028 24103 -6614 -5062 -11555 759 18719 -3384 -4714 -4176 21021 -12947 -3355 -13415 -16289 133 17684 10289 -4931 -11159 2557 21499 18223 
-12646 -11633 12631 -18405 -4057 8412 -24043 -25652 12015 -24145 -8610 21924 -26495 -2619 1360 21689 -28890 -21818 -20974 9516 -21952 -22454 3167 -14555 -1609 3386 5938 -21878 20655 -23895 -26707 20704 14319 -12851 1310 -9499 -17703 -14745 -14883 -17946 25103 -2600 4613 25793 -1194 7758 4372 -18575 14104 26537 -1214 215 -10349 3766 -3758 -22492 -11653 13200 22444 21392 -13637 4801 21655 329 -6387 18896 23728 20244 26898 -27220 4829 -26577 -3384 817 -2708 23113 -21474 -24833 16326 22708 -22278 -10170 27365 14885 -12327 -22026 -23598 10305 5391 -25301 24151 12116 -26168 -6885 -16625 4178 -25854 -24818 -16106 -16156 
-9582 -4323 6040 25498 -15736 720 989 26277 7149 29205 21257 -24918 4164 -1517 9399 22794 -9576 -9470 18595 15698 -25451 -25361 12905 10193 -11815 -9260 -29400 26831 27222 3165 12164 -254 11193 2042 8174 -26165 18535 21731 5052 25178 5533 -3735 10697 -23534 -8013 -6877 14787 710 -21284 25835 12156 -23878 -1959 6555 28052 9265 21641 -28536 25263 10368 -2491 23986 23123 -13054 24671 23862 8389 17534 -5659 -777 -27994 17207 -11442 -28786 -13680 -24388 29577 -10047 -28498 22899 14142 18357 -5190 -27549 -22543 29557 -26438 10475 -24210 -28826 -6999 -24369 -11164 -14831 -7705 -12575 20456 20770 11343 26058 
8485 -2279 -410 -7258 27188 -12217 -6739 10808 -12110 -2327 -13005 21130 -22339 -1772 6104 26916 2329 -12541 2408 22466 -25587 11739 -14889 25915 243 -747 -22129 24334 -6487 -11251 29195 -25694 5888 8162 10396 7724 2588 -19391 3906 -3624 -26361 -12516 -28277 24671 -27564 -28317 -808 -29684 -13944 1179 -17808 -1379 9337 -16389 6717 -9586 14230 -14283 10116 -21348 28203 21294 21603 27896 14247 7850 3547 -8496 14954 3169 26716 -1168 -584 16913 -21785 10288 19007 7727 -12709 -21059 17516 -18647 -21984 -858 -26525 -29385 -7767 -7460 15127 5490 12888 -14135 18545 24382 -15725 -21620 -27439 28266 22959 6968 
-29103 -13911 14201 9269 20531 29316 -8500 -22250 -23357 7241 12716 23745 -10671 5618 1781 22046 -15713 -14840 20821 -29120 2436 -21914 19164 -20713 -7951 -1504 -16219 3320 -16839 13835 -29228 8031 17347 -19481 2895 -11257 -29453 -11024 -10892 -22324 14804 11593 9237 7948 28536 -266 11545 13584 -12967 -4364 26162 1644 13159 -28606 -25166 -6600 -4361 1145 -5243 6952 -21326 6480 -20449 24080 -19503 25238 6830 27962 -8102 20837 28933 -9777 -5036 13020 -18180 -11373 -23739 -18264 23123 21615 -1852 -7069 -11575 -9613 1797 28114 4613 4812 -23214 19292 -2456 -13970 -27275 -25625 2219 -15005 -22883 -14044 -17541 -27715 
-4730 -5052 10093 -21378 -13245 11258 -2952 -19224 16405 -22787 -15858 -9783 -3432 9567 2342 -25106 20354 486 28728 25868 -27450 -29431 5016 13330 -28565 8194 17632 8200 -22303 6261 -4060 -16345 -15090 -7469 -29343 11393 -6118 -13544 24464 -24207 4163 -14508 -6599 9228 16271 -5968 1246 27705 -8330 23272 -26230 -27784 17508 12548 -17581 -1487 26572 18611 27285 -8557 -20077 -29749 -2920 7182 -12433 -19386 -19153 -1590 -17846 -4614 -1121 -26526 22138 1601 -19689 28595 -16433 -27884 -18571 4489 -2727 1521 23341 6079 -1328 17130 22309 -12396 -173 8799 -29274 28470 26019 -29871 -28155 21057 -7510 9603 -9494 -21238 
118 6704 8834 -3888 -22959 -29741 26974 24026 -17484 24427 12099 10037 18048 -27781 -23780 23771 24349 9163 -8858 27512 -25745 -28182 -29193 27829 27445 19487 11298 26299 18575 14418 7837 -17103 2123 19551 -11010 1496 -26751 -2100 -7802 19163 -10487 -12207 -7114 16431 16295 22101 -8769 1376 19511 22133 -4387 5790 -7165 13685 10139 -4029 19167 18959 -11381 28740 -11379 -17630 29152 3453 20551 -20391 -8556 12057 -1142 -9352 -9016 -15148 24008 -15335 6400 3250 -26969 -2030 -27029 16913 17253 -7026 13554 3684 -5809 -29731 -22708 21961 3502 -26148 -4939 -11708 -19174 10538 -5911 2055 29592 23960 -9883 5775 
11259 29672 24963 -20625 4110 5425 -20239 -17575 -27072 22616 14780 -5898 -25514 -12330 -18516 -25151 -556 -28244 -4995 -4019 20262 16415 6005 -26033 22712 21941 28084 -12178 -10934 -22495 897 20355 9729 -18733 27488 21736 -24358 21585 6414 -23984 -1107 -26409 5742 -1350 -29734 -4030 -8933 21646 7781 -28647 -22596 -94 -26764 -2622 -6111 10047 10244 -28137 13141 10588 13767 15731 -5006 -11002 16679 29710 -25938 -12124 15816 -20429 -20209 -24559 1076 23458 -11137 -13786 22853 -15613 11963 12123 -21361 27865 -28606 -7579 17820 5130 -4291 -29579 -7524 12926 6054 -11554 -4781 -10906 -23120 -422 29735 3275 7157 -22931 
7049 26067 4407 28880 -26479 1311 19685 -1223 5310 -28064 2263 23037 -12675 321 -13621 -1368 -25746 21801 -7078 7958 17802 27605 -29292 6843 18166 -22756 -3646 18820 24025 -7603 25493 2799 4122 -10111 -29291 24027 24320 15017 27607 -19180 -15044 -29871 -21992 -28343 -20598 17939 5737 -23852 -357 -27995 -28505 -26016 -21831 10975 22828 25722 5609 13517 -22492 -13899 -12175 28368 22789 -27872 20599 -11671 22645 4579 9100 7125 -8624 -10674 -7495 -17019 808 9498 -1508 10144 10550 4924 -18965 -6574 105 22083 -7862 29333 -24131 -14960 16302 -12924 -13067 867 14313 28743 -8393 1791 -17543 17360 -9751 -2616 
2821 -17684 3955 16222 -5602 22996 25869 -15455 -9281 -3858 11156 -1976 16387 7900 -10913 1987 -1649 -6479 -18172 18823 -16933 -28216 6279 -2427 28066 9402 -29149 15700 -23521 -21288 -23393 -27720 -4985 -4242 -2323 23842 -9804 28786 11833 -12669 15294 3506 28149 -19902 -24936 -29833 7460 9060 -6441 -23712 -27422 -29079 11692 -14127 10536 18785 -28560 -8519 -19403 -18241 -14595 -25067 13853 -6970 22595 -21849 29948 29051 -28042 -22878 859 5097 28425 21011 29626 -11094 -24427 -17736 -3780 -4131 -2993 -19830 -21851 -14996 12269 22895 11746 27646 28422 -11768 11002 -25556 -4332 -7808 -28916 -24945 10151 -13052 550 4868 
15755 -1256 12605 -4192 5051 15797 21183 -25444 -2175 14469 -21407 -15531 9555 1132 -8931 13341 7852 24255 -3317 -14214 17780 -12323 13290 -1289 -13794 -16123 -3865 23727 -19656 -17902 -15350 21809 25881 27407 -14230 28910 -29048 14789 15915 -345 12993 -10393 29373 -19090 -21879 11417 3631 8383 25132 25444 16159 1196 24260 10858 13114 6581 11547 14123 1482 12895 20613 -23947 -3069 -7893 28861 -22318 -10390 -15707 -11793 22410 -4417 -689 -29197 -3371 4211 -28137 -13217 -11984 -28424 -21888 -8297 -11199 28678 18796 22989 15545 4820 -20076 3654 3418 2050 9529 20022 -26236 19927 18636 2634 -4475 -13245 -28536 
-22163 -20583 14786 8870 -600 28763 -19956 3503 -24323 1631 -23279 -23124 -29037 3754 26783 -14719 26595 -12061 -20252 27916 3682 23122 23354 -8209 2386 -27317 9646 -27057 22640 -29864 -12452 -18854 -16535 28733 22618 -14779 -4517 9431 8139 -3517 -13446 -16658 25666 18859 16543 -2848 -3882 4170 -25204 -23577 -8756 23743 2693 29844 676 -11016 -19706 7239 13445 13673 -21817 11972 5170 -5615 18787 13784 11007 15810 5763 25735 -27795 4011 6339 -10863 -20558 23360 27502 -15716 20884 9855 16442 -20767 -17180 8700 29252 17697 -26799 -27529 -11486 13552 -20047 26501 -605 21784 -26058 15275 295 -10159 -551 -16854 
6652 -15538 -25457 18314 -6255 5545 424 -28395 6105 27095 -26196 -1978 5438 11807 9867 -21430 29424 18290 22007 14829 -14726 11303 25670 1060 26945 17788 -27272 -21787 29936 29781 -19343 -305 16998 14201 15157 -7256 23945 -29503 25235 -3232 -24040 -29220 5728 18244 -4818 12369 18663 18075 -16774 10737 -4082 27495 -13929 3043 4037 -366 -26274 -25969 -28472 -6609 4086 2076 12981 -16055 -24117 -4585 18429 -29167 17661 -29036 12462 14637 -10499 -21829 12886 13859 -4709 -15628 -22916 -22278 -12365 11648 -28309 7609 1096 28819 26367 4938 21534 19814 26816 -18694 6624 13967 -24559 -1496 -22822 -7051 4306 29877 
13155 17943 -7076 16879 22169 12157 18580 11528 -2738 -22256 9469 -5181 -14762 -15135 7470 -24748 5730 16180 -21382 -2792 -13162 10310 26962 -24497 -8926 9877 -14674 -21522 -15428 -19460 -9321 -22717 13680 17522 1547 -1725 -3240 -14941 -1217 11456 4032 10429 2669 -5427 30 22808 -11848 -5995 4832 20176 -15302 -19447 9099 15942 -11067 -27975 19868 -1731 -11421 -28524 11749 17175 -17508 -28516 -29986 26572 25846 -28443 -25403 -22418 6705 -21347 -21217 25819 4362 -9159 11733 -13779 29227 5929 12905 13355 -11848 -27920 24784 -2696 -28791 10581 -25828 8951 -20396 12396 29099 -13056 -20399 -15604 20326 -21392 -27444 13801 
-17845 -4323 28454 -26407 -14421 -1601 23893 10019 -10935 -4660 24889 26630 -21951 -5767 -22240 -8729 23157 -4060 -17292 -21271 -20684 28463 24695 -529 2295 27465 -17029 -19812 -10452 15781 -21311 -2065 7257 27892 7371 19341 -11271 28449 -18108 9149 -26201 19562 -1619 17678 -1470 14958 -5199 -9890 -4656 -1020 -11227 26501 -5810 -4690 14912 27818 -23648 -28262 13929 -24470 -3615 1038 -29918 15004 27829 17863 -11864 -354 16894 -24536 -11353 -15193 3596 96 -29699 -26153 -18466 -5980 -16947 26923 -7222 12061 -22755 224 -20086 -9556 -19145 -16653 -12975 20810 25134 20407 -10569 -5962 -23236 21885 -1249 26471 27842 -7151 
-13917 -5536 5473 14292 -16684 15373 6912 -16635 27440 11380 -1203 2844 16294 -3170 11534 -13896 -19887 2484 12989 16927 17590 17970 12177 5955 19564 6850 8735 -29475 6707 -23453 -18712 -24938 22466 -24623 -9814 -90 -26529 22005 18542 -21205 20395 11207 -29189 8171 24811 7834 4722 -26473 29091 10398 -9539 -26034 -2306 -10102 -4090 -16942 -26353 -17503 -1387 22043 10893 16046 15383 -16418 10168 22471 -11222 -3729 -1696 14103 7371 -19442 -26831 -23011 29624 -921 -3212 7039 -6978 -4409 19074 -7723 29391 -18866 -29439 -25069 7407 -6699 4188 29220 -23662 -21355 -17996 18985 26263 -11798 12151 7253 -4042 -3852 
-8249 23279 13684 28426 23752 11839 -28731 -6613 19438 -19271 -460 11659 28713 6381 10641 -7815 -18803 -8231 -6161 -26056 -23820 -10798 -15530 26680 9705 24506 7261 18783 11042 -24644 20121 -16601 29752 -28643 -25263 -12738 -25659 10241 -228 28263 28928 10516 -4825 29679 -14387 25798 -18884 12774 17713 -2451 -21885 -13343 -13502 28536 14463 -14785 -5210 -2347 -11784 22577 -26967 -7817 -8803 5618 27271 16808 -7391 -4458 24554 -28266 -15338 16389 -24621 -14262 17233 17423 29970 2896 -7217 -1135 20982 -28088 -23613 4390 28985 6234 5430 29938 1200 19743 10740 15885 27553 -17447 16935 -2047 29369 -11884 -22852 13166 
19938 23462 -2781 -19010 -6956 11493 -12341 -1347 16841 2100 -26235 -7792 -925 -23005 -17878 -12528 13522 25191 -10903 3905 1865 1431 12539 -28913 17928 1706 -8862 -14530 12112 -15482 -21929 25941 18815 -20879 18778 1641 13873 20697 2307 15406 13876 5333 14033 15136 -27358 -22563 18713 28586 -7864 24205 853 25955 -18895 -29647 3088 9366 -10718 6269 -16431 -29209 19063 -6715 22405 7364 5686 23064 -7048 27302 -812 -7859 6791 -11054 -7453 -2019 -6208 -13061 -27593 9624 -17651 20894 -264 9574 12750 12856 -11478 -14128 -5795 2449 26050 -24309 -18985 -9727 -11286 -2193 -19563 -19515 -2552 -10068 -8814 -16509 
-20712 -6467 22949 -7247 21447 19083 15854 28958 26446 -4548 13725 25283 16473 -25099 -1565 -8874 -6304 -22110 -21569 866 -1551 26501 3373 -17227 17348 26028 16187 11974 -8916 29438 -12796 -17281 14012 27506 -25440 -441 -27237 -947 -3569 -7721 26232 -5197 -13468 -25083 29743 -2077 -19768 5778 -7563 8328 28817 4824 2349 21019 23938 -350 -13311 -19831 22559 -1821 -1780 -16224 -15213 25134 18652 29463 26422 24589 3699 -19535 27446 -21742 6764 -16932 -915 -11123 -20826 -29308 7331 -2835 26944 -25020 -13448 22027 11069 -23535 22527 5241 -12740 22714 -26463 -13637 25646 2974 19788 13086 -20071 8324 15554 -1147 
