66 54
1 85 48 -27 33 -89 42 57 -75 96 -69 -10 -80 44 -51 21 74 -79 16 -62 79 -57 8 -7 -67 -22 -40 78 48 -72 -66 75 -89 3 91 -87 -59 32 10 -79 14 -9 82 -70 3 0 -26 83 18 59 -62 -81 62 79 
69 83 -55 -20 85 63 -74 28 -32 26 18 -24 -75 70 7 83 -14 -26 13 -90 0 82 23 77 91 84 -27 42 -35 -26 -48 -53 82 -8 -94 -26 34 94 -44 -89 20 31 67 29 -1 -64 -72 14 -18 27 -85 -1 54 15 
-65 26 42 36 -43 70 95 -47 -96 -13 75 -74 -58 -63 82 -3 46 70 89 -62 -41 -22 94 82 73 19 13 -37 64 28 0 -64 -81 25 1 -71 31 12 -32 -22 88 -18 0 97 -43 -81 47 46 -95 11 24 17 -68 -35 
-2 -63 57 -19 13 32 11 -81 -19 47 47 -74 -13 -51 85 58 -55 48 30 -50 36 16 73 -54 71 -6 -28 76 32 18 -2 -20 0 67 91 -60 59 17 -12 97 -16 -9 -63 2 51 60 -20 28 -3 53 55 -17 84 -99 
-96 -79 -24 -87 10 -55 48 12 -24 60 -88 -84 72 12 -17 20 76 -38 22 -18 57 59 -11 -7 -79 -63 37 -85 21 54 -73 -36 85 82 -98 23 -28 -60 32 -71 36 -57 -90 -26 -18 72 -75 95 -39 -89 -93 -69 -78 -23 
-14 -27 -28 31 -45 -21 10 -16 -54 43 -37 10 11 69 -97 33 66 -92 69 -44 56 31 76 59 49 -19 -61 -62 -10 -80 4 96 6 80 -58 -25 38 -61 -28 -89 -6 60 76 37 -8 -7 54 -38 -59 98 -76 74 -60 -61 
-14 -19 80 97 -29 94 78 96 35 4 59 50 87 61 -53 -29 10 -79 32 55 -50 62 -55 -43 -65 63 -46 -35 37 -27 -2 -5 -27 23 -32 56 -52 -44 29 -86 97 0 -70 -47 56 83 53 77 -11 21 -58 17 31 9 
-47 -10 16 -23 -86 -76 -56 -9 -7 -76 36 -66 -96 -51 -66 0 -17 -44 41 59 -59 -6 32 57 -24 79 14 -72 -39 -63 -18 -27 2 63 22 -57 -62 18 -61 49 23 -10 85 -70 87 -59 32 72 -24 -88 -43 -84 73 87 
-6 -77 -78 37 26 14 -50 34 34 -89 -63 -85 -21 -30 -82 83 -8 3 -25 -72 44 79 44 -83 34 -98 55 64 5 3 -84 -73 95 59 53 -74 -80 57 -95 -95 26 93 97 81 -77 31 -82 18 -76 -50 -13 47 8 64 
34 54 -84 -38 42 39 -53 66 88 -75 42 -47 -11 -42 -33 34 1 -38 -67 65 0 -84 -79 -75 20 -96 -68 -95 -11 51 96 22 46 -23 16 78 39 8 -37 50 6 28 12 -8 37 -15 -68 2 -22 -78 -56 51 88 -49 
39 1 80 14 14 -69 70 -20 -54 -71 95 69 -92 -30 29 -90 -33 -58 84 -91 -97 33 -46 -95 -91 45 35 -56 14 27 -5 -59 98 -73 -70 93 -68 -26 62 -16 51 59 21 96 96 29 -16 29 44 -16 95 48 15 42 
-73 -5 35 70 41 -39 91 -91 -19 19 17 80 -25 81 -9 -46 89 -29 82 56 -90 32 -39 -38 -31 -94 94 76 34 -10 -6 -75 -80 98 -58 -12 70 16 -60 -66 24 -63 86 37 3 -50 -42 -35 -73 70 66 56 -92 -30 
-57 -42 30 79 -35 -16 22 -11 38 -2 -54 -47 -41 27 74 5 -17 2 37 45 18 -84 89 -98 96 22 -66 77 -50 -82 -42 69 10 53 -94 -4 43 -36 7 11 -1 -13 -9 54 -93 99 -30 -46 -87 72 -3 -47 -52 84 
91 -46 24 -62 41 -14 -2 78 -79 53 -83 -6 28 -11 -19 -63 60 94 14 -27 79 -43 44 -37 -40 4 -16 -74 89 -77 -52 27 43 42 -6 -36 98 68 -18 -15 -70 -9 87 -64 64 -71 -89 51 -76 -70 17 87 29 -64 
-54 -73 34 -71 79 -33 -88 -66 -5 28 -4 -57 47 48 61 -52 16 89 4 -91 57 -11 -57 -77 -5 -74 -78 -74 77 -58 -44 94 3 -65 62 -63 72 97 -20 69 -26 -25 -58 90 -75 -28 -81 3 -43 -20 -97 78 -55 -60 
-87 49 41 36 -11 -66 87 35 -36 32 -99 -96 -4 -21 19 -40 26 -69 54 -83 -13 -61 44 31 30 84 68 -54 -87 73 64 47 -62 -30 0 63 48 -29 62 -35 -43 4 76 -76 60 10 -69 -61 76 73 51 -92 -5 19 
35 37 10 84 85 -62 -42 4 -96 33 -10 -89 -8 7 84 75 44 -99 -26 60 -89 -36 -60 22 -93 84 62 -11 -6 65 -91 -35 -50 -52 44 -15 14 -39 51 -25 -86 4 89 -20 14 45 -41 36 0 -96 -73 75 21 -34 
-56 -72 89 56 4 41 -33 43 55 -7 20 4 -82 -14 1 -5 -28 -14 -95 -71 78 43 -97 78 65 74 -22 -18 96 -50 80 -55 25 1 -82 -52 43 -44 71 89 7 -57 -98 50 99 45 16 -7 14 75 -8 -72 85 -2 
56 34 -27 73 26 83 31 9 -98 6 -70 75 17 -71 -49 26 83 92 -80 32 64 -69 -93 95 52 -15 75 -36 -35 65 -38 -65 17 64 25 42 -55 -32 41 4 -32 -19 19 -86 -70 37 -14 18 57 68 33 4 22 -66 
90 -78 30 -24 0 -50 13 -39 95 27 33 45 80 -16 -74 -34 -13 -8 65 54 24 49 37 97 58 -79 -8 56 50 70 1 -71 39 -30 94 -56 -5 -96 0 5 -36 7 -78 -80 -37 55 76 80 58 24 -4 -94 -63 4 
-42 27 22 -89 73 19 40 53 55 38 -15 -15 15 55 -29 78 -84 98 66 -48 -54 94 68 -43 77 90 14 76 81 -45 39 -19 31 -23 76 54 -17 -48 37 99 63 -49 17 21 -87 92 -38 23 -73 79 17 20 87 -41 
-70 91 -19 4 -43 -14 53 43 79 83 -80 -11 -13 6 27 56 -99 -81 -30 -8 69 -60 -30 -64 -22 -85 -5 -36 44 17 29 96 64 32 68 90 -31 13 3 -44 35 -13 84 -39 50 2 18 83 11 -97 85 -45 -21 70 
89 -90 96 43 -38 -79 28 57 -54 -61 -96 26 17 -41 91 74 39 31 -86 50 68 81 32 23 28 -93 -81 -67 82 -15 -48 14 34 -16 0 0 -59 44 75 86 -65 -64 38 -59 -82 75 -59 23 92 -14 -35 -59 -79 36 
27 76 -21 76 -44 40 0 -98 49 -80 60 13 -99 -85 -79 93 15 71 86 56 -86 40 -4 -33 -99 -9 -19 24 -8 32 -91 -26 27 92 -85 47 58 -87 -44 99 -48 80 85 -77 -84 -50 -31 12 -5 -7 71 14 -61 -3 
-51 84 96 -8 4 21 58 84 0 2 -51 -29 -33 43 6 5 -42 47 -96 -52 56 -27 -69 -74 -78 -13 24 -14 93 -40 11 -8 -14 -19 63 20 54 -86 64 56 -30 36 42 -66 -5 -30 -99 -18 -49 99 66 -60 42 10 
-95 -61 -4 30 -80 34 56 61 -5 40 10 57 36 -70 0 -29 27 -15 30 -27 69 12 64 -97 -70 -72 -44 33 59 -90 38 96 27 -39 -20 -27 -1 38 83 28 42 -8 -81 39 79 8 0 83 -75 -51 71 0 -25 -97 
-98 59 77 -38 32 -55 -98 56 64 81 -55 62 -62 -88 -46 18 -28 -19 41 -47 92 33 77 -11 -37 5 62 79 53 -2 -28 -78 22 -55 -6 -15 -40 95 -33 96 -64 -86 -95 -7 -89 -25 93 95 -65 35 -50 18 -37 -33 
43 78 -18 -78 -63 -42 -97 8 21 -36 -73 48 -63 -25 25 -8 39 71 -8 55 -85 -79 -87 74 -49 12 96 3 40 3 31 54 13 34 -75 -11 84 5 52 -16 72 79 15 -30 -84 -14 64 -74 15 -71 -91 -60 92 -5 
67 -97 -45 39 -47 -76 -7 14 -16 40 51 31 65 -37 50 -59 91 -51 -76 37 38 -13 28 55 -62 97 86 -8 34 97 -5 40 64 80 36 68 68 29 73 85 60 58 -42 -42 71 14 14 -19 -11 -60 -50 -68 -53 -37 
77 45 -49 -8 1 19 -80 -85 40 61 39 34 -3 20 37 -66 -83 75 53 1 99 -69 0 25 55 27 -36 18 37 52 0 -67 42 7 -78 62 34 68 0 -70 37 -72 76 -95 -52 -38 54 -11 10 -69 -12 86 -59 36 
-84 78 74 -48 -14 -23 5 -97 -43 -91 -55 86 -28 -38 86 41 -88 24 61 2 -87 -25 13 92 -45 19 50 77 -80 -55 84 95 81 -6 0 74 17 -98 -49 -33 70 25 76 56 5 42 -81 -53 -65 41 -2 3 7 -9 
-43 76 -62 -64 -24 -33 22 76 61 19 -73 68 85 -21 -44 94 86 -18 -95 -8 90 14 -36 4 -68 41 74 43 75 55 97 -59 -23 -7 -79 50 -78 -98 -31 -42 -1 -10 -68 46 6 29 17 -83 59 -33 56 -4 3 -81 
-77 -79 -21 -67 87 74 20 -60 41 -12 57 32 -99 -3 85 55 -23 -70 43 -94 97 48 -67 64 85 -64 -37 84 -17 2 -51 -6 6 46 -41 -19 97 6 -3 -48 -50 28 -76 18 -48 -75 39 -15 -40 -3 47 19 -18 8 
-95 17 -20 61 -12 4 66 -16 -93 60 27 -10 -52 -11 -25 -34 14 70 61 93 -38 59 76 42 -64 12 49 -7 -2 -61 14 84 42 4 -20 23 4 -47 -17 87 -12 -40 71 2 -3 -80 15 -79 -68 -7 -32 19 21 -76 
-60 7 4 -6 41 76 18 -22 -91 -59 -87 66 -9 23 56 97 -9 -78 -17 -68 -90 77 68 -88 38 -86 -4 61 50 43 -32 -11 0 97 -32 -81 -33 -27 -33 -25 -83 -41 31 -69 -34 -60 -35 60 -4 79 -42 93 -65 15 
-49 -24 87 26 -88 61 -25 24 3 -33 24 -63 44 -47 -66 -2 9 22 45 63 3 -4 68 58 35 -66 -93 -4 -46 85 -99 19 -68 1 84 94 -11 60 92 -51 -87 -38 -81 82 61 40 -8 69 33 -87 62 -83 55 87 
-9 -65 -74 74 88 -93 -13 42 22 -22 75 -55 72 11 -87 37 -12 -33 67 -44 48 -56 30 -17 -50 20 -18 22 -39 -84 65 58 80 -56 96 -63 27 9 51 86 87 -77 45 51 -21 -24 56 95 -71 7 48 -94 26 -12 
22 -65 -9 74 99 -50 9 -74 -35 -84 -29 28 -69 42 -75 43 -95 -65 75 -64 -77 -75 27 -1 -84 62 -79 -34 61 58 -41 2 -33 -93 27 -71 -39 23 -30 -88 -93 -56 29 -7 85 41 -20 8 4 50 -89 89 97 -40 
9 39 -61 92 71 1 -61 31 -44 -2 85 -35 -69 81 25 16 -85 -81 -92 -89 78 -40 -64 16 75 44 61 -39 -58 81 -53 -85 -12 -59 -1 63 7 18 29 -30 -11 -15 -24 -51 -29 -94 -69 -29 -79 -39 -9 24 99 -1 
-49 -50 80 15 -75 54 -37 -96 19 72 6 -6 -46 -79 74 22 -72 1 -44 67 22 -26 -22 -30 8 -87 46 68 48 -28 -39 -89 7 -49 97 -11 80 -41 5 12 96 89 85 -51 59 68 -82 -75 19 11 68 10 -74 -69 
-90 29 -4 41 -43 2 34 -90 73 -27 32 45 -16 46 -36 -74 65 37 -8 49 70 -89 -32 -83 -65 -62 27 -56 -34 -22 3 -16 0 61 44 66 52 99 22 28 97 65 -43 -94 -49 59 -25 50 48 99 -5 -89 5 -41 
80 -3 -86 94 -77 -54 -19 -3 -55 -25 44 17 41 -62 -81 43 89 82 -34 -76 83 -77 -36 -15 57 89 -8 -53 60 -73 -61 -53 -42 32 -28 9 73 -49 24 81 1 -82 -39 14 30 55 -61 -40 -37 -18 34 -59 -19 -2 
-40 -3 -66 41 -22 -79 -74 87 31 94 83 98 -2 -66 47 11 -74 7 -38 -97 -25 -95 75 94 51 25 -95 -26 67 38 -45 -99 -49 -38 -10 -76 -97 -82 -71 45 36 62 95 53 45 -53 55 33 21 59 86 2 -71 -29 
-61 56 32 55 -14 -24 -34 61 -80 -25 78 -58 74 -93 61 93 0 -85 20 76 91 -78 16 -80 -78 -34 41 39 -92 60 66 -6 2 40 12 -14 73 -51 -55 2 -66 -62 64 -28 -66 -12 68 66 37 70 54 82 -13 74 
0 85 20 58 35 -72 29 -53 -29 45 -34 -71 24 10 -73 74 80 59 -73 17 72 -37 -21 -82 97 82 80 86 32 50 -25 -71 -9 27 14 -76 28 11 -91 93 1 -88 -19 1 24 -75 44 -83 82 -57 -92 20 89 -1 
96 -75 -53 44 53 -48 -74 -77 17 21 -78 -93 -14 -79 -73 -34 -1 -13 -48 3 44 -4 94 68 -36 -94 58 -45 43 29 30 58 77 87 65 84 8 -93 25 82 4 4 -66 95 -1 -88 -45 -41 -4 73 63 -81 21 81 
-43 -72 29 -49 -31 -95 69 -24 -33 72 -71 -41 87 56 -17 -83 -55 12 28 23 -61 68 82 47 45 59 73 58 -62 41 -88 -56 2 95 24 -14 49 -7 -37 14 -62 33 13 84 -98 -40 -81 -6 -58 37 52 -6 71 75 
87 -25 -99 41 -3 77 86 26 -5 -81 30 70 -50 78 -85 5 -42 -28 -4 -55 62 88 -2 41 24 -76 -55 52 -67 6 -33 0 71 15 -59 -64 16 -65 -3 -1 -61 30 -7 56 -58 59 37 36 -1 24 75 78 -1 -51 
29 -90 96 30 90 79 -88 2 6 56 -16 -37 -99 28 59 83 4 61 67 -4 -41 35 -27 -96 29 76 -58 -82 12 -66 40 94 -33 -40 71 30 32 -62 -55 -97 77 -79 27 34 -23 62 3 -14 -5 -22 60 -28 66 -16 
-59 -57 -7 22 -81 11 -78 -8 -12 -65 -93 72 48 65 78 -73 34 21 -56 -29 35 -77 -55 -16 43 68 -49 27 3 -53 38 31 -82 31 -46 98 -63 41 63 -18 77 36 13 -92 -52 -48 -46 -7 14 25 79 94 -96 -58 
47 68 2 80 2 44 -82 -53 -39 38 48 35 -42 54 23 28 80 -37 17 4 22 -29 33 -15 -82 -84 -10 89 -5 -84 91 97 -74 -19 26 -9 -57 64 -9 29 76 22 -35 -10 -19 62 -4 55 68 -28 43 -91 75 37 
-66 -31 55 51 -64 -17 -20 35 -25 -38 38 -97 -87 -40 28 -6 21 -6 -83 90 -46 22 -25 22 -73 -28 90 -81 -87 44 -51 -98 49 82 60 -77 -39 -35 34 -9 -28 -50 -65 54 80 84 -59 -11 80 35 -17 74 8 61 
-32 57 25 78 35 10 9 -36 -53 15 -7 -82 -17 -59 -26 99 84 93 -58 -27 -6 65 27 -74 -16 -48 -74 90 -58 -34 -74 43 -39 -16 78 -62 -16 54 93 64 12 20 89 -68 -71 -18 -40 -85 30 -96 94 -89 37 34 
75 70 -91 -9 14 -73 -17 52 22 10 69 73 -74 -61 -72 -79 47 -50 -82 -66 -71 4 91 97 -22 -99 -56 -56 -43 78 59 -86 94 57 0 -11 -38 -8 23 -36 -54 27 -70 -26 -83 83 66 -72 -6 40 41 -35 -52 -76 
-73 -69 -36 -67 -74 -33 35 -64 98 74 -82 44 -85 -97 7 -46 -35 20 -98 -86 -14 99 97 -58 -88 49 -28 -8 94 -30 -55 -98 -36 29 73 45 -18 15 25 42 5 74 -59 -67 -13 34 -8 -61 35 -61 6 -1 -99 -42 
-34 -43 -50 -48 -97 50 69 82 32 8 25 98 -47 9 50 -11 -95 30 -57 -89 -72 -84 75 15 -53 -55 -31 -43 56 -15 -49 27 -38 -19 -91 35 -22 -89 -22 46 56 -67 10 -20 0 63 55 59 51 -72 54 45 93 -81 
-88 57 80 53 -54 73 52 92 -11 -53 78 94 -75 99 -38 72 -32 2 26 65 -86 -67 -95 -37 43 20 -23 38 -22 95 -18 67 -95 -3 50 4 62 86 19 -25 -59 -44 -46 99 -91 53 -2 -70 2 54 -68 14 -72 35 
-23 82 -50 80 -66 21 -13 14 67 77 -60 20 -51 -85 -37 -38 -12 -28 -90 50 60 90 51 -38 99 81 -61 34 -30 52 -13 43 0 78 35 49 -63 40 -2 -5 88 -71 78 -1 -94 95 87 14 7 -43 27 -42 65 -49 
-95 -17 -37 -28 65 -95 88 -41 80 -38 65 -28 -86 -65 17 40 92 -95 -53 32 -63 -62 16 60 -44 -21 8 -36 18 22 28 82 86 80 51 -57 92 -18 41 69 -67 -90 83 61 -11 88 61 -89 -7 35 -56 -72 57 -48 
-80 30 66 -92 42 97 36 -11 -42 -21 -13 -42 -99 41 -46 -8 12 -49 93 -94 -45 30 47 5 -50 82 98 3 -20 -24 29 24 72 -80 -34 85 -61 -42 80 59 -26 22 89 41 -66 76 57 -94 53 19 -4 72 -66 -12 
54 28 -65 -37 43 0 -92 48 -68 -85 -5 -11 56 -84 44 13 -71 -39 -22 -67 -52 -42 -60 86 -79 -32 -37 -42 70 -69 86 -13 -17 -91 -11 -99 -41 53 42 29 -92 46 -15 -47 64 -97 92 -75 59 -51 0 63 67 -35 
15 16 90 -2 -64 5 -85 56 -70 -60 47 -57 19 -37 20 -14 66 -77 42 -50 65 40 15 56 34 20 -15 17 53 -41 -22 -34 90 -40 -96 -9 58 -22 -69 27 -8 6 -79 -11 -46 -44 -30 60 87 -26 86 -66 41 -65 
-93 -20 22 -63 38 88 98 -58 -31 77 -69 54 25 82 -69 29 67 -4 -15 -30 74 -66 71 -40 -47 92 51 -36 -14 -85 -56 -21 -4 -72 34 44 51 35 80 94 32 31 60 -80 -32 77 72 91 -49 -33 -32 36 17 -56 
0 -69 72 38 29 91 44 26 -46 -34 80 20 72 -31 2 59 65 -58 88 -83 -98 -67 96 -73 65 94 9 84 24 51 -19 44 65 0 32 -50 -17 1 17 29 -73 55 80 97 64 14 63 -83 -49 79 88 -48 -42 85 
-20 -76 -74 51 68 -52 -80 -30 -14 16 -21 26 76 -4 -37 2 0 64 25 59 -84 61 -63 8 33 -55 48 -16 -47 -65 -74 32 -35 -16 47 1 -70 -58 -16 50 -65 -82 -49 68 83 -1 35 -52 85 22 -14 -45 1 96 
47 55 35 50 -6 -49 -1 0 -6 -31 94 47 60 5 85 48 72 16 55 -80 -55 -69 52 -70 -82 36 89 -21 76 40 63 -9 -17 -21 16 65 -91 -84 16 41 69 28 77 49 -12 52 -9 -93 -13 55 -95 70 -68 97 
