66 63
82 3 17 85 -65 -92 -45 91 -88 27 -62 86 54 -94 39 57 -39 -92 -52 25 -14 24 -99 14 -1 86 39 -96 -62 24 -78 -21 12 -85 -71 -28 -71 -37 62 -33 -44 -79 -61 4 -32 28 38 14 75 -86 -60 76 27 -97 -58 60 57 -72 -20 89 93 6 18 
18 -84 -71 -66 95 -99 91 -15 -1 -62 0 66 -74 7 -81 -26 -11 -77 -84 94 54 43 24 -70 56 -64 68 -6 -28 -68 94 79 68 -76 40 4 -72 44 -23 68 23 51 50 6 -66 5 8 1 -58 85 26 -16 -10 -21 -36 -62 -93 -95 -95 -90 45 76 -3 
-23 46 -92 -98 8 -74 -26 -30 12 -53 -48 -16 39 -73 76 83 -83 -90 -66 82 -14 17 -43 92 86 -86 48 2 -91 -97 30 71 -31 -46 -61 75 27 37 -89 32 -61 69 -13 -9 44 14 -96 10 -20 -65 -13 43 -99 -77 15 76 20 76 45 -64 52 -64 -68 
-63 13 93 -38 25 37 -25 -4 75 56 75 31 65 -27 -34 -68 -14 -82 70 -40 27 -8 14 -71 -96 -67 -30 36 79 41 -54 54 68 -3 32 -2 29 -36 -25 -64 29 62 -99 12 -45 -20 1 17 -49 65 12 -92 -77 -3 80 67 -84 -55 37 -92 71 51 -98 
-78 -1 -61 37 -58 -91 49 50 91 -90 69 94 -93 -36 -77 -10 93 90 -92 -28 33 59 72 -49 -85 -99 -35 -15 -12 89 1 -52 51 1 68 4 -33 42 27 38 -29 79 92 -39 -33 -48 -80 80 -74 39 8 77 56 67 26 -22 -34 23 -86 -3 -19 -5 33 
-98 -14 32 -36 55 -83 -36 -42 -52 -47 42 -72 37 -18 19 -35 -54 60 24 -85 43 77 18 -3 24 -45 -66 11 68 -60 -20 17 -43 30 -84 97 38 86 54 -95 79 40 48 -73 -18 59 9 -71 3 -77 -97 19 36 -39 54 64 5 -76 -59 -36 2 9 -57 
46 -18 -86 71 -10 25 -47 0 -11 33 -29 -93 86 33 91 -4 -46 -18 -76 -33 33 90 7 43 96 -40 9 62 15 -18 64 -63 -37 -79 97 -32 -59 12 -96 -5 38 -50 -58 -98 25 61 -74 -16 -39 21 -33 35 -71 66 74 -77 -12 -31 -52 56 -25 60 47 
15 -34 -9 -1 -32 54 23 -85 -23 -52 -95 -97 -10 -31 7 -94 81 57 -54 50 -31 -5 49 -56 74 49 -1 36 -52 -69 -92 -6 9 5 14 -63 -60 28 -4 -95 34 51 54 -41 -97 70 -98 61 60 30 88 -53 71 -33 47 95 -76 -67 -2 -19 80 74 5 
15 -70 -43 24 -69 -31 39 28 30 -44 -61 41 -9 -56 30 88 11 40 -14 15 92 32 -75 -95 -58 51 -55 -9 84 0 94 -16 71 -46 -68 -98 -35 84 -73 91 -19 -82 -31 92 47 -8 28 -55 -4 31 -90 -55 44 -17 -77 53 -36 -92 25 -22 37 -95 5 
65 -98 -11 21 16 98 83 37 -16 15 4 35 72 -24 98 4 -2 26 -70 -63 53 9 -52 11 7 46 -15 13 66 12 72 -11 18 43 64 -72 85 22 17 -66 50 -99 -89 72 -68 -35 96 21 -59 87 18 64 76 15 -89 74 -64 30 63 82 91 -64 -66 
-38 66 -78 29 13 36 96 -1 18 -65 75 42 68 92 0 99 -72 78 22 62 -49 20 -11 5 -87 -61 54 3 -18 -74 -78 -33 -41 26 3 54 -63 26 -34 75 -77 -58 71 94 -72 83 64 -26 71 -38 -92 -12 0 2 -74 -2 -95 -56 -10 29 -33 -13 -59 
57 95 -37 -40 -13 65 37 -73 -2 53 52 41 98 -59 -3 96 24 -57 -42 -83 -5 20 68 5 7 -71 35 -15 -58 65 36 -41 47 -5 66 38 -5 -87 75 -78 -72 79 93 -66 36 27 40 92 63 97 19 -5 2 -43 86 -30 71 12 -7 11 -32 76 -91 
-80 -34 -97 4 -68 54 23 -72 -36 -99 14 -54 49 -12 -2 7 -71 -39 -79 -22 93 -89 22 -50 1 -72 -37 -7 -64 18 -52 -54 -60 78 24 67 29 7 -91 -84 62 24 42 32 -20 57 -32 41 77 72 -21 29 7 78 -39 -80 -92 11 94 -94 -66 -9 -6 
25 -86 -62 -65 -95 -44 40 33 -92 -95 -9 -71 50 -32 25 -93 6 -82 8 -60 -45 -34 4 99 19 7 -14 -55 -53 33 23 -74 30 93 -93 20 -55 -60 -50 -19 -4 -97 44 36 53 65 -95 84 -89 -79 18 64 -97 84 29 -34 -36 69 -35 15 94 -8 2 
-19 19 36 5 -19 37 -52 62 -42 50 -57 45 96 -15 -23 74 -30 -3 -89 -97 -21 38 92 40 99 -26 -31 50 -95 52 -57 13 -27 67 -98 -56 -14 58 -16 24 -20 -88 90 49 34 33 36 -91 -79 85 -56 -65 -47 48 18 -46 -75 -7 68 60 43 -85 71 
-50 11 -75 87 28 82 58 -76 10 95 99 33 -22 60 29 57 1 7 0 -50 -69 -83 30 49 -86 68 24 82 93 -30 -80 -68 29 8 -68 35 31 26 -3 -79 -18 -37 89 -49 53 7 49 -65 85 -13 33 -66 -79 92 -11 -94 19 -8 46 99 0 -52 -44 
-89 93 -79 -95 0 97 73 -84 0 -73 39 -90 -29 55 34 -67 -65 46 21 -99 -24 90 -66 -46 -88 -33 51 -66 -69 -59 -30 -14 1 -9 12 33 -62 84 -77 -18 34 -23 -19 59 84 70 24 -79 -87 15 -82 34 -69 23 20 -13 -94 38 78 -3 70 70 11 
-49 95 -70 -19 -82 -31 -75 15 44 6 -42 -20 -77 55 60 -88 7 -83 48 69 -3 -70 -24 -93 15 -95 70 -95 3 1 -61 66 33 -89 -94 -36 67 -38 79 -89 29 -64 28 10 -50 -3 16 -59 99 -34 -23 82 -92 22 -64 50 -81 2 91 -32 33 89 85 
-91 -76 23 22 26 -38 40 28 -28 -64 -80 -5 -83 -11 -19 -51 -95 27 -44 47 -45 -14 45 37 -83 64 51 -87 -45 -88 -86 17 9 -13 65 23 75 -71 -21 81 -83 -65 -52 23 -57 15 15 5 -81 -88 41 48 -9 -7 -84 -65 -6 43 2 -70 15 -87 66 
-59 65 3 7 -89 -97 -65 86 -20 33 -72 3 54 -75 44 30 42 25 -4 -81 82 47 -34 9 94 -59 -21 41 74 -49 74 -32 39 31 32 64 -37 -26 -47 -69 -55 81 -52 82 -98 -6 -6 28 -52 -61 -22 42 -29 59 -83 -15 93 7 -26 -78 -63 -75 17 
9 -8 -2 -8 -79 9 -27 66 27 -17 52 -96 -61 -78 42 30 97 49 -49 -15 28 -95 70 66 -21 -58 -40 -11 48 -21 51 12 -48 -43 -2 67 19 74 86 -98 42 66 2 18 38 -43 -3 74 51 -73 -71 80 69 -8 29 -22 -72 10 -75 -57 -12 -61 57 
76 -26 45 75 -67 -75 24 14 -43 22 83 6 -61 36 66 30 -20 28 87 -38 38 -18 -24 11 13 -38 95 -50 64 56 18 99 -55 -43 43 94 95 -63 -76 49 27 98 78 68 -91 3 47 -94 -74 -92 -81 83 37 -56 22 -14 26 14 84 31 63 90 54 
-7 -17 26 88 -54 -59 26 73 -52 99 -29 84 -15 97 12 9 -86 -67 31 -70 -64 -50 86 -9 -65 -76 19 -71 7 -6 48 -54 37 -55 -25 55 77 94 30 -82 -12 -35 95 -57 0 97 -61 -1 -25 56 -60 -92 -66 -72 -37 -13 11 -98 99 77 -95 72 93 
-31 -71 -90 18 49 -10 60 67 96 -39 -35 -6 -83 -1 30 -73 97 -54 -23 -16 13 -97 28 64 91 28 57 24 -48 35 65 9 -20 -13 -66 4 94 24 41 -54 31 -71 24 93 -68 20 64 -95 94 42 -74 -63 21 92 -63 -46 21 -16 -40 87 55 90 12 
7 -83 -95 -50 -10 43 -14 48 32 32 -70 54 13 46 85 88 1 18 -82 41 90 -31 9 -49 87 8 -98 60 10 -94 52 -67 -21 5 -72 38 86 74 -4 -14 -68 64 22 -98 -49 75 -48 19 90 -17 -92 80 -11 -82 33 85 16 -84 -24 -54 36 -84 -36 
-9 13 98 26 -48 -10 -87 -38 0 -54 -22 -41 -58 -8 -37 -88 98 82 -64 -16 -72 63 39 -71 92 87 -2 69 -86 -36 71 82 41 69 99 61 -25 82 -10 89 90 -6 21 62 -59 23 42 -6 90 -28 -58 -21 -25 -11 -91 -58 -17 -80 -43 -32 43 4 27 
-55 -91 -97 68 9 -37 -28 -94 53 94 66 -5 -48 -50 50 -22 31 87 -98 24 0 70 -44 -52 54 33 99 -12 38 -38 61 -46 -44 -13 35 92 26 78 0 16 51 -46 -1 -41 -87 8 72 36 -14 -4 93 9 73 -63 73 -61 -41 36 -73 38 -36 9 -51 
-50 -66 -86 42 81 -91 68 73 -79 -29 -6 -2 21 -88 33 97 66 -35 82 34 87 -83 86 39 -84 28 50 -57 77 -1 18 -43 83 61 12 4 73 -12 -51 -48 -9 -59 -59 87 -63 91 49 -56 -20 94 -88 -69 -58 97 45 -5 -9 -50 -20 28 -8 -33 54 
-34 -17 92 20 31 -28 18 -95 -52 -58 38 15 97 10 57 8 8 33 21 12 72 -44 9 -72 -59 50 -65 -19 -92 37 -55 29 -42 47 52 63 58 -33 -65 -95 35 2 86 -7 -98 29 -73 -83 -33 -60 -67 -70 -40 95 37 24 16 48 58 45 79 94 -17 
81 -12 93 54 -21 -47 -99 35 69 74 44 50 -97 82 -12 -50 77 -41 -87 -10 3 96 -85 25 82 -12 66 -37 -20 41 -33 94 -73 15 -2 -39 96 83 62 33 62 69 -11 2 68 -67 -78 27 14 62 21 54 77 -88 -11 -41 -53 -13 -94 -36 90 -58 -35 
85 -92 44 44 73 16 75 -83 89 -43 47 54 38 30 93 -67 64 -44 55 -95 24 -82 -90 -98 -77 68 7 -46 14 -27 -35 -5 -16 -51 -21 14 44 36 60 49 60 6 -59 -50 79 17 28 -49 -50 42 1 66 75 36 -98 -95 53 84 -6 62 -54 -30 0 
71 -34 89 -89 -34 -69 34 98 -70 -26 -70 -81 1 -71 -91 62 15 95 10 -8 20 84 -78 37 75 -11 81 51 -5 -67 20 -8 -91 16 -68 18 -48 -87 12 74 84 94 79 -15 -34 87 34 14 -82 -38 71 9 -62 -53 75 54 -38 -20 68 4 66 85 45 
-38 -42 60 75 4 -27 -64 0 0 50 93 1 -85 0 22 -58 -24 94 39 -78 60 -27 10 -17 -21 5 -73 -75 54 -58 67 -75 95 -32 -90 -24 -66 68 89 50 9 -57 -79 -32 43 78 97 95 -59 -18 86 -4 44 73 8 20 38 -28 -88 -59 -15 21 98 
-10 -7 88 57 -52 49 89 -79 42 -63 -13 34 89 65 68 60 -7 11 -46 92 -50 -69 -82 -24 26 -26 -78 9 -1 24 19 86 70 -28 -67 -35 -22 -23 38 -72 -79 48 -57 -63 -18 -53 -97 82 78 97 96 92 -41 -66 64 -61 -1 -34 -56 -4 9 47 42 
65 -4 38 -49 -24 -22 83 85 34 88 -73 -49 -97 -87 32 17 -59 17 57 -10 -50 28 93 50 -46 34 -35 84 65 12 70 4 -94 82 41 -38 47 -65 48 25 -56 25 -74 -76 -91 -90 -54 -5 -11 -60 60 -56 -51 -86 32 -99 -33 43 27 11 -12 69 9 
44 57 3 -67 -64 -55 -89 63 -79 52 66 12 48 27 46 94 -63 87 -65 97 26 -9 -15 91 -94 -99 -67 -32 -12 -88 -61 -1 27 63 89 -69 -82 -22 55 98 -93 -63 -15 72 1 -9 -99 54 -18 57 -17 84 38 60 41 -1 44 46 -74 -99 -84 -61 93 
10 -42 -46 -86 26 -73 47 53 -49 36 -54 1 64 -98 -70 19 -59 -22 -17 -27 -63 -34 66 -14 -21 -80 2 53 0 52 23 99 24 -3 64 -67 44 41 -55 94 -34 -6 14 -78 -24 -25 64 99 61 -51 89 -29 -1 -82 13 -9 33 -63 20 -21 34 -65 -94 
-33 -58 50 2 -29 50 16 96 -17 -98 -22 59 23 12 -91 73 -59 -36 -7 19 82 -89 -74 15 26 43 -73 -78 19 23 95 -17 79 49 -47 -68 -95 99 -54 43 -85 12 -29 -30 -40 14 35 -2 42 -85 17 -79 -71 -45 -27 -9 91 84 -21 77 12 16 -42 
-60 -41 62 -84 96 -10 71 34 -98 -85 -70 0 -90 57 -41 17 81 17 33 34 65 6 -9 84 -55 -54 -14 38 46 92 -85 -30 15 53 -84 74 -45 -48 -70 -61 83 -30 93 28 -31 -28 -27 22 68 79 33 -33 -99 -22 49 14 -41 -90 15 -83 -38 -74 -28 
6 -3 70 -30 58 99 6 24 -65 -49 -58 -24 -36 68 -32 33 64 42 46 60 17 -26 -78 56 7 -80 0 -94 -39 29 0 -69 -46 -65 74 -38 99 -68 6 -89 -1 -69 -31 -33 -67 40 71 45 77 9 -63 15 -12 -19 58 48 -81 8 -9 83 -14 23 -35 
-55 48 -70 -71 72 -87 84 95 42 -50 -45 -38 17 94 -13 75 -73 -22 0 99 -24 -71 73 73 64 80 87 -67 40 -42 -48 -70 -58 35 -11 -93 20 -36 -6 45 -89 15 -99 91 93 11 76 -96 -52 88 -71 47 39 -71 10 57 -74 -70 -4 49 48 -79 55 
-21 -78 56 -6 -97 -95 -86 -20 -53 59 28 82 -27 -8 40 -46 -13 44 -83 -2 -27 -35 12 77 -70 -67 -44 71 -56 13 10 22 -30 -37 84 0 -65 37 0 -32 -42 -5 43 68 11 31 -25 62 29 32 -45 99 83 -13 22 44 97 61 -20 26 -13 67 -42 
-53 61 -83 -20 59 1 9 -69 78 59 -7 -40 57 -30 -57 38 90 73 -29 -35 -94 -84 -1 -54 -8 47 98 39 30 71 -69 10 -75 6 89 86 77 -39 -99 -7 16 75 70 -24 72 -95 5 -74 -19 98 69 -39 -41 -23 47 -83 -91 54 -44 70 -70 4 0 
-69 -40 -81 -53 -31 74 35 21 53 31 -89 22 25 65 -46 -21 53 -64 83 12 -68 22 -21 30 11 39 -79 -90 -5 -58 13 68 5 26 -27 -98 28 -91 -70 14 -71 -30 22 -17 98 -8 45 74 -22 66 -31 45 -59 42 -20 49 66 -24 7 55 -61 32 24 
-5 24 35 -9 71 78 -97 -51 -41 51 -48 21 36 23 3 -79 -59 51 90 -70 -77 73 32 -90 -31 99 -40 46 -78 -81 53 86 -68 -61 -96 19 -46 -2 -85 9 -91 7 44 58 81 5 72 -62 96 35 -26 54 -45 -95 -48 25 27 88 11 -31 -28 -33 -8 
-74 -40 -72 61 -72 21 -51 -74 -1 77 78 -2 -32 83 74 -66 32 30 95 90 -62 7 38 -71 45 -13 33 -83 -23 95 8 9 90 28 -42 8 9 18 -97 6 -9 -38 29 30 -63 -95 -85 59 51 30 -76 -20 -96 -51 37 6 -92 -90 62 -26 -6 -96 -25 
-94 59 65 -78 -39 -97 -86 40 -51 -39 38 -49 62 0 -96 18 51 6 -92 -50 83 -85 -87 54 84 37 -84 -27 -38 89 -74 -25 -24 -30 7 -14 81 26 98 -3 1 -22 64 53 -58 -13 92 77 -66 -11 35 12 -69 -83 -49 -75 -61 -73 46 -5 -39 -7 94 
-77 87 78 -37 -7 -89 -13 -51 -34 75 -15 -31 80 -1 -1 10 94 -54 -4 -4 -82 -92 -68 98 11 17 19 53 -96 -76 -20 49 -72 93 -6 63 -41 38 -97 -68 -9 16 0 78 93 0 -86 5 -22 -89 47 -70 -7 93 43 -21 -99 59 -19 -5 30 -20 -13 
55 28 82 -36 -16 -24 32 -45 98 -25 -92 83 67 84 89 -14 57 -43 71 28 -25 56 -37 -37 -26 -99 17 43 29 56 69 -95 -54 -89 -13 -21 -54 88 98 48 -13 5 -96 -96 -87 -65 27 58 70 -60 24 60 91 -25 14 3 51 -98 47 84 -75 -52 42 
0 -13 -20 -75 -35 -60 93 -90 -22 12 0 -47 95 -53 -77 98 15 -72 4 -98 -81 13 -36 39 20 54 -7 -30 62 19 20 87 -90 -22 15 -79 78 40 -20 84 8 16 83 88 62 2 -83 -10 -7 19 -29 -67 53 60 -32 -53 91 -22 -62 -71 -20 63 87 
-75 47 0 -91 63 -76 -27 79 84 -71 75 51 -87 -3 98 -73 -98 82 -88 17 31 -64 27 -86 20 44 -65 25 -1 27 -33 4 -3 -82 -87 91 -88 -79 -78 2 16 -3 -61 30 37 -50 30 62 20 -12 85 71 -14 28 33 -93 -31 34 18 82 -76 -78 80 
49 91 30 51 -82 42 -63 76 47 34 -19 72 67 -57 -60 11 -88 61 93 38 22 -66 81 25 73 1 37 -42 43 -77 92 -80 -23 86 50 -83 -57 -36 27 -28 98 -16 -61 31 -37 -90 -13 79 -16 29 -48 3 -25 -61 87 -70 -72 -70 58 23 46 10 -12 
-34 53 -60 27 99 -33 -7 97 67 -63 -63 -94 86 -38 5 -18 0 -36 -57 -24 57 59 -99 34 65 60 -2 26 -71 -51 4 -8 67 91 -8 70 -42 52 -18 23 -48 -74 -4 -9 10 94 -94 4 60 -62 6 -93 -5 30 -5 -33 -30 34 -89 -93 20 -45 -17 
-73 -32 -14 53 15 78 82 56 -81 -56 90 -91 22 -1 -54 75 29 -73 -32 -59 53 77 -67 27 -24 8 13 46 38 -33 -39 -28 -28 4 -23 -40 20 99 -16 32 -70 97 -94 1 75 -81 91 93 -73 -79 12 -24 25 -26 27 41 -69 70 43 -11 -64 94 69 
44 -15 -84 -46 42 71 22 -70 83 17 4 -94 -38 -32 0 -4 15 -45 -40 91 -36 57 33 87 -45 -55 -10 -96 -52 0 -13 97 96 4 99 35 -54 77 -88 89 -72 -70 -33 23 29 85 29 -17 -35 -75 -46 83 53 21 0 55 -65 95 -49 66 57 0 -26 
8 38 -88 99 -65 -98 73 -64 38 -86 -7 -68 39 -27 50 66 79 70 -20 -9 -28 60 14 57 59 50 28 31 74 -42 -41 94 -14 52 88 61 -40 -20 19 41 -10 36 -27 -15 -26 9 68 36 63 64 60 -69 -90 -65 58 -59 -54 -75 16 26 66 -47 -27 
-2 -51 -44 47 -85 86 91 99 37 24 -59 55 7 -91 -78 5 -85 -68 -86 -4 -89 -57 -2 1 -84 21 -38 -46 -29 -13 -37 -86 60 -80 44 -34 -97 54 9 22 -93 -21 18 41 1 67 -62 -51 86 -18 28 -83 -57 46 -30 14 37 65 -65 33 -60 -9 2 
73 4 88 -8 -43 -50 22 94 24 75 -68 0 61 80 -14 13 -22 -38 62 10 -52 -88 -94 -33 95 47 -15 4 12 64 76 -58 -65 94 85 17 93 18 -92 92 -65 76 -59 16 16 50 13 9 -60 -63 73 -73 93 19 67 20 -66 68 26 -31 -48 9 59 
-45 -65 -17 -9 -77 -28 3 -90 76 28 12 -11 -4 29 -45 -73 -52 31 -10 49 87 -14 -14 -53 25 -74 -80 79 46 27 -92 -29 -27 3 -81 -20 -18 17 31 68 41 24 26 -67 25 -53 -21 27 71 24 51 16 -44 -45 -63 68 -6 91 -86 79 -71 -64 32 
82 -95 -31 23 -4 96 54 -53 4 -9 -87 -82 93 68 62 -61 -33 17 57 -84 20 -63 -44 -77 50 -48 -15 16 55 58 94 -74 37 -64 29 -3 -73 92 -59 -45 -98 -27 77 74 -82 42 -55 72 74 -69 70 -32 37 88 -91 -97 63 -59 -67 -24 -62 -80 83 
-88 -41 74 98 -7 -62 12 -75 -8 78 -65 -78 18 52 87 60 -87 -58 -28 -28 -44 65 85 93 -85 98 -73 95 89 80 37 -16 -68 -64 90 -69 44 -34 -86 -72 68 96 -20 -1 -55 45 -63 25 62 19 24 24 92 28 -50 -82 30 68 50 71 16 15 54 
-7 -34 2 3 -94 -51 -75 71 -43 -77 28 14 79 53 -29 -57 27 80 15 -8 73 -73 -74 99 -15 47 -13 72 -92 33 -96 79 -94 31 76 27 51 -89 -95 46 -7 -10 -77 -92 73 3 -96 83 65 49 -27 -57 -15 12 77 -77 -72 72 97 50 81 -95 79 
89 -40 -29 30 -3 45 41 31 18 9 -69 -69 27 -68 -21 64 -76 65 -1 -66 76 17 -56 -36 51 -61 70 9 -16 -83 -80 43 -81 -32 24 37 -96 3 -19 43 -18 -17 79 -56 14 -72 -50 75 99 77 92 -64 90 69 -77 -74 15 12 -30 -65 30 73 94 
93 -81 -82 -33 -90 95 79 -58 20 0 26 -91 -15 76 21 57 -97 -38 76 6 78 54 88 75 41 -87 83 64 -3 75 -46 66 59 38 30 4 11 17 51 20 70 47 -54 -83 47 -58 -73 -32 -22 6 63 50 -93 -44 15 71 -10 -10 55 13 -87 61 25 
48 -97 27 38 4 46 1 23 -88 -32 64 -46 -54 81 -31 -15 92 67 40 -63 56 15 -63 14 -14 -79 -53 35 -38 -7 -21 -57 -22 -86 46 93 29 65 -12 23 74 65 -81 -71 31 -66 -93 56 -80 -76 -2 26 -81 79 -39 78 -76 -73 8 53 29 -78 15 
-14 91 -31 22 8 0 63 -41 -5 13 57 -54 -23 64 81 64 -29 -62 -15 78 -28 -8 42 -24 -23 -57 -40 -95 67 0 38 -25 94 -84 62 -2 -21 -60 62 -2 -47 65 -18 65 20 -31 28 91 96 29 -77 -81 -68 -44 -88 -97 88 -78 54 -56 59 88 -52 
