52 78
75 25 53 74 74 90 -81 -65 31 69 -15 14 49 51 -29 -8 5 30 98 67 -70 14 19 17 -66 95 53 28 -55 -22 4 -51 -51 40 -27 25 75 18 -68 65 32 55 -35 -40 22 67 98 23 87 57 26 -27 78 69 -49 21 -67 -14 54 -29 -81 -87 14 6 68 -58 -43 99 99 54 -91 -91 -95 -8 60 -18 -93 3 
-57 -78 -34 -88 -81 -13 -90 -78 -31 -75 -20 -42 60 -76 51 58 -46 14 -5 61 1 84 39 -69 -15 71 30 91 21 -17 -85 12 -2 -83 87 -63 23 -76 63 74 93 70 -96 -2 -65 -1 -54 -49 -59 49 66 51 25 94 16 -59 28 59 72 90 -74 32 52 70 55 72 14 52 41 -91 -80 -13 88 20 -94 -42 -86 60 
-3 0 38 -8 81 61 65 65 74 -44 48 -33 82 -16 99 81 68 80 62 6 -5 -46 46 59 48 -80 92 -68 -37 37 67 -36 37 -74 90 -12 4 -44 95 60 84 -70 13 96 -45 -4 -3 9 35 -67 -94 -68 -78 -63 76 4 99 -82 -10 -80 73 85 76 33 -19 -62 51 -9 -13 80 -14 68 -40 -7 -90 78 -71 17 
16 84 -79 84 -48 -68 -75 -45 -92 -78 -90 -53 -68 45 74 -10 7 -85 -37 78 -78 72 -13 -75 48 -1 62 -51 -67 -31 -97 -41 -93 -1 50 -8 45 42 61 -60 81 -54 -4 51 18 -80 -40 -60 77 47 6 61 -57 -96 34 -59 -46 -97 95 23 -60 34 83 86 -17 -79 26 41 -31 48 -30 -1 -55 -35 -48 -58 40 -27 
-92 -10 30 -1 -64 75 -94 5 29 -86 -81 -19 8 68 -10 -90 -14 90 -92 -61 -7 9 -79 72 96 84 52 45 -54 -83 34 -50 -78 57 34 -53 75 -9 25 46 -78 37 55 -54 97 56 82 -28 0 12 -49 -17 20 64 -83 23 3 -53 -34 33 81 -59 -30 41 -73 26 83 -36 27 79 -9 91 -85 -16 -91 15 -81 85 
65 1 -77 41 -43 -40 -14 83 67 35 -17 75 -86 77 9 45 -79 15 73 -66 -94 -5 33 -23 -29 36 -78 -53 -38 -41 6 73 -75 87 5 -85 -57 51 -67 -68 75 69 29 -42 -23 -75 -47 22 -60 -14 1 -50 11 -43 33 -6 94 5 13 4 -72 93 40 67 -51 90 -70 83 95 92 -80 46 -80 9 -57 72 79 53 
-26 0 74 -4 -6 77 -3 55 89 17 -38 44 -69 -48 -92 60 -79 37 -60 -39 83 -95 88 33 77 69 78 -65 -41 -7 -18 62 5 12 -50 -75 -60 -71 -62 -74 91 71 20 -25 49 -91 22 -54 -43 -79 -91 87 -78 8 -92 -68 -12 13 90 71 -49 15 27 77 65 -14 -39 -44 -61 -80 7 55 -52 6 -24 -46 82 62 
-12 -14 -76 -13 -59 12 16 -32 -88 17 -59 -81 63 87 -72 88 -16 97 14 92 21 51 33 78 80 -81 -11 88 58 29 24 17 -36 2 48 86 -5 -17 84 -4 -82 22 20 -99 67 -98 28 -43 25 49 -83 -52 97 -62 23 -64 -51 58 -30 5 57 20 -54 34 94 5 -55 -67 93 31 -90 85 4 -53 -20 19 0 -14 
-57 24 14 -82 31 28 -95 -68 4 61 13 -17 0 -72 79 -93 -74 20 11 37 -15 -53 14 8 -70 61 9 4 -12 -18 -83 -68 26 -98 70 73 -40 -78 68 -85 -75 19 83 15 -32 28 -9 -44 -16 -5 35 36 -74 63 -83 -26 -86 -44 80 -94 -70 98 62 22 -28 57 6 -20 -17 85 93 54 -57 11 -5 -34 -67 38 
-55 96 -32 -42 42 -64 -1 -44 -39 -88 22 -69 -21 -68 -97 -85 -9 58 78 18 -58 -50 -94 58 72 -41 99 36 -48 79 67 91 -51 95 -2 -13 30 -9 -92 66 49 23 89 -99 63 94 17 32 19 -88 -19 25 89 13 28 28 -35 -37 75 17 4 -84 21 -2 -57 14 -30 -22 25 -83 -66 -25 2 83 22 19 -63 66 
-83 -15 -15 46 -17 44 86 -84 3 -55 -33 57 81 -4 -92 3 -42 9 -55 -50 46 99 76 -25 -69 41 -14 -49 82 41 0 3 -70 37 -43 90 -65 68 60 -63 25 -22 -43 -43 -41 -69 -55 -20 -70 -77 55 -25 4 0 58 98 68 60 -24 -22 55 0 -81 50 79 24 -73 8 -77 -15 -48 76 27 36 -69 -61 3 -12 
61 -39 68 -95 90 87 82 -3 -69 -89 61 -52 98 32 -50 58 -36 -75 37 27 -4 -6 97 26 -13 73 -65 30 38 1 40 -57 -4 94 23 78 -20 6 86 -15 35 10 -66 13 25 -31 3 -1 -22 -73 94 -25 -55 22 -92 -70 -42 29 23 -64 3 80 -50 52 2 -39 -51 -65 -29 82 -43 65 4 -1 -28 65 -22 -99 
75 41 18 62 27 -18 -73 13 -51 40 47 -44 7 -19 41 -37 55 -70 -98 58 89 -21 -25 35 -9 8 -53 -23 -18 -51 28 38 -50 -13 31 87 36 -33 -30 -65 94 51 64 45 51 -5 56 40 4 -12 -61 56 1 -34 42 14 -63 -24 79 64 -29 -44 7 -78 40 -79 -91 -16 -48 -23 22 88 -60 -48 -55 -80 -10 -53 
73 79 69 -99 -83 65 76 20 -39 89 9 18 -7 38 -83 38 -52 70 81 -25 -54 44 14 -65 -70 15 17 -97 8 -26 68 23 -48 71 49 82 83 41 27 17 0 -59 -75 20 88 81 -23 54 75 -95 -31 63 -2 -90 10 59 21 -8 -57 -91 -35 -83 32 97 -56 -55 66 -33 -4 -67 92 90 34 -45 -17 -85 -95 57 
19 38 19 -55 -77 -28 39 97 36 -33 47 -50 -96 48 -73 -75 -35 83 -1 -98 69 52 -14 48 -36 29 -75 -95 13 94 -29 54 66 60 47 79 30 82 -96 35 -20 39 43 50 -75 9 83 54 33 16 10 -91 -30 63 8 -16 47 47 81 -81 68 50 13 84 85 -17 -50 20 24 -11 30 -98 12 -54 -31 -45 63 -43 
53 -95 8 -51 35 49 -48 -13 2 -28 39 -84 -38 -99 -11 -84 96 85 -19 27 -43 -56 21 26 -21 4 87 79 57 93 49 41 94 -97 -69 -74 -56 14 -45 -77 41 -66 49 4 -52 73 -96 51 55 -20 -40 38 66 92 5 64 74 99 -48 42 93 80 -52 -22 -45 -87 -47 91 -73 52 -69 54 92 -35 -42 -97 -59 -49 
-2 -31 -87 77 40 20 84 -55 87 -85 21 -50 -21 -93 35 -14 -13 -27 -66 14 -1 -36 15 53 93 -67 -48 -67 -6 77 17 0 -34 -29 -19 -68 42 -68 88 -98 3 77 -17 52 55 -11 5 30 98 25 -44 54 -11 67 35 -34 15 -64 29 19 -55 -83 -10 22 20 -75 -98 -31 -88 4 -93 -1 12 -49 -43 -25 -28 97 
49 89 98 8 -93 -6 -86 68 -9 -35 -58 -21 -77 73 -28 -80 47 -38 -15 24 0 -30 -49 -71 38 67 -1 -39 -5 11 -41 -77 -37 -74 -32 93 -48 -98 57 46 42 -22 -71 34 61 -34 87 57 62 95 -98 55 24 51 -21 -42 89 23 80 -7 34 -81 -19 -5 -68 96 41 22 -72 -77 -83 34 59 86 25 -29 73 -35 
-22 28 13 66 -73 -75 -94 8 21 12 37 24 84 -41 -85 27 14 55 62 -89 90 -64 -52 -21 45 90 15 44 19 54 -32 -32 46 34 85 46 -70 12 -61 -39 97 1 -95 -48 -74 50 38 70 1 -31 -65 -13 -72 -11 -99 29 51 99 86 35 76 82 82 -7 -97 37 87 59 -42 22 -99 5 -17 -56 -4 -98 -36 72 
1 -53 83 59 -49 52 4 79 -52 26 33 67 75 26 44 -13 91 -66 -40 28 -52 -52 69 85 -6 96 -75 -46 30 -3 78 -67 3 46 -84 92 -10 16 -28 -12 -71 64 49 -27 10 -8 96 -69 51 -40 62 -21 -40 97 -55 -5 9 -24 93 67 -63 -16 -38 -23 1 41 -56 -5 69 -40 9 -78 44 -16 -80 -39 -44 -97 
29 -1 81 87 78 55 33 90 30 14 -55 -26 -15 40 17 -16 -76 49 -75 -59 75 1 -74 84 40 -68 82 -84 35 -85 54 34 -67 81 -25 87 26 -94 -42 55 -46 -65 21 66 -10 10 33 6 -76 -82 -31 44 43 6 -95 -32 37 0 -24 92 -44 72 -42 -84 -58 -8 50 -48 70 29 0 -38 85 38 -4 30 -74 -48 
76 -14 50 -84 99 -63 -84 -73 29 -93 -43 -16 31 -92 67 -35 -37 -38 -74 6 -50 0 -97 73 -65 -12 49 40 -30 33 -26 50 36 -94 33 41 -35 -13 51 -79 -97 3 -23 -85 89 57 85 -32 -91 13 -14 -24 -44 1 -22 65 23 -73 -68 -99 -49 12 -11 -37 28 24 86 -63 21 11 -19 -24 -46 -21 70 -98 11 -90 
-5 -44 82 49 0 35 -73 32 -83 -70 80 -44 97 -71 34 29 -99 -53 93 -8 93 88 62 1 89 -37 46 32 0 74 -34 14 59 -82 12 -13 81 -39 8 -99 45 -78 73 -72 -14 -35 86 -73 -84 70 -95 -74 -65 -76 -88 53 -88 69 95 45 55 53 20 -80 6 77 -9 95 -29 58 -40 34 -94 -3 58 -29 23 97 
28 55 88 -82 25 75 -38 -13 56 -60 -67 96 -14 96 1 -5 56 64 -27 -87 -25 10 42 42 89 94 -46 -83 -21 13 55 -86 -11 -15 53 -12 97 -91 72 12 46 -43 -1 -21 48 -43 31 -21 54 65 30 97 39 -1 -43 -64 -97 -60 38 -84 -71 -45 -62 -58 -8 15 51 3 53 23 -53 8 64 -44 -92 70 71 72 
61 19 -51 -10 -46 -13 52 -33 81 23 32 -38 34 -95 40 73 25 -93 20 -42 -76 -28 -56 2 91 62 41 -33 65 96 77 92 33 41 -9 -47 -34 70 -93 96 -28 -43 -89 -61 23 30 88 68 -47 -95 -70 9 -48 81 98 79 21 60 -33 -3 73 -75 -88 37 12 -56 15 54 76 -25 14 8 -82 73 85 -84 -18 28 
99 29 -57 95 -9 54 11 -83 93 -34 -4 -14 19 -75 90 8 -51 69 92 54 80 -29 -79 -61 93 -7 -66 86 64 90 58 54 -81 -77 -11 47 11 41 36 80 -82 70 -26 -61 7 -91 19 -24 37 -70 89 55 43 99 -74 -86 -33 62 28 -81 -93 -85 6 98 -70 -59 86 32 75 -56 -17 42 29 -16 97 60 26 -22 
-84 -74 -42 51 -44 0 -65 12 21 -34 60 -62 41 -82 -66 -99 51 -72 22 -48 88 -54 -26 -13 -75 -65 25 -25 -51 99 -33 -60 38 -34 -88 46 25 57 -33 46 0 62 -28 23 -2 -37 -2 91 -7 -18 -23 -40 -45 -43 14 49 -53 70 84 -74 51 89 -8 -25 -55 6 -21 -16 -22 -17 -58 0 -20 55 14 87 -36 -20 
-43 -41 12 99 82 58 -12 -55 -12 -27 22 2 -48 69 81 -66 -57 -62 38 18 -13 45 53 0 -79 -99 13 -19 22 19 -90 -30 -58 56 -30 5 -31 -50 -68 69 21 35 77 31 -81 36 -51 -90 -11 39 13 21 60 42 59 47 57 94 -35 88 78 -11 -36 91 40 -68 49 -50 -31 86 16 91 65 -85 -37 -54 -73 -30 
98 49 -26 -49 -30 -92 -83 -42 -8 -26 -79 60 69 -19 -35 -77 -73 -52 -7 33 82 73 64 -65 -87 -50 -93 -16 48 91 -39 -29 81 -54 -82 13 65 33 -29 5 -90 -29 -57 -97 23 -97 -71 -59 -23 85 -3 -32 -70 -38 40 8 34 1 -80 -91 -79 -87 -21 -36 86 -41 -85 75 -20 71 -69 15 22 -73 -28 31 29 30 
88 23 -35 -90 -96 -72 74 36 -93 63 -37 25 25 96 -24 -14 81 -80 23 71 -66 2 21 57 0 83 46 2 -54 11 -44 -49 -15 61 82 -91 79 86 84 80 82 2 0 25 -54 46 -4 66 12 14 29 -30 80 -90 18 69 42 42 29 -83 -22 -14 51 -14 -3 -87 -61 -36 -71 28 -13 -10 90 22 51 -34 15 -77 
64 65 27 -17 -62 29 9 -57 88 8 43 -53 -63 -7 45 -39 57 8 31 42 96 99 -14 -81 -99 -90 26 45 -46 4 83 -52 74 -55 -68 92 10 6 -58 48 32 1 -73 0 -64 -93 -58 12 -93 38 1 93 34 79 -77 52 -7 -9 25 -18 63 -17 -57 60 -27 -9 -99 -67 -81 20 59 -31 -77 1 -29 93 74 -84 
-25 -83 -19 -38 40 -31 48 0 53 -71 -25 82 -44 -14 -7 -76 63 -12 45 -20 10 -96 13 -59 65 1 72 -83 33 -67 -59 -46 31 27 15 -66 2 71 37 9 -60 96 -67 49 69 30 -7 13 49 -48 71 10 -17 -58 64 33 -59 76 -94 -49 31 -80 11 72 -90 -44 -89 -5 64 -55 -23 82 -42 7 -70 -73 -7 88 
16 -83 90 29 -76 25 60 -55 22 79 47 1 44 28 -94 -19 -48 79 38 61 -74 63 -28 47 -54 16 68 13 -99 44 -94 -34 -15 64 -85 -44 -55 -34 3 16 95 57 -58 44 49 70 -18 -92 -10 10 -38 27 -26 -73 -23 40 -3 36 -29 -43 -42 -76 -87 -42 -7 62 -60 -4 27 34 37 95 19 55 -49 0 -59 -52 
26 -34 65 -33 75 17 -29 -93 0 -49 68 -90 -45 55 13 -8 -70 8 22 -8 -63 49 37 46 -77 -70 56 -83 -1 -88 50 76 63 4 -3 40 63 32 89 -7 38 16 -73 51 59 -30 50 6 -53 55 14 -56 -70 41 55 -14 -63 -44 90 -78 19 -52 -24 69 0 89 43 -49 -38 97 39 22 39 5 64 20 -38 -74 
-17 -58 70 -30 -62 -85 79 -67 76 10 -61 45 32 -1 -33 60 6 -83 35 96 -25 1 -62 -62 36 -72 -31 8 -15 18 77 -20 -2 78 -78 -4 -70 2 15 -40 20 28 -60 28 -17 -38 -1 -8 48 95 -88 62 16 -65 -22 -3 -62 -15 67 40 -24 -96 94 -24 20 -7 -63 -75 -67 36 -27 99 31 -90 76 71 6 0 
-2 13 26 -6 -6 -45 -8 -33 31 20 25 -33 23 44 -14 -27 31 66 8 8 32 66 8 42 -91 -6 -79 42 49 -77 84 -24 43 20 40 -44 -61 30 18 22 25 -38 58 35 -3 84 -33 -9 -57 -55 30 -70 21 23 71 0 -6 -48 60 53 43 -74 -61 -70 -53 -98 -18 -60 48 27 -86 -74 66 8 -16 -55 -34 -51 
53 -66 66 -21 75 -9 87 -18 62 14 -95 39 92 20 49 -16 74 25 89 -41 -9 31 89 70 -81 -59 -42 5 84 49 -69 62 -73 47 -75 21 -57 63 15 49 -9 16 10 16 21 63 83 81 82 1 32 68 -90 59 31 20 94 -67 63 -28 67 2 -86 58 16 26 28 -37 -13 97 -13 39 66 60 -23 -42 -17 27 
84 -73 -72 -33 -87 -24 63 -71 -45 60 40 -16 -68 4 99 -21 87 -3 29 -2 93 74 8 0 16 -33 -13 26 -35 -6 -74 84 17 20 52 83 86 -76 52 19 27 -1 63 -49 19 -83 36 -39 0 -90 -86 98 -64 65 -30 -87 -82 4 -54 18 71 19 13 -29 73 -76 -60 -37 -83 -20 -10 79 -98 -77 29 34 2 -40 
62 -15 78 34 -85 62 -58 66 92 -96 -96 -50 -17 -68 79 19 -77 82 -66 -19 55 6 -60 -74 12 54 -5 -48 29 -62 29 -75 83 -32 97 -76 47 69 -19 59 34 -93 65 -92 58 -29 34 70 37 -89 -38 52 22 -26 -22 -82 -59 -70 -20 98 -81 51 37 14 -31 97 62 82 -23 18 15 50 -19 66 25 78 55 82 
-36 59 -88 21 -52 -3 73 59 0 -14 -78 79 -39 38 -25 -44 -89 -6 65 -45 -99 -43 -83 32 39 70 35 -30 -33 80 13 32 -10 -99 -50 -73 0 27 -43 -91 -51 -62 19 -58 83 2 -29 8 -71 28 66 32 61 75 27 -59 11 77 95 -24 74 -95 61 8 4 -27 67 -66 95 2 -91 -32 -54 48 -59 -9 98 -49 
84 -36 -96 -79 -41 42 -25 -19 77 -74 72 52 40 13 56 -45 53 67 93 -7 -9 -46 79 -31 5 -20 -15 13 99 59 57 -64 7 45 0 -85 -24 84 95 -40 -81 76 91 1 31 86 -15 -78 -67 -87 -78 27 -71 83 17 -42 93 -16 65 29 -64 -59 -54 57 -39 78 -45 96 -70 90 98 -29 -12 -87 -62 -56 -58 -58 
-7 65 9 74 -81 98 73 72 98 -89 92 6 61 -88 -6 -86 -13 -62 -48 2 19 -87 64 18 86 -3 68 57 2 73 34 67 18 4 8 -58 53 -59 60 -35 -38 -50 61 0 82 -9 -1 -43 78 -40 25 9 -34 59 11 -51 38 -3 73 -60 56 -35 98 78 -56 -17 18 93 69 73 -1 -16 77 29 -87 36 -35 -37 
-50 56 22 75 -87 -18 -25 -36 44 99 -55 -94 -73 94 90 -47 14 -81 -55 -51 17 -60 -27 -27 -91 88 -80 -55 80 -74 -50 41 79 77 41 76 75 70 -57 70 -22 -93 -66 67 -42 -83 0 -41 69 -89 -74 78 -11 -64 -53 -35 -50 -44 37 -79 75 0 83 -14 39 -82 -56 78 57 33 -15 36 25 -92 -24 -38 -78 -75 
-2 73 78 42 -97 95 -28 -35 -96 -33 24 -6 64 82 -33 -27 15 -76 -7 75 -14 42 -23 99 11 -33 -61 -78 -5 48 4 -45 40 26 -79 -5 32 -26 -23 27 -30 86 81 -19 0 -66 -39 -90 -51 71 -82 80 -86 50 -91 87 82 -87 63 -61 12 63 68 -91 -82 -5 -36 -67 15 -15 -74 20 -55 -80 17 55 -11 -60 
-3 50 -23 68 92 -52 68 -14 -2 -38 92 49 -87 -73 -73 74 -42 37 22 -43 -37 -42 -2 -37 -87 21 95 -28 51 8 86 -18 -62 94 -85 61 -88 65 82 68 -23 20 -25 -94 -17 -72 -42 -97 25 -32 -77 95 95 -69 79 -88 90 -57 0 -69 -29 99 41 16 -75 33 -20 -68 44 23 74 -72 -46 25 96 21 60 41 
-94 73 -40 49 -92 -44 51 -14 55 90 -37 86 45 64 -19 74 -17 60 28 -3 -32 -35 -64 51 -16 -9 -87 71 40 57 -47 89 -33 67 -34 87 -34 -96 -66 -64 62 90 7 -85 29 2 18 3 77 78 32 -65 -52 29 -72 2 4 91 -88 -1 -19 -51 37 49 87 71 81 -70 97 -82 -29 -36 61 62 -6 -62 -76 96 
44 -82 -13 22 21 -5 37 -46 -19 -53 -59 51 16 82 -21 -79 11 78 9 1 -78 46 -98 -59 55 67 -34 0 61 -45 -36 -84 -42 -32 39 -72 -57 -36 -66 -4 -83 6 28 -49 -63 -6 -58 41 -77 60 -75 96 48 -89 -82 -8 -82 -22 -91 -29 27 89 -83 -27 83 -98 96 -30 24 -92 46 47 -63 87 -82 70 44 -90 
-66 -63 67 -3 -89 -24 40 99 16 -37 72 91 66 95 -84 -75 18 -15 62 -51 -48 -26 -34 36 7 44 86 -48 18 -23 2 78 8 -94 -38 39 -77 -76 27 -98 94 -76 -16 89 -18 -70 -36 7 63 59 -97 86 -86 -12 21 -53 -6 -89 4 66 56 44 -4 37 -70 11 -73 28 94 66 5 -36 33 82 26 53 -30 51 
11 -16 -70 97 -34 24 -26 -67 47 -54 -22 2 91 -43 -44 -92 -42 59 -65 12 -80 -52 16 37 99 86 -78 -37 41 50 -11 61 64 56 -13 -93 -43 -11 -6 -94 96 77 62 25 50 6 52 51 31 -62 -30 25 89 -19 -46 -53 -56 -46 -96 47 -24 67 96 47 -75 7 90 35 18 17 -93 -23 -79 -82 57 30 5 7 
-78 32 -13 88 -26 -98 -60 -63 -12 7 49 -42 -81 -44 65 -20 -43 81 -47 -75 27 -34 80 38 76 -5 -31 55 -62 -8 -9 22 -42 68 -57 5 41 -7 74 41 -66 13 76 -20 51 -84 -76 48 -35 -60 9 89 -73 28 -72 94 -70 -21 14 -8 57 80 -38 53 -91 20 52 -5 87 53 38 -37 86 13 -60 -56 49 49 
-97 -15 83 6 16 4 3 -82 -66 31 -17 72 -11 76 50 90 -92 -28 -96 72 16 -6 0 -61 85 59 75 -73 49 48 43 -46 -91 10 20 -66 47 -1 -15 81 -55 20 80 88 -35 -22 70 -6 97 -98 -53 -34 -90 -50 -43 80 72 -39 59 -83 15 -19 27 -5 -46 48 4 -14 -6 84 -36 40 -61 -57 50 21 -19 -31 
73 -23 -5 -39 -85 40 -41 -4 3 88 81 -36 -93 -60 -58 19 -20 -84 -76 -69 -20 44 23 -83 13 96 -26 -61 42 52 -26 -14 -40 -59 91 55 37 51 -62 62 -91 -82 -20 34 -54 44 0 -20 63 64 -19 -36 76 -81 -51 53 22 -11 -22 78 96 81 39 -9 77 -59 58 71 -81 51 68 -40 46 -90 21 39 43 2 
