65 77
-18 -85 -2 -42 75 9 99 46 -48 -92 35 28 91 73 -33 25 28 97 -19 8 -83 -20 -39 -51 -27 87 6 -76 -71 94 72 84 -80 -38 -43 63 -25 38 -16 78 60 41 -46 49 37 15 56 -97 -46 13 -64 -87 -89 -27 49 -38 88 20 -49 -22 -20 35 -86 -46 82 -96 26 -7 96 75 -68 -36 34 -58 -63 -21 80 
77 69 10 28 32 -35 -93 99 -87 -10 -74 1 62 -97 14 13 83 22 62 5 36 51 62 85 -91 21 -49 79 5 16 -16 -46 13 -69 -72 17 96 94 -76 -71 34 52 51 -38 -35 43 84 -39 -50 -40 -4 52 66 -42 -41 10 82 -64 -69 -32 -67 -60 25 -86 97 76 19 -79 73 -29 -11 86 24 25 84 97 -89 
6 89 11 77 23 70 52 14 -48 82 16 -68 12 -75 52 57 -77 -70 -75 33 -37 10 6 -56 -51 99 51 42 -9 -15 0 -98 29 -9 -68 28 80 -82 -60 -36 45 -48 -74 -95 -7 -71 -26 -9 -73 -92 -15 -46 23 29 15 61 -97 64 0 96 6 -8 -96 -59 -80 51 -73 -92 -45 87 55 11 31 -26 -78 34 -13 
85 -63 -86 -78 62 32 90 -31 87 47 -32 -30 -57 -89 -18 43 -56 -59 -97 -52 -48 -14 -84 -77 57 -41 -45 32 29 48 -79 -19 -71 0 -73 -47 -74 -77 40 83 -18 69 36 36 -54 -1 -67 -73 74 85 61 64 -55 7 43 -59 -89 47 -67 96 -94 29 -52 -42 -6 96 82 -62 -47 26 -98 24 -82 -73 -66 -27 55 
-43 25 -74 3 97 25 59 53 -88 33 -1 5 -28 -33 -99 -86 90 98 21 95 37 -49 29 24 -80 92 -25 63 -75 -38 41 84 48 2 -48 8 -44 86 5 -51 -21 -44 37 53 -62 -22 -39 -91 -27 -88 22 65 -33 -35 -78 -74 -65 74 -84 71 18 95 39 93 72 29 23 -82 -99 -69 95 -79 -96 -90 -25 -5 -54 
-40 -42 -22 -60 -17 34 70 -21 27 64 -93 -33 -19 -22 41 -67 6 8 -56 -99 66 51 -39 60 -22 -49 93 -26 10 49 -58 34 16 -56 -18 -32 -7 -74 89 -60 -36 -70 98 59 -30 -85 -32 15 62 -61 -74 -35 -94 -11 -20 49 -20 8 -75 48 69 18 34 -54 -5 57 -40 -14 -2 -79 -25 -36 97 0 35 44 -35 
-44 -30 78 -80 35 73 12 23 -4 92 -14 61 -41 33 28 56 66 -81 -95 88 44 -77 -2 73 17 -6 -59 -73 85 71 15 -84 -96 -43 98 4 -91 1 89 86 59 -46 -29 -68 42 -96 53 86 -52 -69 -61 70 40 41 13 16 -78 -86 -65 -49 81 -1 22 54 -62 7 -41 0 16 36 -47 -40 -28 97 -91 -91 -28 
-22 37 -98 61 98 80 -79 97 -71 -94 -52 75 -43 -14 -37 68 -44 42 -48 -89 -80 0 62 -23 76 94 -69 89 -86 -23 -2 -44 -93 18 55 99 -88 -8 -72 -88 -28 -15 26 -50 -81 91 -72 -54 -44 76 92 48 -49 91 6 -48 48 -61 80 -45 -80 -73 2 56 15 61 49 -3 87 -22 -29 -13 2 -69 -8 -68 -28 
8 17 -67 -70 50 -38 -36 -22 56 76 -53 -1 7 7 22 -68 15 13 60 19 -53 -92 -29 67 -28 54 -96 -4 -77 -95 18 -37 -99 57 65 -16 15 -63 -73 -34 61 38 -27 12 -14 -8 74 -68 46 85 -72 -62 -9 25 63 -26 55 -76 -87 72 85 6 16 -87 25 4 -27 1 46 -69 6 44 -98 86 79 -79 89 
67 78 19 -89 -90 -36 25 -67 -11 14 85 -57 -53 61 70 -60 88 -2 82 72 -93 -60 70 46 83 -7 38 -84 -36 -48 -29 64 90 37 -89 -92 29 -20 16 90 -40 -14 -91 -13 -62 -16 -85 -99 12 -41 49 -49 -86 -94 91 39 56 72 26 60 -31 -96 -12 -97 12 -79 -67 -28 -24 18 65 -67 -26 -24 18 27 -10 
78 29 -21 -71 24 -42 93 -70 85 58 -78 65 22 -40 94 39 9 2 69 -90 -56 -70 95 24 -48 -30 11 9 26 61 -28 26 -96 -41 71 -89 64 -40 64 55 14 -90 38 -13 -4 43 -77 -51 0 2 89 -8 -46 38 15 -3 -53 91 -62 -53 -30 44 71 -65 -44 -84 19 -9 -4 46 47 78 87 -32 20 26 -89 
-17 -25 -87 6 34 89 73 -51 38 38 60 1 -56 83 48 -70 13 35 7 -22 -44 60 2 7 -88 52 0 34 -52 -51 56 73 -74 81 -87 -87 -51 -26 -19 -99 -61 -35 18 86 55 61 -7 -4 -40 -24 -58 -54 -36 13 -65 64 -20 16 -6 -11 -44 -81 -80 -78 46 10 -20 -33 27 82 -3 44 -22 6 26 -25 46 
-12 71 17 -23 -67 -46 91 -96 -23 -17 90 20 98 10 -99 -29 87 -99 51 -95 -6 78 54 62 64 10 61 -62 -71 -59 63 -9 -73 -3 17 -84 19 -28 -6 88 -61 5 25 -92 -84 -46 4 48 70 41 62 5 83 -78 -88 83 5 -46 -55 47 81 14 -67 52 -8 -92 -39 -69 -58 82 99 0 -21 99 34 -63 85 
76 -56 -72 55 57 -9 -84 -85 64 96 -38 -63 46 52 69 -7 -15 -31 6 -6 -54 40 52 -89 -15 95 -43 -22 -94 -7 89 -36 86 -11 95 93 -24 -11 -70 -78 -1 66 -4 -19 67 5 -42 -47 11 -73 -27 80 -27 6 -29 42 -56 42 56 -10 11 60 -46 -97 -87 -50 36 -62 45 -17 -19 53 -84 -10 -81 -81 92 
93 9 25 -77 -36 -98 69 -77 -44 23 69 -60 16 -3 54 96 -33 -38 54 -16 -79 -38 62 45 -96 19 -28 -29 -64 -93 81 -30 17 34 -88 9 -88 24 -36 -91 89 -80 51 7 16 69 -50 20 90 -94 -17 33 -29 71 -18 77 -47 77 -43 79 91 92 77 13 -5 10 10 33 23 37 70 85 0 73 -91 2 67 
-69 16 -77 -22 -68 -22 -26 -54 -28 83 -18 89 -29 66 1 78 -52 -51 0 -10 51 -88 97 -60 94 -84 98 -60 0 -20 -75 17 40 -99 89 -45 37 29 5 -37 -30 -32 -69 -70 35 -88 -89 36 75 -10 -74 10 98 45 75 -40 -76 -18 -95 -79 81 -90 80 -43 45 67 2 -97 4 -23 -6 -82 19 -66 58 -60 78 
27 58 3 -84 -86 -42 7 18 30 65 -33 -90 -34 -64 90 64 82 -99 -42 -72 16 85 45 0 -16 91 -20 -66 11 -36 56 70 -23 52 -41 -31 -37 -39 -28 -2 15 92 31 -67 -21 20 52 22 -99 -36 40 33 65 34 -78 76 -42 46 -8 -63 -19 80 -80 -44 43 -39 -37 91 -46 -21 -27 65 98 -3 -54 -65 -93 
-2 -50 52 70 20 86 -66 -60 -70 -12 11 62 -82 26 30 -65 92 -78 -60 -79 -10 2 -64 19 73 81 48 1 -73 44 63 -89 75 91 76 51 8 -55 -34 -69 39 87 -9 -62 36 80 12 51 -99 -21 3 49 84 74 -75 88 -2 -92 18 74 -1 69 -69 -71 -29 -10 -40 -20 78 -46 -26 88 11 67 98 51 68 
0 -76 2 52 -6 82 93 -2 15 -74 12 -41 89 65 -89 9 -23 15 29 76 -66 -18 -80 36 83 -53 37 -82 44 31 66 65 -43 -18 70 -29 -54 -32 78 -32 11 -38 73 -49 24 5 -44 47 24 57 -76 -58 -43 -6 -62 -12 -17 53 -61 -73 -31 -88 -67 38 89 -55 -30 -31 12 -14 -96 67 -76 66 -77 -8 74 
78 62 89 16 -77 -50 37 49 26 20 -61 21 -90 -28 28 70 70 38 24 -43 -33 -85 -85 -50 10 -63 25 -45 83 -57 27 43 52 90 34 66 -81 -16 -4 -18 26 -33 -62 96 50 35 19 25 -8 92 -83 37 -21 -59 -44 -65 -32 22 47 -81 40 70 39 -57 17 2 -4 68 0 61 73 10 -78 -5 22 65 48 
-1 41 -87 -53 62 2 -27 -11 4 83 -79 13 39 1 70 -13 0 2 70 -88 96 -49 -40 -91 0 -84 -8 79 65 69 78 -20 71 -16 -71 -85 10 -91 92 24 96 5 -38 -14 5 -79 -26 0 52 99 -59 -7 -95 43 -26 37 -71 -99 21 -52 67 -58 -10 -30 14 -87 16 -7 -22 -88 40 3 37 -37 -14 -20 38 
0 84 29 60 -38 27 39 46 84 -93 -42 -38 10 83 -42 -91 71 -60 -64 -26 -27 88 -48 -6 -54 0 -18 -51 30 -2 -38 -79 -5 8 -48 81 -52 -2 76 -23 95 35 40 88 30 53 23 41 11 54 -37 -26 30 78 -60 0 -74 -28 62 91 62 -24 6 95 63 83 -34 -96 99 35 -33 -23 27 -70 -85 -36 99 
14 -92 46 -8 -39 -86 59 -17 -99 23 -62 60 -6 -55 -32 34 27 -81 78 65 -22 -86 14 -63 5 52 -70 -52 41 -61 -21 80 -76 -70 -60 19 91 -73 -95 -35 -93 39 80 -49 -38 40 76 -72 82 -50 43 29 62 30 -67 52 14 98 11 -69 -18 73 5 64 -73 6 -62 -22 -9 -86 -29 53 -25 -38 63 0 -57 
87 -48 30 85 -20 -34 -97 -65 -16 12 98 -90 62 -19 -2 -92 53 -77 -65 63 70 -57 -22 18 39 -80 -67 -84 -71 -46 2 -16 -90 -99 -83 -58 28 -16 -37 -18 20 31 60 -86 -60 93 -99 82 -58 52 -21 -30 61 -74 51 -68 -69 94 97 -86 -19 -91 64 -98 67 6 34 47 -33 81 42 32 41 -31 20 79 33 
-55 -35 -32 69 -67 99 84 1 -67 61 32 -38 -39 -90 70 84 82 -23 -8 63 -70 10 23 19 46 29 -46 -5 -46 88 72 48 -53 -8 -9 -92 -86 85 -57 -36 15 35 -11 -35 -12 16 -3 -95 31 -41 77 -47 -17 62 84 96 53 40 -20 -63 -32 -96 -92 -93 61 42 -8 -60 98 -96 10 -39 23 75 -28 -72 -32 
-70 -74 5 72 -3 -60 12 -97 67 -49 0 -69 -43 43 89 -72 2 93 87 75 85 -46 28 -16 71 25 -7 19 -14 34 88 -44 73 98 -93 65 -21 -38 79 88 27 66 88 84 30 26 -85 73 89 -51 70 20 12 -66 -79 79 -73 12 -63 -58 -4 2 44 17 -71 16 61 -98 -31 -17 -90 -89 69 7 47 17 -19 
-5 74 66 -65 -69 6 42 21 37 -18 -51 93 4 -52 -19 28 33 -29 46 -35 93 -39 -79 94 -29 -15 28 45 -66 -85 7 53 44 8 -11 64 -76 -89 16 -35 52 -78 -19 44 61 -48 -6 -88 51 56 -51 -59 -18 80 -44 -97 -27 -49 54 -31 -67 -38 -23 -98 -28 62 -89 44 23 33 38 -4 30 -15 98 66 -67 
-48 -49 -17 5 61 78 -65 7 -62 -54 -50 -94 9 -45 30 54 65 56 -48 -71 -35 -6 -87 -89 79 32 1 -13 10 -26 23 -29 -74 1 -67 70 -9 -95 -98 0 -89 95 91 -35 -40 1 -68 0 51 23 -19 8 -55 -97 -3 -76 -93 46 25 -69 70 -67 5 83 -72 42 20 -46 -87 98 29 62 -89 -75 79 -81 -12 
49 97 1 -6 65 55 -3 69 -17 -23 -11 67 53 99 93 -26 9 -26 87 16 -77 80 56 -8 6 53 83 -15 33 2 87 18 39 -94 79 63 48 22 41 55 50 -6 47 16 50 73 -2 36 65 -25 -25 2 -33 -78 51 -9 65 91 79 -47 -26 -70 -35 -77 47 61 79 84 66 -14 -36 -12 2 35 63 -81 62 
20 40 80 -76 -67 5 53 -66 -68 -5 53 -43 -88 89 -86 42 21 30 -33 -75 -25 -73 -52 -34 -47 24 66 6 18 -59 -27 -34 39 -75 -66 -3 41 -62 -16 54 -30 17 -29 -37 -16 79 -63 90 -14 3 55 -49 38 -58 77 94 -65 -67 66 -19 -89 65 47 -41 -54 0 24 -36 61 -55 -62 2 -70 -13 -48 -65 69 
-39 -29 6 -37 -9 38 19 -76 -55 94 12 -34 -52 -89 -24 6 -33 -55 81 12 33 -11 -88 -67 -67 89 39 16 -40 49 73 -69 -84 -65 -50 0 30 0 63 -41 -10 -62 81 47 -91 -34 -27 50 -40 93 -76 -89 18 9 -98 23 -8 20 -20 -25 75 -94 31 -61 -54 -72 -8 -40 -71 86 -80 -60 -95 -66 18 -22 21 
-26 62 -32 -89 27 -75 -83 -22 24 29 19 11 1 -22 77 16 -72 32 -15 14 -80 -90 -18 -63 64 -97 85 5 17 63 1 5 -17 85 -83 8 47 -50 17 40 89 70 -68 35 -4 -52 75 89 -94 -98 28 55 -41 -32 20 61 -28 65 94 -63 48 -84 51 -28 81 -79 62 49 69 99 40 -90 58 34 11 -64 -27 
-37 51 42 0 72 -19 91 35 94 58 47 -99 60 -87 15 19 -72 66 -4 19 52 52 90 35 -45 -26 -14 15 60 -11 -6 -92 32 -59 49 51 26 -35 63 64 -62 -68 -26 -18 84 -91 33 14 44 62 -69 55 -35 -61 -34 11 37 -74 81 65 12 58 -97 46 -17 79 12 -35 52 45 -35 -58 46 10 30 -57 -61 
-59 11 45 42 -82 -85 41 -85 22 -8 86 -47 8 -84 -40 -78 66 94 -62 -95 16 -53 66 -72 -47 99 -69 81 -72 12 8 44 67 73 44 32 94 -39 51 -86 -94 -64 -78 73 -75 42 97 72 -75 -82 35 -95 0 -23 81 30 59 -68 -76 28 -63 -56 -91 9 18 64 72 6 89 44 86 -44 59 82 -26 -37 -51 
-97 17 -32 -48 -69 -89 -72 -87 97 -42 -97 -29 84 83 73 -22 65 -49 55 -37 -56 14 -81 87 36 71 -92 -25 62 -98 -89 -33 -18 6 22 -76 -90 71 -5 -55 72 38 -66 25 11 -17 25 8 72 52 -11 77 -45 79 99 28 -77 -56 -87 -26 -33 -83 -1 45 -99 -97 31 -73 -3 -53 -99 10 -75 82 57 45 -39 
32 21 -9 -31 95 26 15 -53 -2 -25 -80 54 -17 -11 20 48 -98 71 36 -57 -45 72 78 92 32 82 83 55 10 -16 -9 -84 -7 -20 -35 24 95 -77 -53 25 42 -53 36 79 54 -73 89 83 84 -21 -81 -36 -33 -83 -55 -66 30 8 27 -85 87 13 61 86 -46 9 22 56 97 64 17 34 -85 -98 -14 -90 -92 
-3 -43 43 -6 0 -76 5 67 28 94 59 -94 57 -24 67 -99 41 74 10 75 97 32 59 70 15 -59 76 39 -2 56 -48 82 -60 -13 53 -56 81 47 -55 -78 96 -8 29 97 -33 77 23 60 22 42 -46 50 20 -51 87 8 79 56 71 40 -33 -28 40 -98 25 -59 -68 50 -62 42 -6 23 -1 39 -61 36 66 
-18 4 7 99 -86 8 47 -39 91 -21 -30 -33 -11 -67 -47 81 25 79 -42 6 63 64 -28 65 -35 1 83 -80 49 64 32 9 0 85 -3 43 51 -39 72 -39 -86 -69 -80 79 49 35 45 -63 -63 -1 -38 36 33 44 56 39 24 8 -65 -98 28 -71 34 -41 -5 64 37 -48 9 1 -51 -30 0 59 28 -41 23 
-71 -43 -22 -85 68 -36 -72 -3 -37 25 -57 34 -20 1 43 91 -42 12 -67 36 66 20 -34 -55 -86 -39 48 17 -48 66 -72 -9 -97 -77 -23 58 -67 -13 95 -30 -93 51 -15 -12 -56 47 -29 -76 -59 66 17 -24 -41 90 47 10 -9 14 -53 50 -16 -15 47 10 -59 5 -59 75 -11 -68 14 98 92 76 39 33 59 
-85 93 -49 -33 -15 -43 -24 -63 11 55 18 10 80 32 -34 70 -18 67 -52 28 -13 -46 -53 37 27 61 14 -36 64 -74 95 96 21 1 -99 -97 -9 26 -16 -32 70 54 -51 -53 -64 -93 -30 -40 45 -59 87 -1 -10 25 -35 -5 -39 -92 13 52 -8 -95 23 -63 86 40 39 9 -18 -69 4 72 79 64 4 30 -20 
73 26 -82 88 -74 -93 99 -31 65 88 -4 -81 -91 -51 -93 22 0 64 -76 38 -24 -9 54 -41 -2 20 33 78 -29 -99 -55 28 32 31 77 69 86 -70 69 -35 55 -4 46 -52 65 -13 -37 -48 -10 93 79 -58 -91 75 41 -98 79 17 89 -28 19 -79 -69 -89 56 83 30 29 99 -45 81 -8 14 2 -67 -77 -45 
5 86 -51 -75 8 -40 52 5 -24 -4 -38 -80 76 40 17 -29 -17 -35 32 55 42 73 -40 37 72 33 -58 82 -23 29 -8 -90 -62 -68 23 -67 33 -52 -52 -56 -71 1 33 -7 1 10 -58 -79 8 -46 -12 64 95 60 93 53 -25 46 21 26 -36 -20 19 81 -42 36 80 84 -17 35 14 -55 -57 16 -79 -92 -24 
49 89 14 -72 15 6 -44 -53 73 10 21 -8 66 57 -39 -32 -51 11 -27 26 67 62 -48 -33 30 20 -42 -44 -58 0 87 -98 -32 -73 -3 55 84 17 -81 -53 18 -32 -43 -47 64 -49 -36 -29 -59 -9 58 -25 -64 35 9 -81 -7 77 -80 -23 -61 -41 -72 4 57 -97 41 27 16 75 84 55 -25 -31 -45 94 37 
-7 60 -70 -7 63 34 70 54 90 39 83 58 -16 -59 -7 -85 75 -51 46 -50 -75 -49 -84 2 32 90 -45 49 99 78 26 6 67 -77 21 82 48 -35 20 -91 -44 36 -89 1 94 -91 -37 12 0 -54 55 59 -43 -70 -48 -58 67 -58 -35 73 -56 18 -45 -19 88 79 -77 -95 65 69 58 -51 -37 -22 73 81 -91 
-15 76 52 38 -34 86 -60 -65 -76 -62 24 84 75 -62 -1 46 67 -77 45 -54 83 -53 -83 40 -69 92 38 34 -46 33 65 16 -95 -14 38 -35 71 -18 -52 29 -60 99 63 -10 50 -86 64 -38 50 -74 -81 75 -29 -92 9 21 92 -55 -78 -28 81 -92 -47 -98 -19 -65 30 -64 69 57 -59 -48 -42 53 68 0 19 
-93 -19 -26 18 -14 -50 87 -86 -63 60 86 -20 5 -26 33 -25 1 44 96 0 68 -12 23 57 32 -31 58 -67 -45 53 -31 43 -96 45 -28 -48 97 96 47 44 57 47 -33 60 26 -58 -91 0 -31 1 89 -79 89 91 32 90 99 -42 -23 6 21 57 7 -6 -29 -49 -90 -41 52 92 -42 21 -92 -8 88 -45 25 
-76 -68 55 -83 85 -86 17 16 -3 -40 -46 38 -93 -32 52 52 47 -57 20 -55 -61 79 22 -30 -34 -81 -58 -10 4 3 33 -36 10 54 -62 -79 -89 -17 3 -63 6 -18 30 -53 7 96 -27 32 -12 34 -20 -59 -37 91 -42 7 -44 99 21 -80 23 -51 -5 16 10 66 20 -69 -32 39 52 71 83 65 71 -74 -33 
53 73 83 68 -16 -67 -53 -59 -43 79 85 67 -54 3 92 -76 -33 69 -49 -56 -44 51 -26 -58 33 -2 -2 45 -1 -23 57 48 -66 62 50 54 7 -45 73 -30 81 32 -92 75 -33 20 -66 -1 74 -57 -43 -49 -55 -3 49 34 7 15 48 24 74 -65 82 -49 23 -89 4 35 -35 -65 -81 -83 -73 29 80 65 -44 
14 -42 60 26 27 -31 -17 89 50 -62 -53 -91 82 -21 -80 -56 3 53 -61 38 -72 -40 3 53 -63 -61 74 13 19 -24 58 -22 -51 90 -39 62 -60 71 13 -61 -89 14 -34 -42 -15 -62 96 -45 -63 0 -35 -46 -57 -80 -72 41 99 -27 82 -21 -79 -27 0 -27 -24 1 51 83 64 46 -14 14 43 77 21 -42 -53 
34 -82 63 -2 -79 -44 -12 14 -68 81 -1 -58 13 14 -40 11 -17 63 -44 -49 -92 32 16 72 -64 23 13 -61 -52 81 97 -60 28 -71 -56 -98 -69 -89 -23 -37 -75 -97 -61 52 81 0 -39 -40 43 -43 82 -67 -7 45 9 -41 -59 -68 49 14 -61 8 38 23 57 -22 -97 -55 75 -92 -92 47 97 -10 77 -15 18 
-97 12 17 85 -61 -75 -46 -12 77 -38 53 89 -2 -38 -2 -53 -19 24 -58 -61 -19 -84 -3 28 -5 -57 88 55 -33 24 7 -35 -84 79 -18 -42 64 85 -76 -1 40 -4 -15 -36 -1 21 -46 -3 59 -33 -2 4 71 -37 -96 -82 2 -80 -29 93 9 -8 -16 67 68 -84 -45 43 -24 94 76 -90 -70 32 -60 8 -69 
63 96 -8 95 75 18 76 12 5 13 -17 81 -50 -67 83 -1 56 50 76 80 95 -23 -39 -36 14 86 -23 30 -71 -45 -40 -33 55 23 -93 21 -79 96 -90 -1 -60 -57 -39 -68 78 -20 21 0 -22 -45 -49 -75 7 -4 -7 22 -78 -73 66 -6 98 -52 88 46 -15 -27 -6 -55 3 -49 87 -21 -98 -60 77 12 -4 
-34 -26 22 85 -62 96 -34 -38 64 48 -28 -46 -29 12 12 -13 89 37 -86 -81 -29 21 -40 -27 -16 30 81 42 73 86 -88 -89 77 -44 -5 47 86 54 -63 -33 -3 91 -26 -3 70 -79 -83 41 -88 93 55 21 -77 -37 45 60 -59 -9 -16 39 78 -46 95 -22 46 47 -16 38 -28 84 -92 60 -49 -85 -12 -58 -39 
9 81 31 7 -91 -80 26 -46 78 -63 31 69 39 -84 62 77 62 57 -15 60 -30 -45 -10 23 72 -77 15 -51 10 8 -47 1 -70 -95 61 -27 88 15 -10 32 91 11 -98 -58 58 69 7 -1 65 25 6 63 12 -6 -42 31 -30 0 -15 -86 -65 -60 29 -50 -53 -35 -29 -56 -68 -37 15 -59 52 -34 42 64 31 
-80 -97 -3 9 -72 57 27 41 39 -37 38 -93 65 -5 55 78 39 88 0 -77 39 -61 -27 38 -49 8 74 -58 0 -70 -53 48 -52 -78 -63 -74 -99 -58 -44 -86 11 24 -55 23 -4 53 84 -2 -42 -35 95 84 69 8 96 32 78 78 51 -34 1 14 11 -22 41 -23 84 65 -29 -20 36 -43 11 -57 16 6 -72 
55 25 12 -90 3 0 -42 12 -45 47 -8 77 43 87 28 57 -29 52 -93 -34 30 96 -12 12 -81 46 33 53 13 -83 -54 51 -29 -52 -10 -29 -53 -8 -42 -80 -71 85 -48 -24 -42 -6 -13 -9 -97 -16 26 -38 20 -54 -70 -23 -4 -46 -1 -80 -97 41 -2 -45 -19 -69 25 31 70 35 -3 9 13 -44 -61 -21 -42 
55 -90 -28 25 -66 10 87 -40 36 20 -61 -77 29 -18 54 35 99 13 86 93 99 6 93 62 23 67 -62 -20 -81 -81 -95 33 7 -80 5 45 -90 58 41 -63 46 -65 -51 -13 16 -80 67 83 95 71 29 47 -95 32 35 -65 38 -2 -26 -69 -79 -65 -1 32 61 -34 -59 -13 -2 12 83 -85 -14 36 42 49 51 
-6 34 -18 -87 -88 55 99 -32 -4 -4 -37 -73 -99 -13 58 -44 96 -14 -79 38 24 34 -10 -40 34 23 -30 94 89 9 -48 -4 -44 -95 -44 -62 -1 -71 93 -13 -48 -72 65 -43 -76 60 14 9 82 -38 41 88 50 -98 43 -69 -14 93 43 -66 2 -51 -98 70 -63 14 89 30 -71 6 99 61 -18 34 -58 91 77 
29 -87 31 -57 -1 -8 83 35 -43 -44 -76 -67 53 -98 32 -81 93 12 -69 58 83 7 -26 84 16 9 30 -89 13 49 84 -67 6 -51 93 -79 -55 -96 21 28 88 -69 -75 -31 86 92 -23 -56 85 -27 -45 51 16 -76 -12 -51 82 44 94 63 54 0 12 -41 -5 8 -2 -30 77 -46 -25 3 -77 0 5 72 3 
46 93 -83 0 7 69 -88 -54 99 71 8 -11 -47 -56 -68 -29 -94 -93 -15 -61 83 90 -19 71 -24 43 -59 78 -43 -29 -79 -36 -7 -21 -40 38 39 -36 -38 61 -5 16 17 -32 -88 40 55 -34 42 -69 31 37 26 14 79 64 21 -48 -18 -84 30 -37 66 -44 49 -11 33 24 36 -64 97 28 -48 -80 -64 -2 60 
99 -1 92 -77 -6 -58 21 11 58 68 8 53 37 -30 13 17 -40 72 -12 68 93 -91 8 -36 99 -87 -69 5 -26 -61 -1 83 8 -8 -47 -60 -95 87 23 41 27 -69 -82 61 -35 69 8 -86 79 -61 48 -86 -20 71 63 -1 11 52 -25 -80 37 -42 35 0 -67 3 72 -75 -54 -37 81 39 55 -91 87 11 -88 
34 38 -43 -17 -24 -85 51 -71 51 -90 -20 95 -63 62 -1 -25 -70 34 -80 -5 -37 62 32 25 50 57 56 99 -65 52 93 -70 47 97 -21 41 -74 -84 -34 -52 38 -12 -5 70 16 -69 -23 25 -31 56 -19 70 88 -40 -66 -73 92 39 68 -41 52 -29 -24 -78 -58 -1 74 67 51 28 -33 91 60 -80 -93 81 -31 
61 -23 98 36 79 33 -40 57 -52 -36 91 57 -37 74 -89 33 96 -44 -36 41 -95 -86 -32 19 26 -70 42 -73 68 49 98 54 -78 5 28 21 -11 -69 16 71 69 -27 95 63 -89 -1 -75 16 -56 -19 -92 94 -47 -63 -99 -68 -11 92 85 -56 75 -59 16 -56 86 97 27 -48 81 -94 23 83 87 48 -27 -51 57 
-97 55 35 35 41 -18 41 50 35 59 11 42 71 23 -15 -26 -36 55 -32 -75 52 30 3 -46 3 -13 68 28 -35 -54 89 29 39 -13 -48 -88 -25 -12 31 22 61 23 -88 4 5 86 80 -71 18 -60 -3 -60 -50 97 96 -86 15 61 29 38 -46 -68 69 15 27 56 -38 90 -12 98 -38 -7 20 31 64 6 16 
-29 -6 -83 68 -99 -15 -81 -93 -13 65 -8 74 70 -92 89 -67 84 10 -54 87 -16 14 -46 -68 23 59 -72 20 -46 -28 80 50 -30 -72 63 -74 -69 37 -3 10 -90 -70 41 -49 64 -10 77 8 -46 -53 6 67 -51 7 -82 -85 -61 -20 -12 -93 57 95 86 -80 93 -84 35 48 -89 66 -17 54 -63 -98 42 -33 -95 
