90 99
2817 11959 20655 23865 -20425 -24058 -18694 -26534 21573 -19479 -28584 13151 -11009 19828 -21750 21589 -1236 -19230 -21403 -23072 -7289 3964 -23259 10244 28403 -3960 23138 27106 16541 26183 1440 -20836 -11810 19883 -14486 25480 24742 23730 -2747 -17514 -25456 -14808 5938 13292 9695 29505 4992 -18359 21732 16259 20906 -8641 14156 20188 20467 -3515 24538 -9600 -18847 -20747 -8956 4362 -19074 3312 -22415 -26164 -28385 -18080 26126 20640 1444 6389 -11668 21377 -10443 -16481 22024 -15789 12070 -17822 -9490 22878 -21361 -17290 -10460 -22856 -2423 -27245 -7087 8651 -16026 5470 15819 9290 -24084 6982 -12806 25146 10994 
-7731 26189 -25073 -1866 163 5255 5405 7615 659 -6481 -20838 16938 28855 -6433 -7184 -5160 -28834 -1560 25999 -19955 -2188 -4850 -1086 -13945 22962 -29367 26875 -24175 -14473 28658 -18676 8456 7997 4042 -24811 28591 -13336 8769 -613 -472 11264 19053 4310 -1053 7836 1986 4774 -22195 587 319 21152 11393 -6593 -24126 -24374 -19370 2415 19335 -20523 -4552 15913 -3143 -16098 14413 9942 -6297 15137 -23700 7912 2256 -18223 29532 -11236 3227 23363 -13369 8642 23072 28741 -9860 17365 27098 7348 12569 6215 18712 3486 16570 517 -22960 -21145 17920 8929 -26936 -4260 -7 12130 27065 28835 
-26774 13392 -3266 -16955 -22813 -1015 29988 -22655 -20341 -2649 14115 9682 3046 21480 19758 -21119 -6811 -4304 -9909 -20893 -27311 21458 24979 -7148 -4484 28646 -18210 -7505 3883 20627 -7957 16188 -24892 6778 6848 23029 5831 -18540 -27823 -14345 25924 28734 17039 5693 14146 22749 -13660 -16500 14950 11612 -26514 -16565 20861 -16927 -17627 -24439 1950 -27693 -22640 -27680 -12181 18996 -18085 24980 12635 -2572 -15551 -10167 11605 -19251 -22719 18091 -11573 13275 21268 22369 -3053 -8485 21666 -15023 -5316 -16392 14826 -27973 -3988 -6114 -642 6429 25522 -26197 3399 14132 -18545 28302 -14060 -20492 -22082 22775 -9423 
-19589 -20652 26087 -18161 -1050 26244 10148 23726 -12807 27159 3503 4138 15721 13739 14395 -18645 -10089 -20960 -15708 -11259 -14023 -7906 -21783 -21161 -13704 24117 17110 19993 -5509 -2814 -6891 6014 10016 -20990 9487 25136 -27882 6391 -20730 28835 27601 -1358 10116 -18936 -25127 23550 8873 29270 15382 3543 -19899 -4214 25632 9306 19580 24100 -20744 -7540 -21483 7496 20314 1910 -21920 -372 7668 8136 7391 -2131 20745 15970 -23898 -18522 4848 -28041 -8141 11421 27276 25577 10579 -15498 -13823 11006 376 1745 27162 -7427 2214 -27889 7097 14956 24987 -15679 -22689 13951 22365 -25045 16266 15108 -5238 
5131 -29295 -6436 -6029 12208 -10143 7101 14890 -24456 -13699 18152 7764 13629 -12883 -20117 6329 -3586 -12023 -17476 -19812 -25703 -12108 -10008 18686 1156 7919 -11017 -228 -84 -17031 -22424 25968 7624 -20693 -26743 -21001 -6818 26582 25931 -25179 18401 -13431 7104 -26180 7462 27533 -15142 -4446 16976 11122 2156 -10001 -18215 -22624 -23839 1144 18035 8786 -2688 -15011 -3036 -28684 18100 -10021 -20594 -29596 13348 -10189 -6775 14761 29423 11322 21118 3004 5764 9080 -18296 -20244 -17849 28918 26649 2868 -21673 7909 13599 2989 -5091 -8426 -7930 5574 6044 13715 -28951 -17444 -27655 -25335 2530 8162 204 
12472 24005 2774 29970 13134 -7968 26452 -4961 27214 -14929 -20985 -27506 1434 -24843 3168 23732 26161 27529 15050 29906 -24095 9951 -16065 -15665 -10843 20376 17034 24107 -27350 -9416 6049 -28767 14225 -17929 26219 -17464 17928 -21813 15307 -3025 -8835 -3660 7229 20881 1184 -11293 5432 -23537 -24885 23179 -8153 -1928 -9218 -10709 -5543 3631 28396 17362 -8674 -17971 -9006 14739 -20416 27992 -9327 15473 8191 -19299 20520 -23013 28604 -5788 -9696 28288 23945 12240 24856 23237 -10567 13795 -1708 -1223 -29142 12298 22358 4317 6791 9522 -5877 -7457 11084 27268 742 -29487 25920 24334 -29153 -21060 29285 
10366 23223 9431 12875 26578 3047 20112 3604 23353 -16640 -15409 -26981 -24711 -21756 -29834 -12365 9660 9579 -22384 93 -20419 -10287 -15710 -20485 -17513 10497 12144 4721 -21748 -22581 -16613 -27597 3058 -5853 16426 -12153 -26226 -29642 7930 -6177 -23485 18227 -10048 -10582 -3988 -7658 -4686 -19666 10156 14446 -14024 -3231 -901 -26128 -14669 -10598 21725 -23712 -18697 6476 1690 5988 21558 -8723 17268 -15724 -26862 17972 3062 -17731 28043 9134 19405 -18804 6888 14780 26833 9539 -8953 391 7428 -28023 25846 11489 -13048 15403 -14384 -22643 -20420 -3325 22633 -28343 -13114 3250 -2817 -15759 20388 17650 1099 
29365 22916 -23067 4247 -27447 25381 -15062 13166 -10482 25950 25027 13310 -1386 -2619 18876 -21962 -27650 6441 7613 2403 -15341 -1618 -9775 4938 14981 22475 -15745 -24814 9299 17311 -13945 26998 -22865 -9118 -18902 -17843 23587 3180 -11191 -13620 6095 1544 -29249 25929 16996 -4372 -23068 3984 1997 -28160 -9761 3775 14914 -20834 -21004 14099 8548 3729 22350 9473 17441 20430 -14424 19921 -12505 -12498 -15987 -7628 -27522 -12069 18879 -484 17530 21321 4831 2484 19068 28830 24163 11023 -12314 12784 -6348 -21049 -25081 -21088 22449 16101 -28702 28331 -9441 6218 15780 19637 -6402 22728 19818 -1387 -2576 
9903 16726 -28816 27315 -3495 8193 -10486 1900 26150 -16947 -9634 13227 -29690 23882 -22394 -19375 4274 27063 -12895 -7050 -14431 -12601 -25235 -896 -11974 17410 12324 -14693 25783 -13838 11613 4419 -8465 -6167 -7689 3191 -29890 -8992 -21743 18085 7601 27478 7928 18824 -24097 9487 -6570 -18346 998 9581 -14275 5247 -20075 -24903 20897 -28091 -1162 -12929 3385 11611 26945 -1099 -26509 -24768 24613 18317 -455 -10694 -4405 -28337 25299 28510 -15009 -15008 2353 17017 -25855 9411 12392 -10262 6271 -28856 -20744 24979 -21519 -17767 19271 -9904 -15709 -432 5211 6972 1576 25632 -6902 -14376 27147 -23147 -6381 
-1515 -9276 22135 28857 15804 -4049 -11382 -9054 21373 14075 -11437 -4440 -9625 22640 28609 5321 -21685 14751 -10851 -1814 22711 -15036 -15514 -7696 18088 -22537 -18971 11124 -21494 22365 -28127 -2237 -24842 14240 -13794 17623 94 27895 25946 -21671 -22954 -5368 -10848 14794 -8437 -156 -20059 -8522 18306 -3256 1313 -17480 -390 -26069 -11271 -8232 9776 -20190 10150 15005 11875 -24066 -18228 -2288 -17366 26532 4223 14302 9005 27221 15546 11348 20326 23846 -10428 23034 -6200 16367 21928 18365 -15280 -28020 -23811 2723 4316 -23231 -8299 11711 -14348 -22396 5701 -1874 -18771 23549 -15921 -28303 -13275 890 1830 
19099 17666 10199 -4526 16728 19553 11120 20459 -16240 9916 -6322 -437 368 20547 17531 504 21500 -13368 18445 -4693 -526 11621 4517 19659 -22563 -22932 19613 21176 -19549 -24260 -19550 -22523 -9719 8703 -22505 24734 -23952 -4199 6302 28726 18993 4086 -2569 19306 17549 -19547 -27773 11049 25265 -13922 1136 6050 -24570 -18907 9413 13555 15400 -12612 -18555 -11464 -12793 9509 -22247 -29711 -1368 -2244 -27312 -25514 -26664 25330 26003 511 3372 -10714 -15157 29756 20424 5218 -2235 -22605 -2974 29855 28228 -25465 21236 1022 -27446 -16424 16216 -13563 4177 -1756 -22304 25712 -16219 24300 16749 -25914 -25294 
23712 26006 21508 -4334 28597 -8957 -29300 -1636 -20508 -27013 -8001 -11901 -9831 -11080 2545 14144 -23534 25415 20280 -26478 -4798 -8341 -29035 27775 14523 9849 -17059 -16201 14701 -26070 -24842 24625 13675 -621 28799 2907 3267 22829 -6847 17053 17782 -2831 -5834 15258 -14883 -23540 -867 -807 28351 -19501 -26496 -11869 -22711 -12605 -9782 28149 19734 -4695 25239 14430 16820 -7033 -11653 10978 27247 -26650 768 -832 2306 -9568 17856 3959 25299 -10897 -14158 -8293 27421 -21809 -11200 -7643 -15514 -23385 -6983 26481 1696 -27338 4054 11598 24862 -13610 9442 10642 -24066 -4846 -6476 7528 -13775 -7738 18478 
14721 20995 -1254 -24330 -2401 24279 1728 25911 24491 14603 24841 27419 -1575 -28118 -4461 -16557 -676 786 28371 -7605 -21920 -14876 -20862 -26356 -12074 -7348 12212 6936 -14947 -20104 5026 -20495 8686 2119 7466 25771 29929 3445 23343 -11534 14840 11086 -29092 20902 17026 -26759 27622 -27532 22314 -26514 -29033 23686 20415 -12247 18218 20172 -3461 -5073 -29336 18161 -11411 -10579 -27157 -12882 14338 15960 15285 -29180 21590 19015 -11257 8965 27826 -29030 -8517 526 -5921 -9531 -15259 -19723 -6757 -2914 20154 3049 5882 -16947 -4946 -2578 7041 -3149 -3925 -22779 12592 -17047 -273 9204 -10788 -20302 19291 
-19059 9936 14711 -28490 -3644 -29434 28092 -4570 12668 17682 -12031 -17265 10443 26867 -11518 -65 23945 14618 -6445 -17813 -22765 -22549 -24986 11182 -10915 -11666 -18854 8018 525 -14647 -10427 21564 -17411 -5013 -1754 25558 18511 23151 5430 -6208 21205 19235 17355 1034 -24507 -13004 -21361 4595 22128 -423 25712 -11087 -17421 -27223 11490 13814 -10196 9304 2844 -21533 15411 -20028 -19120 1684 -23737 -24371 28864 -20480 -24004 19964 25703 9884 -27514 15003 -16099 -1456 4230 -23030 -8974 -17075 -848 -14596 7220 6536 -20737 -5797 1071 -12024 -25751 -13682 23364 -19462 29925 28540 26662 6731 15040 3058 -2261 
8772 28064 -8359 11069 19555 -10471 -16910 -6357 926 -19426 2306 -18392 -28335 859 -25935 -10938 -3426 14401 10509 9637 -13518 -10205 10473 -22260 17946 -27631 19296 -20839 -1286 5821 -3624 -15668 -23453 16130 -14322 11186 -16674 -16453 -14379 23726 19336 -27409 23694 11147 -6704 -10411 10740 14338 -8527 -17603 -11094 -595 3502 -13685 -22851 8876 -10629 -29596 -8906 -26931 -17428 -18082 6118 -20304 -15040 -11141 11340 23212 20198 9339 -4334 -21301 24077 -22995 17555 16273 18013 -25256 -12809 -2390 -6104 -27033 -14790 -4854 -4680 3820 21490 -60 28652 4381 21483 17724 -4737 -21325 28087 4890 -1550 -13537 -10398 
-21806 -26582 20504 -21200 -19679 -20044 8497 -11750 -10303 15593 -18647 23441 27565 -17926 16880 -6333 822 17257 -15734 -14563 -20155 -20660 -18054 -28637 -3499 -10294 -22552 -4581 -25647 8501 1257 -29983 -19125 9779 28825 -16899 16954 -19628 -23730 -11641 7270 -20272 1336 11435 -29834 13261 -28833 7958 4408 18939 -2057 -17745 11009 -2793 -24176 -9480 2041 28678 6266 28150 26295 8911 -19741 -6082 4829 -11246 20680 10857 18723 12721 -26009 89 28707 -382 21575 13090 -16667 -28876 22083 19402 9018 -24930 12913 -24209 11967 28695 13814 -10623 -8632 -1970 -24467 -18840 18055 -13297 -1928 2181 6074 -19938 19945 
-29996 8081 -26718 10147 -27455 13648 21751 15115 -12204 -3035 -19038 -23317 -17902 15563 27936 15931 -4630 -9874 9509 15532 -26178 26056 -29750 16659 24203 -19649 9677 8258 -29266 27520 -2309 -27997 -18741 5624 6509 -8460 1601 -28626 7711 -15208 77 -11409 -5515 -6726 -18193 -2450 -28161 16237 -27180 -29077 13876 -5393 27755 -4596 9097 -19842 -9285 27295 23569 -16669 -15823 21324 22315 23714 19015 -9448 -24488 -761 -17888 27674 9091 2607 5506 -11759 -17575 14000 -12513 -15586 3311 26459 17534 11420 -27940 -26963 24466 22035 24593 18519 6637 -14717 27989 -12602 -17839 7145 1411 -23472 20242 -25148 10547 
-4366 -29176 -2324 -24222 25563 -4792 11556 1985 4327 597 18381 28591 -6723 -28866 -26251 15343 11306 2923 -13656 18316 -4692 -26306 23133 3456 18996 8801 12141 18551 -21148 -19347 -5820 -22080 -14088 25829 -11611 28933 19829 11733 -25771 -3013 4398 19682 11743 -6706 -14656 1849 413 7228 -16986 17236 -12242 29848 7863 25843 -11264 -27987 6290 -29693 -10971 -10192 -18120 -20752 2059 3977 2243 -5706 -2068 -6555 -18655 -17627 -16875 -12427 -18401 -24504 4079 -27861 -25385 4657 18254 -12236 20069 -9018 28077 -16267 5034 -295 -5333 7100 12424 9004 15791 10287 23263 6382 11963 -28633 -8644 -4170 17727 
-7917 -2795 21274 -14838 -29493 -28026 7300 -11298 9761 -21537 -22964 21619 16512 -4117 -17379 18944 2155 -10706 -12211 -9058 -3812 22838 -2718 16261 293 -22956 25660 11125 -25939 -20606 4081 -20123 -1350 20501 -28972 -27131 981 -22462 27805 -26808 27611 23239 19944 19853 -13697 20196 28930 -10126 19591 -16882 11640 3661 28641 470 -14323 -9539 -29163 11075 15511 -12642 23288 -2943 25801 -8287 -22684 7523 24520 8724 1156 -28400 3256 -21518 -14116 28119 -26271 -29802 4934 6871 -7784 4406 -18155 23064 16132 7863 -9605 -5760 -24805 -282 -3354 18996 10357 7110 25573 17971 7191 18754 25249 -27114 29217 
12089 -21787 -20028 8390 -3835 -29482 -11302 20119 15812 28865 -205 -15551 -12068 14928 -6253 20734 -17884 -2220 16648 22650 -650 -16821 25598 -22124 -22624 -15186 15503 -13613 -5556 29875 27 -11862 -7196 -2141 -9036 -5443 19668 -21413 15416 17161 -9729 11633 13763 1343 -20895 4489 -10952 -27997 -7444 9505 -18573 -3844 300 21017 -17256 10235 4780 12020 -12853 27928 -20228 4891 -4512 8754 -1516 -8987 -14613 -24150 2425 -5114 588 10571 -20898 -6881 -8610 -11771 -26169 -18919 -29162 -17967 17766 -11978 -4475 -1874 -26391 -4900 -17848 -1613 -26674 -13468 4837 -10496 1801 -16129 6322 -3691 -10019 -26590 3449 
-11749 13014 3291 -24444 -1023 6165 -15752 13310 -10946 674 -7798 -385 8196 -7568 27655 4793 -27726 23580 24922 -28751 -683 -18901 -24422 23769 19181 16809 -16919 8710 -17972 -25176 -16720 9733 12976 29843 -16148 2113 26691 19876 16887 3927 -480 -14694 18205 21624 -23730 -3073 22054 -27466 -9887 4026 25041 -28842 19367 9557 -27274 19463 29342 -19286 -28089 -22426 20397 16958 8643 15155 -20067 8821 21391 6220 13249 3876 26429 -24026 -19484 26011 14721 -17381 -7119 8000 -28193 27934 4342 -17388 -16710 -4498 -17091 4237 11917 9234 -23842 -764 17971 -5723 17263 -22836 9128 -8904 -2758 -3356 -4225 
-26893 -13870 27512 -8022 -4672 -24569 -29909 -29426 -9656 28412 -3571 26590 -29136 -14579 -823 18885 -9595 -20778 16039 5745 17895 23040 -20277 22394 14352 22370 -27780 -2441 17670 28286 14355 -17355 -1759 -29229 17628 -22807 4428 9847 29170 11900 -27953 -15158 8506 -5262 1513 21582 18989 -28020 15510 -4852 -5556 -13648 -17763 -24800 -24358 24689 21567 27017 24261 10351 -15641 21387 20228 985 -25944 7499 28571 19427 -29360 -6929 4079 -9223 -19273 -22406 -19026 19727 -13002 13840 -24045 -18072 1122 -11237 -886 18021 18650 -4482 -27040 15685 8118 -2 12250 -2125 14509 4297 -6882 -22822 -22075 -24353 -2185 
14025 -3031 24927 2418 15975 -28118 22704 -8851 13001 19044 -17337 -5649 -495 -12805 29355 -7623 -8755 7872 4948 19857 23713 -22258 7625 29217 -14530 -3461 -6754 27726 -8069 -10280 12967 7818 -243 -6507 20451 19470 4236 16490 -26101 -19203 25604 -12579 -5561 20960 -24243 14438 26132 -8863 13243 -10242 16558 -1841 -24603 29738 3684 -133 1835 -9187 -5992 -23667 -9433 -18186 -4013 2315 -9224 8351 17613 -28020 13587 13891 -20146 8801 15552 -24045 19497 14634 -25773 -7398 -5992 25202 6377 28076 -7175 -9526 -1684 -3810 9477 -7469 -15806 -5878 16748 -3115 -27118 20919 -5666 -10021 19611 14629 18024 
-8349 -1107 -27324 -29887 -3867 -8363 1382 17633 28831 -9040 561 10857 24736 551 -11188 12159 26945 5788 15228 -23804 21196 25711 5221 1259 -11976 -8829 -1106 -3600 2782 17545 -8904 -796 8241 -21376 -11289 -27875 8122 -7054 -20030 -25954 23210 15497 10304 -151 -13060 -15657 6892 14371 -15631 5243 22241 -22964 -18783 8318 -26408 -19262 -13660 -29772 8875 -20987 19943 26671 12241 12540 -22980 16475 17789 24157 -2785 -22144 -12927 17946 24927 4101 -505 -800 -3271 19087 10003 4174 -4618 5881 20603 20755 -15203 7894 6127 -17991 9075 22651 -11851 -28502 -18352 18129 23204 17367 -25348 25984 16326 
6282 -6579 11649 10514 -4597 8641 -1307 -2540 17225 -15963 -15735 22835 -9429 438 21030 13566 8477 2925 -16208 8567 12184 -6628 17672 -15163 -4319 22352 563 17858 16889 25628 -6982 -13902 29299 15722 1088 -20730 4392 16510 -11069 25285 1352 19233 -17991 -25203 5496 -17125 -11522 -11880 14927 -11920 2526 15419 24078 22229 -22539 -1437 24112 3790 -20115 -9768 20217 11605 14050 25018 5758 -3937 -23477 29015 13318 -8193 -14843 25119 2604 -18676 -15750 4421 -5237 16212 5686 3799 -16406 -19660 -3616 15871 -23407 19284 22458 20801 21054 -2012 10429 19997 -13962 -8561 -19268 11677 5706 -12444 29335 
-28307 -4860 10848 -1583 25919 17905 27388 6404 15303 -29014 26733 9353 -15074 26711 -11114 3746 6613 17409 -28703 -10134 -10880 -25820 -3863 -2646 -17111 -22235 -19279 2216 -3381 -16693 29963 6679 -19046 20006 29133 -27745 29060 21679 5964 -24844 164 -14687 -25219 -5852 -18958 7142 -8754 24684 21834 -20821 28894 15771 6802 -16582 -3689 5409 -7174 16649 24042 -9973 7132 3767 -22716 11027 -9172 17242 -15206 -7284 -13420 -25849 12501 -23465 28819 27619 -25706 -16013 26201 -16497 -12550 5696 13225 25877 -5764 17076 -21194 9016 -3335 4860 3749 -6314 10635 -7121 -7431 -29477 -24423 15395 14125 22553 18726 
-11656 -25376 19840 -22594 22158 -28582 -20670 19725 -8167 25056 1075 -29972 13550 -29974 -2315 -12722 -29252 14184 26294 12148 -24643 27903 -7842 -4339 25739 26281 -13873 16304 -303 26843 9427 6850 -29814 -28805 -574 19338 -18316 -24267 -14202 -6310 18144 -11276 4675 15992 -2515 -8771 17372 -20677 -15006 -13397 -9091 -16973 -5900 -18198 -15343 -7938 -15407 -3183 4503 -17080 -13767 17766 -18850 -14237 -28214 25084 -2477 23330 -16832 18189 6076 -21994 -29274 -18111 -18596 -23081 -24357 13805 -25782 -8036 4542 -23961 -25581 -12156 17273 -10700 -430 1716 23206 5139 26415 -22973 -21304 -24833 9307 23045 10811 23089 7472 
-2665 98 20162 -1653 20811 -2386 -26314 -11637 -21208 18345 26765 -19783 -20707 5565 -28502 1437 -29542 14905 -18973 -2213 3455 -13715 -16652 -22159 -7703 25934 -3485 6786 -22932 -19061 -9199 4982 -22939 -18007 17500 -13795 -24294 25811 -24137 -20096 17845 21245 6842 -29111 -22100 3280 17149 19832 -18478 -22438 4081 7304 8440 -19014 -29723 -1783 12490 -8172 6659 -14772 11057 11918 -7289 -21932 7248 -7951 -5019 2864 1475 15380 -7332 27773 -27962 -17326 10725 1002 -13121 20393 -17527 21442 25808 -11016 24589 9815 19451 -18684 13855 12837 -26055 16037 4797 -14253 22077 -15838 18737 2745 -6187 4823 -15033 
-26719 -18888 14421 9151 -25966 14030 28354 12603 -10193 2180 -27108 -4763 14440 15879 -19280 -26562 -11356 -16775 -29804 6049 -20369 -14619 15046 5837 23713 8151 -4775 -22419 19345 -17851 21015 27356 724 -567 13766 10346 -13474 -6020 -23598 24165 -18920 5184 1130 -21486 14499 20537 -3374 -23563 -21039 -18192 -16955 -20807 26927 11903 -8217 25219 -9141 18937 20184 4713 -1156 17838 -16421 -29302 -27738 -28044 -11743 -29168 26595 11403 9825 4602 -26919 -15541 -17666 27820 -14793 -19126 16939 -6658 -25475 -18987 12217 -20131 -12562 -29127 6067 -25883 4021 -21594 21022 -19495 5102 -19241 18432 -15686 -8124 -10353 14184 
-1369 -19130 15148 -1303 10601 -11427 -4161 -9419 -21395 15997 28493 -1119 -4410 18776 -21943 25170 3523 24821 25011 -26614 -8266 -19340 -20779 -3742 -8143 5607 12658 1941 -18823 29742 -14027 -4419 20203 -12375 9728 -19799 -16354 17180 9451 -6595 7335 -26283 -12983 -24556 -22885 2552 -7343 12894 -7986 -28753 25778 5376 -10310 -13585 28650 -2300 -9534 -14594 26183 -9341 -18526 7955 -23098 -3277 -6420 5131 -25112 -4581 -3549 -6414 -17318 -16898 -28270 1327 4443 13393 -15646 -15916 -22970 29969 -18020 -26907 -5147 -5370 17454 -12742 4866 -28150 -10043 21488 -5413 525 2111 -15623 -29101 9088 8272 3697 8771 
-22416 -21376 8865 21173 25535 14324 24301 -12217 -21271 3758 -15479 4107 18474 25628 -29333 4339 7113 -22637 20297 -6585 10249 -3549 -23211 -23444 2884 -24392 -13107 1069 -27683 -21512 21870 5676 -27572 -6524 1771 -21921 25209 -23126 5880 23152 -19335 15786 25351 -13538 17991 -313 -23579 -12075 28624 -26298 17237 8466 -5051 21429 -24189 10870 21312 27682 -28270 -5534 12392 19391 20950 -8298 -11817 -23183 29866 27973 -16127 -29802 -14238 -1593 -16225 -27793 -17144 -1545 -15599 9075 -4693 24576 5419 6377 22048 22666 -16511 -12558 6344 -25787 -8201 21798 -6472 26530 14045 12662 -29735 16608 -4418 -23043 25389 
25236 -5993 -16979 -5047 9386 28086 23345 29970 15913 -5879 6417 5224 15562 -518 8313 -716 -8844 -26084 -23315 -19101 13792 13444 24053 20575 -25590 -971 -19575 -24525 8075 12143 -25291 -18074 7118 10012 -4785 -1482 -25876 -18559 -23506 -20440 21924 20910 14341 5222 -26253 -24436 25047 16727 24157 -22725 17576 29384 17980 4433 29261 -940 -1747 -9002 5884 -19119 -27671 19258 26619 -15158 4528 -20890 -20845 4218 -7910 18787 26841 -12665 -22361 10272 2348 -22236 15372 -5191 27017 21068 13265 -2890 26718 -11616 -28946 -16061 -9737 -5428 21535 -21466 -4841 -4814 -7867 -17533 1216 -1378 -25873 8830 10288 
-21427 9833 -7413 9413 8257 27508 21046 7441 21313 9137 -28302 -22162 2226 18324 533 29618 7720 -14787 721 5296 9400 -8986 29195 27196 -10410 -8633 6234 20770 28970 27062 -11540 -15740 -8783 3491 579 14787 -16326 25147 17812 14122 5003 -11271 -6786 25923 -16186 -28995 27110 -12653 -7122 -11098 8304 -3252 25719 -15635 -517 1203 12207 -7439 -22130 -14472 -7670 1503 -14223 -27327 -19461 28229 21928 -4028 23484 10563 2649 -14392 13355 -2993 11159 -1238 6435 12434 11575 29700 6745 975 6204 28419 14745 10513 1264 12613 24001 19258 19486 -9011 -4714 -10104 -9584 12678 24134 10893 -12602 
5700 23843 16538 15138 7754 3917 3025 29441 8548 13959 -3300 -10384 -22136 11012 5013 29313 23113 4340 155 14765 4677 7093 6558 -20072 8576 4840 -1274 27830 -6918 -976 -5829 -11244 -25868 -19014 -23355 -12359 -1210 -1739 -7587 27148 25791 -27245 13750 -27492 28838 1847 21308 -24 27146 29865 28593 1851 18149 20282 29312 -23155 -24857 -282 -20921 16664 22676 -25661 14883 3997 18096 18108 -18797 18892 -9261 9369 -20400 -7299 -8407 12279 -3445 -14354 -6182 28675 -25457 -28229 -27834 14181 -27361 20851 -11279 9865 4989 5502 -17043 20779 2452 -21292 20077 -1363 -17400 14503 -3448 -7737 28149 
-6817 23909 6855 -22684 -10409 -9336 -2546 -29540 19924 -8047 28419 -554 21321 -19992 7649 25492 -17596 -9821 19642 -8561 11381 -11824 -13564 -6776 -4419 26749 -18755 -226 -13904 10489 12011 24193 15714 14657 11748 3161 24498 -29016 -9035 -6696 10659 5808 5502 -27195 14192 -5933 -8132 29519 -5415 17025 -10912 -2497 -2560 13389 -23377 -12302 26250 17818 -26011 -17706 10844 -15284 -2542 -17211 2663 -18505 19095 -18051 -15083 -15388 20230 -7069 -20513 -8342 1850 13476 -19236 -25472 20990 -23476 -5139 -13644 12474 16770 -8305 3428 12451 -4937 -4490 -5912 -8806 -11687 -21465 -1397 18442 24989 22244 19958 1446 
11074 -15182 -13891 -2118 -20318 -940 -2028 6885 24993 -26344 -5924 29085 -28895 15098 -17930 -626 28849 -5386 -1130 10525 8090 -14344 11158 -20312 21514 9409 -19891 16322 -12807 -16538 11015 -28849 23451 -5311 -17464 18186 13602 -897 10741 -17531 -14841 -2910 2103 22777 -14809 -11122 -25635 -19167 23705 8068 -3184 24833 22669 18517 -1182 1204 4033 -5819 9333 -20293 13451 -25124 -21180 -28853 -13904 3488 -26547 19419 21578 16839 -5858 8213 3617 13825 -16324 29929 -17753 6540 -10010 -29397 23810 8120 -13781 -10113 27082 -17215 11112 19656 13589 19337 5786 1966 7203 -5083 -27453 26507 8653 -5232 19080 
24305 -26405 22719 26257 -20853 19415 11482 -28400 -25901 -21758 22184 11808 -113 29133 4810 -14608 -18601 -7237 -18143 -23575 1342 -22028 6107 -22814 -453 -11846 10994 14338 24360 -11418 -13560 -10500 28829 -17740 -29995 28315 14877 -7832 -15775 25647 23556 -18359 26383 -19280 -27615 -17145 4905 24857 20033 -16543 6504 -28696 29434 8697 -19770 21483 -2365 22663 14938 3836 2460 -3420 -8988 23749 -6478 22743 27619 -5907 17207 -11963 -24095 2878 -13253 -6589 24967 28179 -5701 -2817 22672 -11216 21646 25908 5006 -24104 14608 20439 1470 -356 1813 -12438 -26495 -25449 -8357 3380 9536 -29266 -28238 -16071 12049 
-20413 -2268 22404 11335 22409 22856 -22980 -1266 11756 15671 -8620 19879 7875 8175 13739 -13852 14926 25036 -21602 -19849 25499 -410 -21454 2744 26179 -7100 7518 10720 4989 22596 9883 -17238 20707 11983 -7250 -19888 -4054 -27724 21566 -6110 -10764 -26322 4524 25794 -26523 -1858 -25945 10748 -13788 -16394 14031 1049 20474 -7265 -7493 -28266 -20527 1236 19556 -15557 -26359 -15537 23836 24641 23168 5776 -2098 9646 -25127 -10719 -23880 7830 -13454 13955 -28001 17184 26350 2430 -25935 10898 10817 -11854 7072 28713 6348 -8991 25840 -15141 -497 815 -20714 4567 26315 -10549 -25090 -23215 -21672 10571 -20043 
-8002 -20443 22203 -28956 -12256 15578 22368 4020 8317 -4045 -17128 14617 7009 3640 -12090 17570 -13984 -11684 29698 19278 2950 25589 23386 -29712 25766 5296 18617 -18301 9414 -17596 792 -21681 19848 -22315 37 13326 -2717 20389 12859 -15053 20961 23797 687 398 29284 27384 -25277 9872 -25504 -12547 -10999 28089 8771 -12806 3998 12772 -14671 -1243 -28228 15629 -17192 -19817 -18363 5107 27577 10560 -9582 -21024 44 8638 -14228 -1070 24382 -7297 -5346 -29187 -25429 -4676 7088 15822 -19415 22501 -22004 10057 -27186 -6650 5199 -3614 4300 29593 -5368 -6731 -28006 -14712 22707 5917 21082 2490 -3700 
13583 -2566 28577 2774 -29542 -25349 -3733 -839 4392 10650 -15644 10696 14766 -19361 -2611 19324 -20465 274 -29122 7038 -13459 5172 -23287 -13523 -18766 -810 -26158 -10749 -7208 27755 22921 2751 20036 16114 -15958 22294 -25440 8130 -9795 -24403 16921 -7651 27913 6777 -23551 26484 -11442 27072 2097 27615 -19725 27064 1027 -5303 -12765 3680 -26392 -22059 -25533 16911 29573 22489 -14166 -4598 -16916 -24019 4033 -4088 -11234 24491 29673 774 15183 -16637 -16611 -3503 -6521 19427 25056 -16858 -25234 -6289 -15461 -326 22540 -211 -5965 -24325 -11767 5708 21712 23119 11110 17676 16042 -14601 -18257 17109 3555 
-6955 -16895 13700 15055 -12190 15086 15313 24366 -16548 25524 -14332 -27020 -27794 17662 20877 831 19373 -21717 -22913 18327 -11445 24550 23213 -1073 18796 -17414 -3209 -15860 15623 15592 -23715 -2774 7194 -19894 -12525 15132 28385 -10037 -18885 -11303 9087 -29903 -4841 8398 -16491 4662 13459 -27837 4253 -9780 23928 -12790 28525 1897 -3528 -17493 -865 -1581 -6480 -8438 28023 -7954 -19667 -27443 -18604 -5201 5234 26592 26597 -946 20058 5049 11792 6506 -22097 -27754 -7060 19019 -23615 -5982 2516 5450 21273 -19795 26552 8469 -3109 12348 -3750 14206 2382 -26088 19664 -1876 -18296 20814 -2482 25288 13594 
-23626 -21562 26220 -19036 10733 2839 -9677 14744 1152 -1113 -11014 8424 2268 -9210 4946 10465 17280 24013 26423 -25911 24517 -9376 23385 3308 18625 -25907 11391 -10430 23639 -17629 -20124 6872 17922 -5515 -11768 -23525 -10980 -27900 11263 -28922 2157 7761 -28432 -22467 -1195 26884 -11990 -24521 -20685 16894 -15417 23388 10375 7166 -4713 29151 -3364 -29613 -28033 24402 -24170 10342 27181 21837 -28671 -8194 10998 -18729 25918 20149 -20608 28276 21833 13616 6556 7823 24767 -5587 -7803 -13961 22950 -8680 2609 14496 23799 24044 -1288 17302 -5119 21143 -20835 -6039 -18159 -24422 -1429 12755 22561 -6835 -24817 
27354 23174 -10262 -24560 -13948 28745 12788 8169 -4074 12485 -22868 -11104 26800 24513 -10359 22657 -25690 -6168 -4434 -3703 2654 26204 -28360 -26329 -28673 8857 -21166 -25340 -1395 3782 -16174 -1635 19605 -7874 -6410 -17463 -24579 -28958 -6889 -13554 -28299 -1352 -13775 18116 28557 3314 10417 -27721 924 -26357 20259 -10056 -27600 16435 -26623 -28550 23134 7017 29373 8883 -17024 -14024 -28447 -17358 3188 22646 24268 -1164 16313 -6035 -5030 -10494 15078 5868 10857 2558 22249 4794 4840 7457 11655 -10743 944 25940 -22033 23125 -28795 19030 -17751 -890 25343 19529 -6409 12476 -13391 -5397 23306 27616 27010 
15007 12793 11041 23823 -24272 26491 18037 24164 -5651 -18394 21890 27114 19025 16837 -13204 3411 4454 -13345 -11089 -25237 26803 18355 -16230 -22874 -12249 13818 -25827 8242 -26658 12665 20412 -15310 -15839 -15160 12541 27379 27673 -12119 7359 -11244 -16116 5010 -25043 28226 -7082 -12925 5116 2087 26191 -6428 -12641 -13810 28401 8276 -26286 13264 9514 1019 -28266 27736 -29551 -1471 6160 27341 -28005 2058 -16599 17309 978 -19041 10838 27145 174 -7613 -22192 26662 13787 3875 -25357 8892 29248 13676 -7596 29876 7859 -8344 11812 -25314 -11295 -27279 1485 4110 -29982 -27428 -27487 -18778 23352 -19628 -6780 
2725 -21971 11837 -12975 14417 21545 29222 -28777 18408 28797 1140 303 -13253 19220 24980 -13268 26295 16709 16889 -21060 -5321 -25062 -9366 24671 -27100 21361 15741 14521 -12794 11224 1515 -4148 238 25936 -22588 -5771 -13109 1451 20354 -7737 -6951 -19271 -23677 -13831 -12092 -9203 7734 24473 23429 -23984 9741 -19781 -27084 5786 21548 -4514 13942 4595 -19116 24888 -10062 8467 8859 -7267 -3960 -15655 -873 -18729 -10769 -18611 -29027 -19511 -3277 -19868 7941 -7318 9834 19794 -26830 -13523 19140 6218 -230 -11227 -21903 5937 25591 -5204 9373 -18093 -7757 3715 18758 9428 -20305 22202 15501 -1412 23773 
28852 2446 9246 -20758 -12039 25872 -12745 -17886 -19642 18402 -19086 4661 20234 18789 7443 9186 6151 -18576 -25487 -20764 -8430 -5630 -17763 -19370 -23629 -24554 -15952 21993 2517 13972 989 25868 20640 -20689 7078 28565 760 10723 17560 -4968 -7178 -27220 12677 -21118 1920 -5237 19194 -4939 22803 23401 11905 -13835 -3381 -2447 -27014 -9159 14758 -20625 7384 -7568 -29278 15987 9671 9238 -16095 -15547 -23326 -2966 8614 21316 1472 18142 -23805 -3212 -13662 -13595 -13395 28845 10503 -23320 -26937 -20178 10164 -19070 -16748 7062 16753 -29831 -4727 7644 570 -8171 -11047 15654 240 -13462 -14720 -4568 -16712 
-21977 6041 8637 29140 23862 10899 10801 12636 -16985 -26975 -27475 17903 -17659 -21804 -206 -12733 -28237 22719 4211 -25388 -21589 -28665 23785 -19857 2445 13890 -14587 12980 25622 23517 12802 -13456 21117 -979 21173 -22720 26084 -7337 1912 -7696 -13679 22473 -6488 -25428 8784 -18157 22283 19583 10604 2984 16130 8828 -22139 9197 24722 -7089 6533 21372 -21896 5673 10297 26988 -12797 17280 -3403 -8868 24910 -1872 6263 29495 -25969 4437 23571 17204 -8746 24611 -25028 -4246 -2709 -8184 2939 -6733 12556 20481 16686 26451 3628 1612 -14077 -24556 -24193 3604 29566 -17134 -14603 -9403 -9353 -22648 -23334 
23754 -13355 -11252 19894 15954 14053 -5982 24609 -14485 -12219 -5824 15281 23509 19508 654 725 1256 -27935 18054 -21179 20273 26220 22007 15588 -9554 3011 -23457 5767 8546 -26984 12758 27432 -3023 -13813 -13984 18113 2844 -20018 -21122 -21940 1583 -13688 26143 -21300 28026 22081 18937 -25373 19559 26092 -19133 -25547 -27416 21604 19790 27694 -3808 7712 22960 11339 -10930 -21815 -17138 25689 11838 -11593 -16567 -2549 -23202 23857 12439 6099 -29938 -20265 15956 -19563 21708 9923 13273 18737 1301 18860 -12315 -2406 -24888 16372 1468 9621 4149 -8247 145 -3867 -20277 -26861 21226 14093 -9858 18151 -5379 
22625 -22624 15465 -27246 -19947 1084 279 23513 16369 12024 19803 2849 -10553 -29888 -21446 -17727 4930 22034 -4167 18107 -7982 5859 6699 -7012 23401 -17805 -22642 -17963 -26130 -24240 22442 4297 15265 14206 22232 -358 23847 4054 19562 14566 25518 13945 -5989 -14357 8057 -16229 26554 2995 3793 -5700 -16131 -8271 16886 11722 -12645 13065 27490 22237 -27174 -7788 -12786 29642 -20919 -14697 14894 -18543 19053 -24090 -15659 -15381 -1443 -22369 8308 19943 20247 -21984 -25986 -28733 4390 -3247 -7169 231 907 -8025 -7946 2021 13168 -25306 -11181 -29793 -5976 -28640 22547 8224 17539 -15457 -3436 -3730 18319 
18256 745 -19098 26752 -27672 23538 29987 -1846 7421 26576 23307 22658 -1109 732 -7474 4636 932 -20273 24539 -2846 28235 -7024 14193 -22064 5959 21399 -9642 -23757 -22953 313 -5364 -9923 -170 -21966 -6739 -3819 -18728 -17507 -21549 -17553 -19857 9563 23359 -6564 -16709 7654 -6773 -20963 -8057 10478 14561 -13759 13856 -25068 16659 25957 22684 12830 -1056 28527 1064 2450 6541 -21258 24648 9684 -7336 -28474 -21289 4013 9598 -21636 -25981 12183 29798 -8813 17673 28611 14976 21029 -27965 2673 -4867 25489 -11669 22862 -25910 -5671 -19255 7824 17123 -28306 11164 -14270 -27856 -27216 4002 -21759 -27424 
-24048 8606 -4356 -16607 -5862 29983 -19174 21033 -29609 -9129 11777 26427 13477 6720 -28469 -5743 25114 -28678 -25454 -8169 -16726 3611 24870 10002 27046 -2132 17699 -7404 -10190 8049 -3553 21034 11370 -21432 -17334 12545 29499 -13553 22770 12970 16659 3704 -2824 12972 14450 17887 6977 4971 -7216 19384 5393 27155 -2137 -21192 29952 29350 -6205 20344 -2158 10782 20072 24102 -27927 -9700 -18771 18018 -19247 -4884 9314 25879 22710 29020 15166 -21523 -24926 -13956 17590 22530 -14808 27835 3874 -5789 2728 4089 2423 4936 26557 12327 -14737 29678 -24573 21085 -24256 16976 25243 22456 22081 24117 23892 
-8593 19575 3652 26228 10088 -17836 -215 18759 16227 -24040 -19214 16075 17117 -24668 -17394 5009 -17691 5601 -15284 -25673 23590 19097 -1510 -29366 28909 -27632 -18985 23363 -5835 -4629 12980 -22569 16144 -22050 -11060 18061 -24585 -24874 -4906 22494 14128 -12442 -14002 -12387 -13100 26678 1203 -7282 4183 7189 176 -15783 -15297 23240 -4717 28462 2350 12595 -9944 27646 -3870 -17246 -25359 14077 -27508 -16006 29794 -20446 28417 -13986 -18224 21807 -9507 28939 20460 12857 3569 -4484 -1716 12099 -27286 -10205 5049 22877 -7107 -8621 -25677 -11285 7002 -29037 7167 -20955 8093 -28262 19507 4714 -20154 8211 19042 
3119 -14994 375 -294 -9871 11708 -7173 29652 4096 13806 -20167 10936 29507 -8219 25165 -22845 -20438 26178 24196 -28265 -4759 -25963 14350 -5469 -23652 -17539 -13506 -21175 8279 -9055 -12931 -5495 -3317 -15224 -6749 -8745 17360 -7577 8287 10142 -10215 16594 23306 28365 17054 25704 -10089 -24001 19455 17168 6419 13860 -13306 19827 3426 7163 3596 -8740 -16310 -3615 16072 16680 21936 23341 -5774 -7514 3310 -18703 22447 21460 -10924 -27995 -2825 22217 -982 1005 29791 -15962 -20492 16459 -8413 -22235 -19245 21337 18852 16691 8659 -22066 26151 25731 27503 7580 26891 13000 4492 24270 2729 7772 27765 
-12795 -10807 25204 1227 6775 -21039 18458 -7774 -3357 10266 12712 -29393 -15657 13298 1037 -14130 7075 10820 22150 19941 7490 -14176 43 15415 21320 17034 5486 -27368 27471 23917 -9408 5319 -11148 5614 28152 -2837 27546 21466 -599 15763 -27423 28528 -27176 -17309 -14534 7598 10734 -10028 24950 -16133 19300 4665 -18250 18034 20710 -15876 -10589 301 -9108 14829 29634 -16574 -13330 18676 11388 7540 17152 -16897 28874 -28219 1425 4529 -12707 12125 -18075 2258 13531 2297 25982 -3396 -16338 -9216 28736 27723 -26662 5585 -4265 12217 -8637 27990 16338 18645 4949 25437 27944 8042 -18644 -24761 -16548 
22051 -16823 -12909 -1218 -21152 26209 -16106 11628 -9758 -20586 15883 28940 28186 20118 -1992 18554 11507 12538 12191 -24742 25267 -26218 8901 27146 -8083 25105 12742 -9161 11121 15541 -12949 -28188 -4439 4957 -14647 -17762 212 -22431 -13020 11558 -12826 -21139 14342 -9266 5856 -22665 13886 24351 -5911 23195 -20714 13673 -23356 21582 9331 -19002 -19910 -19290 -8226 -10387 13120 22208 25279 -1415 -17706 14340 20045 -16340 -3788 23376 12917 -29084 21979 8130 1160 24119 15360 17857 11821 29220 8327 23446 21514 93 -12315 -20483 -13081 6878 -8394 -14196 19125 -2531 6742 -6270 -2424 -13076 2994 -13537 -23213 
-29734 -11462 -28545 3344 -22927 25236 11997 17323 18157 -23153 -7071 220 23760 23647 15605 12453 20533 5474 26171 11448 -13244 -25303 -14010 175 -24002 -22194 2854 -12559 -27517 -28945 -8612 -25763 -8229 -10313 -14940 9351 19309 18113 10681 -21319 3538 3189 29183 -21009 -6064 4265 -9488 28893 -29028 -23662 19399 3232 8071 9903 -424 3612 707 -7180 24589 11357 16583 21702 13130 6807 29607 -24921 -27064 -3486 -21948 3629 19621 9132 -29919 -26925 -10571 3610 -11729 72 22408 -23694 -17111 -5210 18419 -24731 28829 28963 -22625 29174 16055 6905 1599 -21992 -19621 -4907 18156 12956 -29152 -27367 -26917 
-25799 12068 22300 -1756 -14250 -4460 -23315 5112 4947 23850 -8461 -19180 -17218 13814 -15948 18982 -29744 489 -6751 -17304 24095 -10953 14074 21514 -15138 -23475 -9703 22253 8321 -9647 -27230 -14003 -3838 8387 -2145 17526 17659 21819 -18815 14182 -29444 3023 4325 2119 7326 25671 -9206 24341 9571 5523 25033 -18650 -3113 -23811 -28892 -29459 28968 -22492 14733 -1487 -24513 -11375 -11591 -25323 22652 7127 -28682 -14870 -7845 4153 -17378 16658 29026 -7345 -56 11038 29380 6715 5814 15248 23009 13900 -23078 8352 18464 10536 29065 -8061 -19157 -18516 6139 -29421 10644 -22119 5029 -15380 24789 12009 14927 
9228 -10795 1121 462 -28918 23115 12409 -15547 -3253 -6241 8480 -4103 -9954 -16358 3091 7652 -5600 9884 -24537 -29797 -7448 8878 20895 -7564 -7121 -13325 7162 -9624 6174 20299 -4253 1398 23539 -29994 -9881 17020 14839 8637 -1313 -18191 3578 18270 29998 9901 4212 -3416 18068 23024 -7084 14609 -6721 -23794 -25247 28805 -16473 -20150 23150 -26668 -29288 -4958 27208 26731 2579 6113 -28243 -16430 -5091 3507 5797 -20013 -24652 12880 -14327 -3329 -17803 6540 -1273 5483 21300 962 -16992 17376 25497 -11261 -6583 -27112 29597 -22540 23573 22283 8780 -8109 25484 -9133 -3210 -24589 -1278 18588 28910 
23879 -10669 -9169 -20522 -12006 15315 26779 15927 14848 11889 -21357 12758 732 -17015 -10421 6773 -29902 -24085 19473 2111 -876 -21954 9282 -23421 13658 -15504 -54 9864 29844 -18085 2454 10996 -29591 -15832 25528 24518 5463 23857 11481 -15905 -3158 24313 -27337 -29914 -29102 26341 -23481 3958 4924 -7879 29061 -3362 8801 9359 4277 -8494 -23685 19270 -9543 3764 -2396 -11603 -1516 -8507 9598 15164 6014 -19736 20643 4765 7796 16769 -7298 4297 -7222 27738 10340 11660 -3792 17959 19030 -15592 -26551 -20196 -17458 14351 -1379 26783 17770 -6284 -25148 -3629 20263 12271 -26759 -26100 20354 10040 -15051 
-26771 -2438 20356 13586 -25053 -10598 15091 -12311 -28700 26213 7163 -26089 -27185 -12426 -22352 20116 -16958 -5489 12994 2198 -28570 -12994 -13547 11919 5681 18960 -28030 -6670 15936 5816 9339 4563 13720 23241 20444 -4213 24790 -3889 7449 -11402 -2771 -15990 24537 -22610 -17544 -22817 10784 -25430 25493 19037 18854 -15847 -1639 -3935 25562 -2405 -13639 -1507 14317 -27236 -27670 -7438 -29437 -23973 -16179 -12944 22343 -22537 7512 15501 29622 -10794 -17422 -16437 22972 23091 12444 5408 1017 5667 -25148 21745 22995 28937 -1273 22675 4331 6654 8726 8421 -24073 -1941 -28462 -14175 -4211 -10206 17242 -28941 -20867 
-28920 -2254 21264 -17362 -24287 27624 11822 -29159 4768 12793 -12904 -20676 -21501 2768 14754 -23981 5579 -255 18793 -9355 12215 -9661 -27720 27738 1774 -22971 22482 -25038 -27684 -7505 -16123 -18331 21224 15548 4507 3921 -13178 25847 23913 -17286 12378 -27000 15511 -14890 21105 12699 -6708 -27877 7384 8869 9369 17637 -14137 -12665 -24920 -3250 -15219 23353 -6314 -10795 28333 15065 -16884 24549 4809 1427 16062 -51 -6268 12063 -21977 29043 8156 -10972 -20933 26284 -20154 -26787 13749 -18246 13464 -14898 18984 13679 -14968 21459 3040 26049 -8264 -19268 7127 7858 -1575 15517 -21116 26836 -22536 11426 -24257 
24005 -9854 23741 12783 23619 -21839 18119 14376 14986 11821 -24377 -29519 16155 10430 13624 -19718 -19482 -24758 -17264 -2598 29074 -14395 -7873 13876 10106 -4335 -21957 26211 20007 -4768 14576 -4924 11533 -7735 -15852 -10596 27704 -664 19347 18544 -8623 26780 -22315 -25162 -20166 -22393 -7832 21150 4548 -1056 -18800 11610 -12766 -14597 -23827 23015 18914 11037 24980 -7062 6375 -9366 -17411 -1392 25888 21211 10868 7186 -15487 -19366 -23066 3642 -12322 -13205 14947 9319 6345 -20965 7803 -10361 5880 -28909 -22288 25594 15063 27358 -19288 8499 -13160 -3603 -22682 -6062 -25756 11690 3965 -4491 -17822 -19080 8759 
-1819 28658 10182 15184 -7377 -8709 16769 -4118 28134 -18256 15257 1323 11931 7979 -20868 1449 -17568 21405 18664 -13914 11785 -9221 -1459 20658 13103 -5463 24603 -25771 -12551 5586 -7640 16995 1264 -26406 2849 19108 14952 -17913 -648 29174 15249 16963 -21881 -13673 27940 2847 -16981 -27503 -28050 -24732 -22001 4864 -21826 973 1528 -2006 -25577 311 -8465 21861 -1403 14934 692 -20547 19787 5421 4603 -5747 19073 -7558 -25513 16961 1807 -1031 -4947 17636 -7967 -19987 -4796 -29171 15057 25482 18355 -26795 5078 19794 8234 17319 18378 12615 21138 -28769 14377 -19116 19533 -11887 -19157 -29892 179 
-13510 -19944 12774 -9540 -21825 -26450 6524 -26067 23497 -29094 -6399 -9363 -2675 4106 1595 26213 1866 25495 14560 -3500 -4694 -3898 -22188 7983 528 -12302 -28885 -2963 -20984 -28641 21508 -11815 -28304 25272 -16186 28401 15611 15320 17007 -4352 19038 25900 6587 -3230 -11733 -28216 -28512 11561 -9734 -4534 -1649 -6750 -29727 2030 -16347 -11861 -18672 -23508 -2492 -17280 25309 25006 -29459 -9247 -13537 -20261 -7921 -15272 7665 -22061 -23544 16414 -29543 465 12552 -26446 -7568 -7904 -9170 -7886 -17559 -21149 4938 -14909 -15513 10165 19904 23135 -22233 -23827 25690 -16282 9834 22520 -20435 -29711 118 27616 15607 
825 -14832 -17814 24700 -26364 27794 -22369 -23796 6560 -8900 21187 4010 -26173 29999 -11796 -25803 2400 12648 3197 -5174 -9664 17746 26587 11731 21270 -27028 12951 28624 -27943 26455 -17542 -14370 -23235 -1459 11223 -26539 5814 -24076 18693 -17321 -28622 -11950 3582 -20971 24909 29210 -10428 -13121 -11147 19228 -23519 -11973 -6811 19242 22619 -1366 -1042 16863 -25567 5717 -26180 -18456 27745 16837 8175 -29391 18430 12625 -23874 6170 -14016 7629 -5178 20438 -18109 -15493 -81 -4853 -28502 13270 -574 -10848 1022 -27613 -27437 -18255 10253 -12847 21896 16809 7134 -902 -24157 -29530 -13429 -13136 -8819 17973 -3078 
4024 -7156 29361 10419 16722 -6280 -15584 -15284 10515 -15174 14085 -24972 20125 -27604 605 23100 -16911 1903 13819 25319 -11927 -7632 11837 -1920 -10870 -29112 584 -27299 -893 -25841 14052 26309 29299 9771 -6431 17481 -14102 19474 -16111 13124 -6476 -21175 1564 26294 5065 6662 -9093 -4644 -12179 -18071 -12466 -21148 -1857 9548 -24418 1694 -9809 25781 27 9561 15236 7415 11973 6765 4514 -3331 -7664 -22283 -6770 9811 18238 -7147 -11316 6570 9448 6422 -6967 -9670 -4409 18048 23234 -21301 28230 18568 -23389 -26442 24522 5722 9410 -6400 13767 -27919 -8790 -29215 -13582 -20590 -3236 -26947 -20843 
19405 -9230 -9839 -25687 -372 10474 -27347 27396 -6812 12206 -26054 -22147 -23205 7388 24455 -22645 -15911 -4776 -4615 19620 -20772 -28861 705 5212 7579 -1683 -24414 -28225 -1426 16527 7230 -11250 -10926 13482 29606 -19677 3315 -26890 26990 22565 -16419 14660 -22737 15405 17506 19457 -17895 24742 -19006 1769 17865 -24682 -1112 -4852 -15933 5271 1246 -21543 -23686 -12747 -10415 12952 -28292 -11671 6428 19028 -26662 -18929 3994 -1004 -16486 -29615 -1697 -15707 4142 4778 -5844 -1754 -29482 -11056 11184 17620 -27490 2180 -28509 -1573 -6820 -22351 -9125 -13496 5206 21494 -26201 -28576 1744 -2386 -22989 2872 -26056 
19665 27926 -754 14323 -703 -26602 24222 -12194 18360 612 -24096 4576 -25619 13274 3081 -2289 -12084 -12231 712 25602 12361 8921 20168 14646 -26311 -4925 16963 -26697 -1181 -25191 9514 -336 25605 18130 -11580 -16485 15487 12590 26584 6317 1749 21703 -13795 16041 -29966 -23607 -6404 -8562 -1865 19046 -21460 12016 -28709 -15838 -1688 -15181 -6545 -230 29178 29762 3337 -15112 -956 -19551 17970 15122 -26422 26459 -11126 -8614 16668 13433 28039 6508 -25666 24236 -23128 18013 -23341 106 16494 3220 506 -3298 12303 -22583 15681 7485 -9041 -13259 3785 5052 -11639 -2334 6701 11250 -15480 6921 -15719 
25232 22277 11131 -25852 -7968 27827 19922 -2025 27023 -11640 -9821 -27144 28222 -18441 16523 -2039 14184 1552 29360 7275 -29731 28145 22655 6848 -14177 -6369 -3936 3750 481 -14356 -19043 17411 -1290 -1100 24094 -3013 -1844 29208 14335 -12684 29763 9534 -19862 -28566 -1707 -7676 -28220 -7749 -6910 12363 -13874 19097 7594 -5702 -14559 21933 -6248 -5310 14499 -6606 19795 -18319 -24508 16936 10620 27252 -28960 24527 14486 -7778 9641 14960 15318 8343 16466 -15856 16860 -21672 -15080 -6825 11214 8145 -21331 -11274 24247 11058 12615 -10102 27878 3746 6102 7270 -19238 8589 3831 7235 -26707 -7891 -14684 
24273 -12818 6633 3233 3665 4050 7102 -5463 -14769 -27481 -15397 21371 25957 -4331 -19806 14435 -11432 -20363 1060 17965 29922 13176 -4461 18325 -5244 -16361 3888 5031 18747 -538 7676 7719 -3626 -1263 -16367 -2 11115 -23818 12342 183 -28556 24869 11324 8859 -9333 -997 -25754 -23391 -24699 -4117 52 9252 27456 23755 -17736 8250 7531 6212 435 -23625 -29411 -10599 8765 -12023 -1463 -21745 -5078 -12342 17125 19986 8098 21456 -7968 7821 9422 -6813 28645 23450 -11898 25905 -3701 21183 -9880 -2618 16269 8726 1355 454 -28632 21340 -1953 -2630 24667 22877 -815 -9048 4163 3688 8360 
-145 -9007 5413 15902 -7613 -1258 -12637 -17163 22000 13080 11425 1646 -7181 -28566 4735 -9890 21706 17425 14701 10603 27020 -549 -11794 -19660 -12566 -27454 10857 -10986 17752 -5600 4016 -9310 20803 -11578 462 -4788 -24483 4177 -23115 19517 8688 19329 2158 25905 -19926 6921 -15445 -16928 7658 -29489 5789 -18261 -7526 -12784 25122 12278 -11448 -8212 -15527 13936 4588 -7154 -27153 28522 19210 27151 2994 -11289 25396 19978 -555 -8955 -18644 -21581 -10386 -3084 -4343 -3892 -1489 25339 -29118 -28525 13604 4613 19054 12339 26374 -6028 -24794 -4880 -25373 21822 -3512 -17699 -25022 -4094 -7758 5541 -18369 
19438 -1183 29413 3756 15447 21136 1525 -28346 9091 -28138 2106 8539 -6969 12227 -28098 17256 17442 -26182 -13716 18098 4631 25623 2898 -6381 -24303 -25979 23614 -17047 1619 6339 -24062 29450 -20768 -10173 20733 -9015 16465 -22931 -8351 25773 -7335 16515 -21691 29770 1165 10628 19271 3357 -22031 992 8917 -10343 -19306 -24452 -25205 -22036 -18537 -944 18775 152 4195 12346 17530 26598 14313 -28197 19691 133 26979 8297 -8748 9904 28724 -22181 -273 -5856 -24770 25464 -611 -26017 21164 -13062 27444 20657 -8776 -9297 12240 -23327 -9182 -14862 4560 8762 2417 -671 -18257 -7674 6605 8584 29538 
28407 9459 -29002 6906 -25475 -21665 15340 -2980 -4970 12132 5377 8180 26848 -25124 19474 -16299 -14091 -29260 5678 1943 28738 -8397 -11688 -19845 -24799 -24381 13708 6059 -8039 -11678 2165 1026 -2637 23877 24313 14514 -4723 -2068 3697 12437 -12786 -25096 -26510 -25543 -14962 21694 -14808 19984 -23192 24479 16611 -9754 -4256 -5839 2877 -21007 -7688 15681 -11348 28250 -10555 21065 7271 -12408 -19121 17703 997 20762 -7384 23339 2458 -18773 -22479 13008 22505 13766 6970 6157 -1142 500 28009 5654 -22614 -28611 13368 -28667 7385 1923 14352 19415 -20985 19645 5583 -3800 29730 -29435 1659 5907 -3323 
22339 -10694 26388 4326 -19614 -4721 22713 24506 -1412 26983 11296 -18058 -17351 16092 -21506 -11705 28955 7060 -21539 21666 -23970 -19216 -26178 17510 12558 -20984 26415 22873 -25359 1549 -10961 -23058 23435 -29389 -19623 -9508 20087 27687 18556 11154 24545 16613 17395 -22636 17537 12489 -8255 9400 -18724 -3819 26614 19676 -6026 4202 -4064 -13317 16803 -2120 12943 -7530 10932 17589 -2835 -29469 5738 -25706 -18952 25709 -2819 -17050 2385 -28593 -6731 -14970 12236 9455 15560 -19748 -29622 18719 13359 29629 -3549 12869 -24466 -18736 18671 -28298 -19696 21851 14919 -12031 4406 -26080 19001 -29324 -18439 -29382 17783 
8133 -17937 25985 13544 10464 29034 8667 -21104 10596 -3423 17919 6828 20178 5798 -27979 -9502 20200 13168 -29740 -23094 -29845 16050 -10541 -1375 -12207 1534 10819 -14427 -6891 -28227 -17652 17024 9486 -3067 -25165 8879 17911 17 21814 -16781 -5639 -10628 -24551 18593 1794 26482 -9854 -19133 -8125 -3509 11639 7928 -22852 -8179 26048 8843 -21387 5566 23105 -11586 -13937 -9291 -5253 25083 -29972 -23338 -22764 12736 29575 -15747 -26023 -9550 11664 14176 4692 -1138 19087 -23349 -23740 14598 -10599 4367 -6357 -1269 19710 5899 -13736 -21359 -401 27256 -1738 10448 -19730 -3321 -14421 -27869 -17298 -1376 -4455 
26961 1601 29786 405 -17195 23250 28570 -20891 -18184 -15072 -11839 -5624 -15557 9077 -2116 3316 8713 10312 -26524 16465 -454 7580 24854 -13016 18484 1037 29506 -14893 -18790 -16667 17307 23414 899 -17629 3200 -21572 -4999 -12479 -15811 23197 -20952 268 14892 18992 -19167 22514 20636 -29442 -13356 -22052 -4868 24597 -5162 18753 24113 10738 -20664 2126 -24536 -13905 -28754 20785 8759 20313 -11395 18803 -24553 23634 5745 -18929 -5401 -29159 -28162 -22692 -2947 -14831 -87 -17365 -1302 29157 5793 -29821 3246 5993 -12016 17251 -28285 -16202 9459 -14764 22600 -26192 6170 29857 -10859 3326 22797 -13765 9909 
-8203 29716 -29682 4343 3826 -6035 17861 -13943 -11627 -475 -27585 12992 -14387 -14120 -16012 -1472 -26014 -5050 -23904 18122 28208 -14840 8220 5388 -13992 26945 -21588 -6234 -18127 6948 -18658 2833 -14391 4695 9317 -27138 -9746 -18292 -18795 -3320 5366 9989 -4629 -12083 -4553 -13933 518 -16860 7522 5796 7042 -11876 23054 -14278 19260 22089 7042 -24487 -11184 15010 27890 -3196 -27124 -24389 28809 -15966 19915 -5788 -26968 -16153 6009 24017 29534 -25787 27452 -22451 -26582 18328 10730 14226 -877 13287 2494 5298 -14540 22742 -2152 -9392 12576 29706 -21349 4814 3289 -28386 10307 -13142 -15568 6312 -11055 
29796 -13041 -18339 -27521 16474 5118 -22528 2509 15474 24895 17899 21543 25883 3942 4058 -23591 1641 23963 2705 8665 1488 15331 -21008 22288 -10774 12498 16863 6848 5157 -6279 16015 -29817 -16162 -23015 21071 18850 -18630 -10604 12370 23756 -28 11417 -10743 15348 -1645 22078 -22141 -1164 11657 -20124 -14136 8064 10065 -7545 -14303 -21706 15517 -11190 473 2890 13997 10054 -2860 -10782 9390 29437 -28069 13012 -15925 -11979 -14970 -12648 22491 -5573 2456 -12038 18829 8145 29069 23541 -23597 -9320 4507 7119 -24312 -18953 2999 -4809 -9169 22540 -18562 22076 727 13504 22130 16030 1480 12357 -20555 
20526 1298 -12729 27487 18138 16739 4285 -6133 9006 12247 -12506 -23876 6554 -3213 5351 -18787 20096 10920 26791 18003 -24302 -19357 17220 -27976 5548 -23912 -10741 16607 -25140 21936 19323 -17248 29409 -5188 23840 -24580 -6684 -14149 11977 -12370 11143 14214 3021 -13094 -23532 -13758 -29515 19449 -8763 -4078 15796 -7724 20389 -21209 -3406 -23060 21949 29616 -3375 26575 -25193 17759 -15385 14370 5177 -5536 3798 18407 -12239 23599 10574 -19262 -843 -4546 15052 10757 5305 -5984 20611 -6461 -2388 -15475 -8204 18070 -776 -27351 -26770 5660 27422 -1403 -519 9817 10769 3450 3090 -15641 -10850 17780 8590 
28625 -16259 -1465 -19499 2406 27999 555 -1461 -8399 10204 28142 -14938 17296 -7738 4301 3751 12449 -10668 -27910 20487 15121 15608 -20338 18783 21616 13948 1012 22489 -2282 26945 -4860 -11702 22393 -7699 -1624 -5676 4897 -2 -27057 12608 5052 14058 15984 26295 -6924 -9081 -27245 -9675 -21770 12769 -20514 -15230 -8290 17652 -24986 22278 4756 14310 -9947 1129 23014 -11478 -27215 24121 -4369 -13014 25454 -3529 -17330 -11746 -26366 -16355 -7249 -198 -2762 -15981 -27815 28185 28497 10710 24441 7286 -10288 19174 -9513 -12194 -21410 -12617 29519 28935 7257 -24060 14058 -19968 -2785 -4332 16711 -6159 -21830 
-24982 -7802 -15623 -8297 -18063 29024 19453 29229 -12794 19941 4316 -19745 -29094 6370 -1923 9861 -17991 20633 -15378 23176 -28910 -23689 22403 -7444 -3830 -9133 25433 7010 8322 19078 -28589 -7131 29458 -11909 -1525 20164 -594 -1910 -10154 -23636 -23034 20771 4243 -20180 -4563 -20964 -11885 9358 4857 -20999 20847 -21348 27769 12550 -26795 -2509 10489 -19461 -8390 -2828 -9578 8628 9259 -5232 -13881 12745 -26845 26781 -14308 14940 -8131 -11735 498 15277 12233 26491 4352 9134 -29877 6408 10444 27455 29742 14489 -3305 28883 21690 -21954 -1584 3763 -16855 20679 19086 20018 4624 17512 12676 -906 -6477 
-464 -27068 14648 -26714 26778 26487 -25930 20054 -12868 -13199 -9285 26104 6137 12927 4346 20707 -8666 -17129 22973 24168 -12783 2166 18259 -16348 -8503 -25332 5408 18639 -22846 7765 4489 -12811 11025 -14235 15066 -26733 -19517 -9799 -22699 -26974 20999 -23340 7328 8272 -21171 27979 13519 -9884 17441 18353 -12603 -28810 -19496 14782 -6670 -9886 11739 24302 14455 2761 -7612 18573 29089 -5741 -15781 18669 -7728 6518 8204 -16732 13057 9759 -10075 -4511 26669 -21585 11639 18774 4320 20916 -1880 -23588 23055 -7695 4095 19482 10216 7986 23327 -19483 14317 -5942 -25687 -12024 -27801 12660 9545 732 -21667 
-1899 18591 1085 11972 -12678 -6785 -23949 8217 -28748 5166 15987 23593 24945 -20547 -26945 -27114 404 26083 3814 -17619 28665 -13706 -21861 -9654 -24639 18448 -22542 21222 8460 -24631 18286 3416 26206 23930 -14158 -11917 27497 -15317 -6389 20381 -29968 -6880 27790 -5685 614 -19507 36 -5061 -24017 -2461 22827 -25099 7442 20815 19922 -12622 -2807 24772 -2049 7447 5534 -10855 16692 -27008 -10270 -4973 24749 12862 23486 -17363 -4068 19068 -2948 -29407 9858 -12442 24065 12323 -11972 4682 13114 -7731 -19071 -6376 -7334 94 9653 -12881 -11900 1035 29971 22072 23773 15530 -8811 -23977 -12420 -9971 9157 
-22278 -7410 -2110 16723 -27688 22893 -2876 -15364 -23209 -28941 20061 -19365 21258 -29775 3896 2593 -2672 8858 -4482 24541 7587 -10874 1115 -13231 18192 -572 3472 15005 -23356 8486 4678 11181 -25134 -23539 -26250 21589 17147 -22510 -14911 -14983 -24831 -16385 11285 16325 -27573 23579 -20457 -20943 -2707 -32 -4420 -15570 1401 26184 26389 16252 16403 -821 6994 3134 1678 11799 -22344 22119 13903 -3638 -3970 3404 25854 2002 -10642 -16888 11655 -25039 22059 4464 -3909 -11608 -4416 9169 2702 -6374 -7845 1228 -6479 1785 25733 -20960 -14802 -6915 5911 -8561 -2976 -13188 13721 -10771 -18554 6977 6961 
-14402 9717 -29075 -2694 -6753 -15526 11046 -5948 -22893 28052 18440 275 29821 6377 901 -199 7502 12480 -9132 -15525 -16776 -18982 8745 -17537 14146 -18783 -10984 -27063 13435 16559 10322 24411 -24322 22146 -28935 11194 -7752 15791 -28047 14016 -28224 5282 16157 -37 2947 -24954 -24132 -4419 -7876 -16562 -7180 -19641 626 12041 3704 -6688 10251 -18133 -11017 -28119 -13910 -22888 -27941 -23011 -10398 4047 24285 3770 20559 29294 -17187 14827 14569 -28385 14338 3202 -6096 17153 4082 20946 -13339 -23384 -22385 9458 -6933 -14575 -26685 -5677 -24737 7559 -26616 -20144 -3495 11 -21602 -6950 17368 -23828 -15332 
15549 -23347 20381 -17107 14447 13537 -17642 64 -16773 -4317 -9194 26270 27719 -12375 -15103 28700 -23854 17621 24677 81 24318 -2966 1093 -18613 13888 -10989 7900 20573 -17917 7468 7399 -9780 -29156 -1791 20898 13951 26439 -4241 -20838 27914 -25253 -158 -4798 -3714 -10178 -972 -11378 -7582 -19205 -22113 -17946 -3783 19927 17798 20270 15336 -27603 -12690 24025 -1620 -15102 10433 -8168 -22835 -4720 9063 -10191 1360 11868 3292 3254 9968 -20642 3669 -15187 6931 -21262 12616 9367 -7986 19389 -17334 -7475 5184 -17318 29596 4123 22617 -27042 22398 -3358 -9011 25195 3501 27042 17201 -29867 15839 -5106 
10477 29299 -4801 -27676 -15808 -2443 -2398 -29080 -23939 -1410 28292 -13728 26365 -25781 -7708 -13861 -9177 -18805 6220 -19183 23785 -15456 1411 -28367 -4515 -22384 -1408 12430 -23083 19725 291 -29987 -19944 24796 -10380 -14385 -2511 7658 -21395 -12699 -20255 18562 -6488 -6620 6677 -17260 5157 5200 -28155 4202 13032 19486 9670 -3597 8528 9026 17398 18359 26389 -10240 -18187 -16919 -8094 -26682 -15906 -11923 29140 11164 24660 20789 3207 29764 -28897 -28157 3189 7700 -20375 -10202 -29107 -17086 -22010 -20825 -2893 -26564 -8602 9718 20048 -12803 -24428 2309 18182 13880 -17718 11578 -2422 -4535 22003 11744 17693 
-13298 -24333 3837 17884 -1496 382 23135 21883 14127 -26415 28484 16481 -2617 -18135 -3487 -26164 9450 26411 -29569 19770 -24669 -9873 925 -14023 -24258 14381 1328 13947 10392 -9378 -22825 -148 23570 11112 -16305 -22975 -6616 -12729 3936 13555 -559 21251 -13483 -1702 -12387 -21422 14503 20707 -4677 -16428 6404 -28992 -7097 25500 -18395 -28648 19783 -8380 21295 -20845 -8599 -16675 -21230 8119 -22262 2075 -5195 -13528 11343 -1454 8498 -26691 9154 8840 -4076 -26695 14493 14264 -3687 21883 26280 -29483 10974 -16513 20055 -10577 -6409 -24293 -16363 7421 -24108 8789 1002 -35 20523 -20716 27157 21803 -15008 
22093 19400 -29575 22261 27279 -29570 -635 16640 -20883 14530 16553 -18355 -12554 -5789 -3905 1531 18633 11015 -1872 14157 694 -7406 -26710 29893 -953 26947 -13102 -11769 -24551 -3540 -12377 -7747 -28718 12006 17610 -8165 -18803 28967 -15593 -15052 11191 -25593 -25682 23319 13081 -2240 -5525 3827 -19150 -24948 -13651 8327 -25089 -23820 28950 6276 28010 13278 27017 23531 13735 -14192 13376 12913 20951 7883 13576 -26649 12252 12000 20167 689 2041 8279 -16544 20896 -21324 22165 -17673 -21114 -9362 24324 -7683 -23109 -22213 -14013 -14348 18385 8135 14342 20424 -1875 -19879 9398 -11880 7509 -23843 3251 -12991 
-25653 26110 -20830 -18314 -12428 5359 20683 -1532 -20899 12646 -19598 -1178 4144 18070 9114 13236 -10194 14302 23894 -20607 -18847 -17001 -1985 -9464 20366 22094 6941 2469 6036 9941 -1830 18873 20615 26365 15115 21488 -6645 10567 -8401 536 10643 -29908 16071 -14371 -1169 21571 -16788 7076 18769 -1093 16871 2934 -27789 17782 -15552 17781 -10066 6992 2103 -17224 497 -19294 14842 11738 4476 -16502 22011 18644 7218 -14589 14528 -10952 14941 -3471 10618 -3083 -7941 3664 2318 -3471 -15526 19823 23852 14034 -12838 -11152 11888 -16518 29542 28685 27668 -5724 20392 -9452 -1008 -9606 -7675 7508 16178 
