84 98
29824 -10262 6368 9820 -27423 2117 -8304 19901 3873 10107 -2403 1743 -23925 25836 -20091 23218 -10079 -13432 -24577 -25551 -7372 -19172 11579 1385 -15039 12986 -6918 24721 -15042 1840 20991 12739 -17489 -24984 20121 -29481 -2911 -1086 4779 -21427 -1428 27233 -14679 4930 -8783 -19811 -754 -15534 9247 17257 -14002 -29166 15412 -4693 -21210 5202 -4846 10423 7548 -21409 23629 -24316 6047 -20761 6766 -8061 23942 -10129 -5467 27293 -15898 20850 -11312 -25598 24105 11166 -7283 -20392 5254 -10544 -5676 -674 4379 -25862 -12887 6657 -15587 9480 11067 1271 9650 9178 16664 13541 8479 19978 -5829 13841 
26473 17827 -6702 1023 28741 -25170 28571 -1423 -26199 28391 -7912 -9737 7544 17125 11292 21777 8100 -25453 -5159 -9098 -15541 24969 2502 15503 -12490 29718 -16384 15422 -5991 -23016 352 14167 -13856 -6139 15727 -58 7888 18891 -25756 -18429 23978 12043 6656 -7506 19081 21652 -15516 26163 -15057 15253 -5090 3548 -19401 -9921 15449 -588 -22837 12217 22524 23368 13790 20003 -13509 18386 -9735 -26131 -19153 19681 -15419 -24013 12915 -27835 27960 15062 -7001 10856 -28818 -18005 -15274 -26927 22643 20077 3041 19040 -2999 20089 -3708 1496 -24959 13366 -12321 -8286 -24580 -8565 -15974 13344 -15252 16366 
11093 2676 -915 10040 7598 18364 -26163 -7888 19934 24445 3212 7559 14990 14665 -5751 12240 26872 -2109 -9663 28725 -18576 10700 10622 -7354 512 -8586 -8567 23830 15920 -23387 9049 12910 23157 -19326 -11455 -13973 -4852 16235 -14103 -28460 -3942 432 6217 29191 -26586 17473 6773 1556 21947 26786 -224 -16580 -28853 -28169 9094 5870 9332 10175 -3454 -18424 -29022 -20359 7269 29326 4457 -27414 11620 20314 7226 25170 -24799 -2218 15009 18474 -19288 9278 -9486 -10946 15602 5338 -1125 24605 -3012 -1907 10837 1375 27143 28104 -8518 6461 24448 -12474 18453 13607 -3555 -26679 -1604 22223 
3488 21064 24770 -26389 8768 -12100 -26623 15731 1381 1698 20616 -8181 -29630 18403 -14768 -24600 23857 10457 -8328 5287 -19036 -10745 5307 28352 4254 3607 -14887 -19977 29049 -3533 -8709 -6537 26642 -15727 15033 -8612 -14028 -28547 19770 26860 8950 7827 4397 -29772 -23751 13063 738 3304 16089 15482 12624 2377 6542 17983 14434 24258 -3075 26951 26497 -3813 2394 -25954 27384 20639 8160 11303 3062 -28061 6096 -29498 12937 4019 -15951 6542 -2755 -13816 10356 -29135 24395 -4749 538 -27735 -22525 22615 18927 1507 28136 -10085 -28619 5132 8959 26963 29732 17505 -6739 -22311 -2623 22295 
-21408 28456 -17990 -392 2109 -26867 -3839 14221 5113 25908 9338 -23931 -8602 -20469 -5535 -5467 14328 -13472 2959 10506 16150 9243 6089 -18277 -15444 8771 14706 -29250 -23387 6838 12111 10705 20118 21018 227 -24169 20773 -2561 21568 -24739 -8395 -19143 18089 -22267 -3719 -19498 -6909 -4430 -1833 19919 -2906 -11671 -15711 22639 18191 4013 16628 -26083 18458 -29755 11439 7002 16204 -6034 16742 24468 -825 -11268 -19916 25761 5594 9474 17025 14119 -11503 26457 -7608 8368 -17990 -27876 -6338 4426 -10535 9190 -11557 -28681 -5130 -27467 20684 13246 19632 25084 -2505 3086 -1982 15285 -6329 -5025 
15302 29629 -18023 18623 -19872 -7304 12926 8929 -1972 16315 -25630 -1113 29609 -26558 -26643 -26965 -25114 -14752 -25922 13279 4611 11266 -13286 -2104 -4369 28800 -5698 12874 -24024 22960 21427 -26412 16675 -4692 -11081 807 15857 4604 15522 -9171 -9388 -9157 -10646 19265 10096 18726 9046 -5005 -23410 -17549 28545 29839 -1839 -5537 17608 -2003 26313 -1970 7629 1649 -24412 21060 12084 9849 -15462 19394 2577 -29471 12504 -25252 21738 -27940 1145 29795 13018 -1859 25280 -133 -27346 -13518 -19692 14268 -26660 19271 -19518 7907 4324 -29790 26605 -3156 -2408 2194 -12726 9087 -25851 4055 -29680 14177 
3496 19273 6268 10625 5997 -25831 -12134 20546 608 15426 28492 -4032 12842 14974 -5726 9099 -5004 -19982 27855 -23502 11607 -19809 13889 -8424 21647 24793 -6044 -24044 -27776 5253 -24847 -26980 2325 -12370 -1104 -29600 10222 940 24748 -21222 -8775 14002 -10562 11173 24332 9344 10780 13732 15815 17880 4555 4951 -25131 3907 -4306 -1338 -14459 27228 -28948 20433 -20407 -17163 3981 -13241 25050 -28422 -8467 8554 -23838 -18863 -28879 -19140 20383 -19117 -29820 9809 -8116 4098 11623 17357 -28827 6375 24821 -2379 -8070 -21429 21500 2963 27453 4783 -23517 -20255 13794 -21005 7598 25901 -15158 -4586 
-17313 -1363 -13769 -2695 21922 9112 25791 29807 -2096 -25692 -7992 14208 22520 -16662 21277 -16373 -21360 -13414 21098 -29220 -6614 -11862 24741 -20241 29332 23012 -25484 5500 -23718 -5398 13635 -5521 24097 9405 -14438 3033 -8767 -23454 22862 -22604 -720 -2074 15260 -2144 -5240 15837 -7902 -26284 24376 -13182 -12389 21628 28289 4101 -7935 23885 3473 -5706 -20528 -26870 -17856 19673 8967 13384 2772 11557 -7769 17971 1807 11981 -16957 -11541 -16522 9706 28717 27877 19051 26572 -10938 22015 -11575 -14311 27617 497 12668 -23243 -16146 3498 519 12840 1474 28833 23031 -24165 -27141 17835 -24796 -24195 
13187 -23106 -20936 -22006 20937 18151 17832 6841 -24664 -8877 10720 -8055 121 26975 28162 6928 -29954 -5172 -13394 -354 -5985 -14364 -22551 6414 -8371 -22613 19761 11813 11643 16031 19122 11197 27614 -1534 -3545 18343 -25163 11468 10481 19231 -16898 20115 24515 -16978 -12688 12071 -6841 18659 20077 22501 -1610 -23997 -1563 -29265 19149 -15932 -28767 26928 -26063 -13057 -3459 12630 12206 3939 -25474 -3850 14528 -3309 27497 28025 -7798 -20127 -26718 24062 -22203 -27528 3375 -15713 -7818 24631 6157 16828 15957 -10238 -4493 -28486 -7392 -18395 -27711 8000 7454 -5836 -21075 19791 8002 11298 18692 28149 
-6276 -16716 3300 -21855 -613 20282 22924 -20689 -3052 -21395 24418 -23808 8798 7472 3869 19998 12579 -2640 -23884 29809 11862 28305 -7753 29549 26952 5589 -479 -27172 -17967 -19652 -26692 20028 28682 15879 -25433 14491 -17257 -7947 11814 17466 -3829 -17770 15554 -29764 -24986 17308 -6387 -11359 -15119 22268 16350 -28517 -4638 7664 -8941 -12796 -5075 5257 -5156 -1931 1054 -22878 -16396 -22582 19140 -25613 24258 -4967 -3560 -8875 -7187 29364 8802 -13340 -14018 -4490 19087 21767 -14384 -7755 -24718 -7687 6000 -27393 25300 -15973 -18824 -6462 19840 -5278 -16092 8726 13720 -22351 -22230 -26407 -12541 18233 
-27636 29815 2851 -26317 341 18853 -9739 12296 4548 -16394 -21306 25975 6035 -3533 20019 -24961 24446 -6722 -928 236 -2450 -6768 6765 -13592 -21774 29716 -29918 26950 26116 29598 -21279 3552 10928 13070 5961 11026 20077 -15905 -5906 26328 -9379 -21383 9348 12559 27013 537 17165 27654 20800 -14285 -16102 -4953 -22369 17434 -28868 -15638 -18189 24558 1105 -23051 -17479 -7752 5244 28885 16996 6263 -11220 11253 -12692 -27991 -4073 -14624 -28248 -12868 -28419 1646 -10492 8114 9799 -6831 -11672 -15367 -12903 22128 -28629 -19681 6665 -4356 -8822 20411 -6236 -4531 23243 3964 -21832 -29047 -6201 8429 
24458 -22750 -21985 10079 18506 3874 8392 -21754 -11222 -20863 17145 -13110 29063 -21057 21175 -12750 -911 -21261 8780 2229 18175 -10186 4660 -21933 11764 -2767 -17830 8829 -15933 6352 6405 26100 -29005 -18769 9255 14643 -10972 28268 24546 26451 -17964 -15338 25148 -9869 -23599 16395 20920 -16717 -27205 -9354 17869 21300 28915 11066 -24189 -11282 -21646 -26637 -13166 20444 -29940 -615 22968 13310 -15691 10063 -3301 -11651 10740 9495 8947 -12867 26350 -27696 20173 238 9551 -6410 20017 -15053 -26365 -910 28446 -20614 11903 -22437 -3396 -8117 17337 2516 -28674 14404 23747 29149 8752 -21591 -12846 14882 
-10422 8575 -24578 26744 21331 4411 -21584 18065 25394 -23563 10561 -12168 -5078 -3039 473 17931 20560 11392 7656 -7237 -5766 9596 17791 14282 -1277 -3805 -24745 -26770 -14118 19978 26301 -28980 14416 -20386 -6751 -16705 8934 1989 26372 14073 11486 -6688 27770 2231 -215 13460 -19107 29919 11760 -12354 4192 -25907 12287 -20376 -19464 3312 -25400 -9242 7827 -25792 -6928 15003 -9385 -25608 -6583 -9555 9029 -13568 -16494 14011 10919 20845 16621 -3961 9823 12665 7039 26598 -9348 13875 27094 -19721 -27029 -26385 -11444 -22616 26310 8483 -22967 28811 -15386 -6029 22543 -20700 -12928 -15517 -15721 -6051 
679 -29021 -6245 -26384 -12929 21009 26475 -17226 2862 -27034 -4660 -236 -25775 -14301 9111 7214 -19184 -24111 29224 -5975 19786 16172 13401 8108 7314 14796 -13825 -28601 -5260 -16961 -18129 -17346 18468 22255 7926 2518 -17608 -4692 4220 25829 528 6402 -9692 19658 -10470 23200 27860 16053 21174 -12024 -9114 27610 18845 -20256 -23625 -20229 11005 -16907 -1134 -7740 -22213 25690 27606 28410 -16664 -19958 -28771 -3319 17662 29520 10530 16617 3965 -9334 16244 27648 -3012 10073 10889 4960 21017 20565 -22098 2180 19943 22111 28065 25769 -1349 14677 -12332 -24651 17114 14958 5451 1715 17034 26321 
-23517 7197 13294 -10622 23580 -13934 -21815 -11895 -25928 -4487 -20482 11922 -13249 155 -14232 -27672 -26665 1843 -27036 -615 -8643 -22824 -20741 -17920 22780 3365 10796 25515 -10462 27230 -18847 -23032 -14401 -60 -12210 20623 29043 19626 10222 27649 -17856 -27960 27458 13250 7487 -5358 -3834 -18784 18800 -16257 -21577 -2145 -14784 16990 29072 13950 -15340 -25417 1587 15613 -18939 -22427 -28869 29281 -1158 -5315 -29616 -19650 20093 13039 22826 17660 -8638 -3350 26022 6058 3652 -1791 -343 16842 -1989 -12580 22523 -20577 13412 -21363 23736 27583 -10373 -29840 -25318 -11006 -14680 -2276 -1368 -11758 -21026 -23870 
-28215 5331 -27403 -11019 772 -10493 22387 23439 -25753 19848 -19293 -8174 -21775 -22285 -17219 25471 26328 -27288 -8949 26537 9624 -1132 5740 23167 -5320 -14944 -18984 19248 18112 -4651 -28740 -4135 8215 12793 -29149 -7912 -12701 -12212 -713 -8512 -13732 -1622 19460 -20728 -3648 -13052 22977 -7087 6947 1157 13321 -609 -29130 -4412 -6803 -19431 -22421 -8180 649 13313 -18369 -19652 -16537 22018 -7318 24662 -11002 5563 14756 6381 12727 -6351 14538 25883 6700 13173 -8980 4583 15248 -7087 5836 18558 -15950 -9175 12146 -24737 26422 10165 -14952 -8965 25976 -21943 -8905 -15948 14153 -10925 10731 1065 
-26138 13317 -581 -14066 15042 12239 -252 24631 21062 -26730 18288 19817 27518 22630 -11950 -13370 -13761 -5330 16064 -26922 24960 24403 18744 13052 18762 108 -3989 -20229 28825 -1767 -11159 29630 15231 18021 1316 -3830 1769 -28959 -10453 -27369 20097 20120 19590 29193 10775 28372 21743 -16970 11178 -9670 15777 13282 -278 -8678 17125 -23692 306 278 -25388 6685 -15288 -2950 -8806 25483 -16453 14021 25605 11739 4518 6796 -2223 11100 -28851 -19564 -8403 10651 13504 -6474 9171 8233 20124 -20290 -23678 23630 -17736 -7022 927 -21638 29408 -22425 12370 -17006 -25780 384 11378 -1252 -15479 3161 
29591 21356 -2401 23532 140 -20324 19874 28782 -17745 -9631 -1692 6592 15688 -3538 -23 -12787 -29659 15282 -197 10970 -28480 -25141 -22366 -14020 1702 -10380 -36 17476 -4080 -7062 -5482 -24789 6916 -23745 -12030 14450 6285 17044 -3216 28995 -28134 19072 8825 -25884 251 26762 -7799 -256 -1113 13051 28021 19554 15613 29953 -22978 -20032 -7652 13497 -5293 -25134 -9617 -10542 -17137 5748 -18722 17473 -27515 -12333 239 -761 26424 8923 27587 9413 15890 -9010 -19313 19280 17876 -3293 2933 -19252 9071 -9307 -5657 -9327 22544 -2932 -21988 -547 26287 -1767 28193 -16818 28617 386 13653 -8602 
20468 27465 29080 8479 -24548 -24789 11622 18594 11372 28128 -16830 19970 12178 19993 17510 -13700 8706 24263 -19441 -4014 -19863 -22692 13976 13219 25254 -23283 7515 8517 -25596 -10547 7850 10697 -1 17629 -27390 -24698 136 -20311 13256 -2054 -21259 -12894 4258 -15210 -10128 -25952 -4738 13709 9789 -25955 -25296 -2266 21233 -26782 -20385 -10702 -1931 23090 -22787 5766 1248 15578 -24957 -14823 -12725 8107 -27247 11421 -23237 -6711 13007 -12733 -19036 -20469 550 -28875 -8651 4266 -22009 14094 2681 -13417 29052 -29835 -10453 -172 -25482 -19687 23554 -2097 6714 6193 -16247 2324 -6116 -19544 -22750 -1685 
-8234 -28149 -21401 -2709 28892 -21071 15689 25510 -2163 2344 12169 -5531 -14216 -17168 15243 23181 -14038 -29973 -8822 -25334 -21035 14362 -14860 -28711 19502 -14923 -18767 -25131 -19969 925 1689 8643 17428 21886 19675 -4527 26430 5006 29706 10174 -13051 4492 -2608 -27842 -23751 -2747 22837 9280 -1086 -13433 15139 12238 -6311 6417 -28085 -28841 8854 -14584 24480 -25845 -22659 -2531 -18653 -16766 19411 -7131 -20609 15885 -8636 -9978 -27072 24121 -14670 21697 29390 16794 10507 18144 -8323 -23248 -18525 28465 -5702 28354 -18079 15041 2964 25894 -19977 25302 -26562 -13811 7829 15424 -253 -21338 -16263 -5888 
4252 18003 -16031 28926 11274 4509 -25974 17836 29440 15485 1877 -28175 22064 -4118 12184 -10822 24311 -28654 -10604 6923 -6735 -20780 -15576 14706 -25686 5875 6621 8171 -600 -25140 -17564 17659 -18152 29602 6630 2291 -23298 15995 -13419 -24286 7182 14509 2752 -5154 1920 -18423 25395 23756 2264 -5609 5656 16255 -24134 21906 -25855 -17921 26 26383 27678 16835 21306 -8456 10393 19444 27358 16904 -5951 28011 21630 -10738 10959 -19924 4539 -11962 -25526 -18895 -13254 -20197 -18988 -18019 -28361 -19188 2501 24723 17396 15181 -28520 -17576 -25256 -17180 -27142 24981 11481 19070 -19331 -25748 4419 13628 
17012 -1526 -2258 8396 50 21126 -10935 -13439 -92 -26712 8925 972 21291 -11863 -18899 -16862 -7908 21519 -16259 24013 -8776 3795 4549 -17612 -28657 23674 17739 22265 -16458 -28570 -19384 -996 20331 5775 -28666 -6128 29647 -21770 23293 -2038 -13841 -23421 -9296 -19782 8136 -1040 17678 -13603 -6143 -3332 27959 19309 19328 -4208 -28580 -14525 3364 11477 4188 -20823 -11353 27414 29802 27728 3924 11198 21841 -8591 -6204 23233 16039 -28352 -11666 11335 12227 -23160 22853 18801 15997 1881 -18975 -4350 -7232 9479 380 23940 15521 -2265 -19906 24455 2442 -25029 -21098 -29280 722 -44 23311 25734 
-271 -27944 23678 4391 -1095 478 -5960 269 -23081 25139 26271 15899 -12654 11667 15670 -6264 -6314 10430 -19639 15618 -11048 12677 -4426 -16174 21611 -22665 -10272 -18672 -24691 11666 21508 4823 19940 -23845 3522 -11621 27886 -14012 16616 -7538 24719 17252 16721 -10585 13948 -20431 -2997 -28263 -24942 15570 2308 -29370 8334 25106 -10566 7696 -18307 -9014 -10955 17591 -21760 13815 -9032 -1405 -24336 -23453 24693 -8802 3335 22049 11026 -27955 7501 28533 -33 -28613 -3679 13144 -25223 7037 10352 25809 -1094 -2822 8052 26400 -9469 27587 -16641 16860 -2728 -25540 9477 25210 -3902 -15918 24444 1424 
-23645 -27308 21866 15185 24083 -3836 29289 -5515 -19536 -13232 -3144 -12277 -14116 -6774 7281 -19553 16201 -1102 -18377 -10902 9777 21912 18224 -26486 2670 19519 -12891 12073 -1635 -26302 -8751 29918 4333 16018 5403 -21516 8179 4995 5445 -22231 -6061 5196 -11143 -17800 28944 9165 7964 -12711 -25334 6836 24982 -10460 27634 -4234 -2168 25675 5361 -14031 -4550 8125 -5248 -17996 -3244 -8593 8212 -21308 3369 16637 -13206 -18746 8830 10214 17939 -22757 3975 7184 -16473 -3398 12138 28692 13698 10152 21041 -4419 -26681 25617 15084 9711 12882 -1078 24504 24585 -25260 -13941 11409 24607 24238 7055 
-12690 -13645 6558 -9903 -29804 -28498 -998 -1666 25438 -25401 -20971 16164 27039 8404 3999 -8675 7228 9624 8061 24628 -21083 11376 4812 -10162 301 -20175 -19687 -14575 14231 22618 18866 -4637 -7787 -3134 23127 -10782 6231 23615 -28570 5175 -6832 -4920 -4206 -21651 -7404 20254 -26442 7534 -21717 -20421 10417 7329 21777 -10953 -28233 -18284 16990 21116 -14047 -27838 198 14784 -26050 -22930 -586 13200 -15306 1197 -3470 9599 -1483 -14036 -6954 5712 25446 -1549 5470 20151 28731 19355 -20182 -8656 19891 -17285 26276 -26227 17722 9948 -17120 -1128 11359 -9169 -25295 -20765 27245 -18311 10510 -19440 
2987 -28461 4383 7983 8069 16502 2104 5249 -1458 5048 20971 1504 26072 4265 -25796 -13675 -126 15562 -21193 22479 -5362 7154 -10740 1431 -22138 11508 3010 -7716 -11408 14657 -4483 -4949 -13562 -27391 -29331 17800 -24158 8324 -6081 -18500 6510 -28837 1145 25219 11169 19891 -9233 22322 -12265 -722 -639 -2494 732 9404 15399 -10747 4404 -5294 4328 10298 4992 -13345 16928 -20322 -21925 299 -16177 15583 -3079 22754 -10184 -7936 -2369 -17106 20728 9707 14229 11361 8668 28945 4950 -8832 -26225 -6555 -20911 -23702 -26145 25297 -13674 28467 17735 -10668 -11953 -23252 29770 -3656 -10467 -17000 
280 15367 -25662 10544 13211 3529 -18303 -11543 11957 874 12955 21300 9773 5389 -24323 -23454 -17061 22444 -481 -4548 15528 18800 -22964 -6466 9219 28485 13746 755 2433 20546 -29082 4810 24503 -8683 -238 19947 -21461 12748 -1080 -1339 4567 22129 -22553 9836 -5723 -20999 -4028 5654 -19761 -15445 1521 3944 23595 -2478 12793 22231 -12264 906 -29326 29731 -21839 -24087 -15162 18542 -19207 24565 22637 16713 -18733 -20565 -24966 -13182 5795 -14381 5729 -4596 -27192 -2620 -5207 -13997 -28434 -18342 -3611 21393 -7897 -25052 1179 -16201 -7859 22590 -25148 21556 -2414 4876 -3600 511 12253 -9546 
-16188 4095 -26326 19451 -21731 21263 377 -16036 -22686 -10706 22354 -4600 -6501 -24545 14693 11416 -23831 3897 -23481 -22742 -13639 -26315 -14488 15694 -5167 -15109 16080 21008 -6788 -20531 -9002 7660 1722 -22845 -13039 -9375 20640 -7271 10550 13005 21131 10795 6881 -28783 -24055 -20865 17648 -12452 26762 -25957 12897 29268 23190 8014 -28139 29878 -10839 26765 -22262 18079 14618 5916 -22316 10439 -7569 1215 15170 27808 -28462 20395 -6050 28694 -16268 -24988 3949 -24516 21511 24020 -23911 -16733 14483 19575 -16193 25852 10350 14235 -22297 -2300 -1118 -20402 -17884 -9184 -24484 11482 -12556 -16917 -9560 -24957 
16518 29723 29464 27325 -24113 4012 803 20913 -14230 8643 10 2575 27594 -27042 -26575 -14253 -20918 -1214 -23137 15420 -7949 27617 -2459 27397 -7369 14920 -11278 -9543 -7584 3628 -21023 -7323 -8383 7588 -15415 -2249 19476 7368 4940 3697 15900 -5511 -28196 -22595 -306 -23662 -20117 -16994 -22122 11575 27067 19507 -3582 -27988 -18818 -26626 2641 3381 -17392 9912 -12760 14603 -2789 19064 19563 -21375 -15581 -16858 -14375 -24669 6385 15966 -24631 -16965 2212 -7643 11161 -24376 -19690 -12299 22352 655 25160 11936 -5181 23071 -1650 -4467 23124 10165 -2720 -29905 -10946 11377 13189 -18433 -26356 18554 
-6730 342 8546 19323 -20342 -17848 -3597 22351 -5699 -8785 -16769 -24468 27374 -22170 -1659 9676 27932 -15646 -16233 -10024 29909 14796 5742 -18365 -24653 -4336 -22504 -22983 -28052 1182 12563 14096 3129 -9388 9225 -22240 9517 6969 -13473 8515 9801 -24584 -11242 -26721 22749 16109 7589 -27358 23401 1077 17724 -23506 10051 -28991 -14919 18579 -28084 25520 -15294 -25953 708 562 29480 -473 26547 -18188 1150 -11826 -4114 -18456 -2431 -29802 -23160 -1105 26190 -11418 22894 1118 -5194 -19922 7085 -6168 28141 15674 -6030 25928 -2578 -8901 -25406 13270 -24679 -4322 -11988 -27326 -15908 -7654 16251 8430 
-6556 -3991 11840 4937 -16147 28059 1918 -11913 -10726 -26341 22391 -21700 -27020 -21087 12001 -16358 -13470 6187 29303 21985 -18143 -24928 -6511 -14902 -3519 9622 -221 -9725 -8145 13110 -9008 -29304 -25179 -22142 17898 16539 -17793 -12630 29719 18072 -11460 -6776 23318 9855 23118 -12077 -18666 24588 7197 22203 8824 -11038 -28539 19755 -28793 -25229 -2175 10886 -1238 -3512 19990 -1812 -19086 17499 4256 -7188 -14995 -20887 -8044 -362 -17704 18147 -22505 15503 5257 25086 -11035 -11609 15099 1296 -20309 8381 1047 24464 8188 -13978 7143 16567 -18510 14648 28369 11938 -12742 -26231 -8253 -7205 18524 27536 
3334 23110 -25073 15600 4517 -18201 -15470 2808 -15287 -14395 -15821 -15907 -26816 14422 11291 6878 -9929 11140 29016 -5692 13954 -28729 27884 -4941 12444 15755 15200 -26337 5776 10111 -218 -9096 -20622 -5835 24554 -189 6299 1800 -29468 16472 17989 22284 -10025 -28689 -26836 -19405 6131 -7352 -16924 17444 -20444 494 -9118 19031 -13158 3298 11792 3216 3661 9601 -18422 -15406 9075 -5275 22063 -19187 29661 -23477 -16694 -20008 -21109 21780 -15441 10754 -3694 -1178 25676 9185 -8314 -6963 10987 7252 -9399 11479 20029 -12286 -24695 -8752 -2244 -72 21927 -20994 460 -19781 -22331 -16981 -363 794 
11069 -12308 -6844 11389 -14506 -21514 -17226 -9309 14380 -12093 11354 14202 28828 -10367 -18574 11940 -302 -29242 21579 10809 -355 27837 27130 9575 1294 22987 -3657 27425 -24723 22623 -15725 -15784 6950 21027 15392 -12008 11270 25958 -10421 -24949 -7129 27656 9386 -12394 26157 29724 -13639 10387 -5079 -21880 26160 24415 5499 -14585 -17281 12477 562 -15549 27280 -20026 -8487 8109 -15857 -16782 -2978 21482 28480 5429 20511 -22894 -19609 12176 -14491 21586 -22792 -19202 26289 -24691 7638 18969 -13153 -24987 23666 10418 -22990 -20530 -1025 27031 -26030 -6153 18097 -16775 -3359 26847 -15961 -23917 22328 23017 
9751 -12717 -28841 -7607 16868 22994 -16514 5105 2087 -27564 2710 -22427 -19525 1563 -21447 -21661 -11487 23632 13188 14706 -14194 -18987 1497 -9768 -20375 14360 16575 -19746 8745 -4814 -5673 -12478 20347 -2436 372 -12878 11779 -26903 -749 26934 -25291 -7921 -26406 -27589 15756 -19546 -4386 -2496 -24518 -6372 -3955 -3644 -10117 21599 8261 18866 -25883 16972 -2872 -25212 -24412 24602 21187 14211 -8911 -10651 26715 -18992 21422 905 -22242 -23293 -27920 28211 25863 -22337 286 -21795 -3893 -25588 -15151 -28453 651 -1379 -9625 15617 15121 -3416 3888 6300 -14487 29156 -10668 -5906 24543 -62 21585 20926 
-26981 -13732 10377 19503 23544 27903 -12992 13874 -27069 26328 14569 24686 9393 6534 -3278 17188 16139 -29444 -11047 -19295 28376 -890 -21157 -1533 21155 24984 -12718 28854 -8917 9375 -22013 -24325 17781 22380 -10723 -14698 14702 -21984 -21025 -17849 -3508 6721 -17562 -22097 -17809 -18427 -16292 27392 -10780 26872 -20213 -28383 1825 -26259 1958 29361 113 13605 23267 -1073 4981 -28998 -11336 19413 -23227 17721 2042 15992 13267 -24258 10036 10577 26169 28173 -5718 15405 -3564 -21865 -29085 1380 -12434 196 20454 -16134 -16767 11992 28058 3973 26097 3428 12519 17689 -20909 -23276 28198 -12255 -14930 10036 
-1413 388 14286 -944 5543 -29996 -23536 -12843 -12993 13487 8584 -14944 24051 -8966 -26464 -23449 -2600 23300 -12001 18062 8726 -27059 1343 -10360 18181 1330 -12375 -24053 28740 -16414 2002 17110 3416 -12387 20309 15764 10563 1545 -21596 10389 -20843 2719 -22290 -3257 21081 -7465 5730 -28165 24981 -8133 23825 21938 10728 -27807 15588 -27810 -25457 2123 -2554 -10677 6606 -22956 -1054 4226 10132 13992 -11383 -19939 5614 -8165 23835 -17970 18222 6979 11609 29903 -17568 21691 -595 -13376 -3427 26385 6038 -8591 18332 2909 -16069 -26686 -27053 17694 -22118 -29993 22938 444 6196 -4167 1140 -4703 
-5059 2188 8713 20295 -11241 -10243 1585 -27643 -10962 25475 18405 -23958 -8918 -15617 -11267 21307 -9939 492 23306 -16552 -17521 -15395 23173 -23171 19241 -16346 -26378 14944 -19041 27215 23521 21524 -26385 -18733 -15379 15874 2298 29366 4888 -13589 2275 18070 -5985 -24081 6063 18919 9333 3651 4327 27612 -24918 20427 12181 9848 -21522 -1180 -9599 1582 3070 20019 18700 1155 -11854 18955 17910 -13295 28628 -10342 22995 -4999 9585 -11193 -4970 -13284 199 -9375 4889 14817 -25953 -21670 25501 7421 -29934 3722 -29785 -3450 -7305 -1848 -16363 25047 -6655 6735 -21784 -11269 -28219 19000 19682 -27094 
-28979 26638 16815 -24299 -4631 -14333 -15972 -24212 -28441 4654 -25759 2343 -6959 -11116 27259 -14890 -22623 23128 -17569 -27112 -3229 -22803 10209 13587 -8277 -3655 22404 -341 22198 -21160 19251 -18851 -4448 5201 -24747 -1924 16483 -24385 -9705 11449 -5603 12231 6533 18031 25680 -5240 -900 12490 -24752 22834 20270 29240 9497 -9172 -29309 -21547 -16577 16844 22173 -8654 -10869 -2436 -11665 14787 10554 13971 5277 10032 19093 -20226 -28091 3093 4078 -11923 -12573 15915 12947 14795 -5224 -191 5589 -14529 125 -25743 3814 -3580 -29339 -20772 17699 29867 200 -23990 -18813 7332 -29473 18621 -20314 8388 
-14390 -8283 23919 -18234 557 4738 13757 -21043 26740 -17526 -27089 -28032 -16529 -15464 -1901 -17402 -16869 10030 1387 -26156 3470 -20610 -5285 3787 -3097 -11634 -18110 -27848 -22725 11576 14245 -11391 -25574 -23833 19915 -12285 -14024 -29480 2035 -4405 -9396 -21898 -13936 10703 18614 -13281 -27956 -28144 -17738 13008 24919 14526 -12379 -7905 -10478 -27170 24977 4369 18341 3487 -8967 12371 10365 -23419 19814 1341 3535 -3756 12917 -7914 -3803 -24325 18401 5565 16819 -26061 2777 16110 -15522 20944 -17470 -13086 14616 3817 4237 -7003 -11920 16080 7449 -12477 6584 1251 13251 17228 4193 -22412 15596 -12966 
-8735 1524 -9159 28137 1455 616 -29118 12560 -26567 24856 -27818 -23924 23865 -7490 -8300 26172 8184 6657 24720 -19750 -25753 14081 19626 23742 -7420 -5642 -8124 29867 28744 -23810 8908 -18365 16971 -21966 -22175 5744 14881 10593 -24408 -4416 -11512 25342 10035 -14193 29754 -6973 -19965 15674 20826 13171 -7000 -25491 15621 12238 -18119 -3446 -22930 -8661 -3635 1509 4537 -20551 -3235 14697 -17197 -28959 18889 -13831 11476 19071 -24631 -10166 -7482 23270 23227 1888 -17456 16082 29701 -12500 -15249 20987 -11753 -11073 12666 9115 27038 -14375 2693 9811 -17333 10874 -9590 -13075 9564 -6619 5868 -23880 
-3723 12994 26132 -28363 27650 6343 -27808 -21893 -28693 9479 -8739 -9006 22244 -25059 21657 5232 -17150 -841 25531 10777 -17996 -6809 -23790 16093 -14267 24183 -9420 9322 16381 -6291 -16939 -15606 18603 -1328 11241 18285 -8825 6981 3320 1961 -25232 6937 -2870 27436 -19832 9258 17755 8533 8868 26640 10357 -788 -104 28534 -20800 -12010 -26986 -15158 -7045 -24731 -19673 3371 1866 -20514 -22951 -14429 16695 -6151 11018 -3613 -22348 11727 -19143 -1733 6617 -559 22199 18507 18749 21017 10078 7816 -20788 -212 19973 14831 -25803 -19564 5538 25017 12981 22241 22925 25015 9603 -2481 -13692 5392 
-9889 -16775 24591 -25271 -722 -16943 24224 -8837 4248 -15067 -6583 -23713 17343 -10311 -21456 -21215 27967 7615 11714 -28484 18380 -8256 27473 -12484 -15248 2293 7124 -15884 -6605 22883 25250 24814 -25713 -22472 17404 18490 -11773 20861 -1774 -20720 17530 15147 17719 -3284 13743 -11542 21174 1184 10535 29060 -6939 19777 -15611 -15088 -27838 3777 -9361 2825 -20757 -18135 26829 599 9547 10790 -16561 3056 -24818 27302 16329 -4233 10593 -7353 -15730 -12490 -17845 3128 -15654 -7336 24907 -9566 14636 -18111 14759 6492 12076 24562 -9184 2618 -28340 9277 29809 -21425 21728 12003 -16009 -28915 2325 -5842 
-29696 13241 -12722 -15311 -26978 -6207 -5616 -26286 6696 16655 -8280 17821 25828 -25709 -3911 25835 21785 13912 9855 -28681 11559 -20227 22701 -14588 7768 -22914 10258 20975 -11559 -2287 10398 -25644 22398 5339 6782 -19846 4730 -2252 -1457 -23223 -21508 14771 -14327 -10623 -24612 -6457 9504 -20794 -22129 14822 18528 26946 22512 15326 -10462 -19198 -25619 27260 -18873 28890 -620 11499 -15672 4776 787 10131 11838 -21091 25146 17960 -25018 7491 -17019 -5885 4000 -20870 -29433 -6157 -10058 9053 17402 -19504 25174 -26359 -7091 14134 -17141 1047 11848 -16620 21530 14626 25118 -24648 -540 -13054 222 11648 
18720 -29798 -27025 -23299 -15569 20780 -15464 -5906 -15004 1189 25963 26655 -21714 4177 -16715 -15741 24375 -11423 27845 20373 -15756 5573 22443 -10654 29683 -24559 14474 17330 -14894 7791 3566 -1425 25759 4218 -16666 25742 -9876 22278 -16580 -8242 2544 -1706 -7377 -17295 -8115 27230 6680 28816 18210 -4138 -4823 15263 -16822 25716 -889 6518 2287 22567 -25614 -2640 26128 13801 -1180 8495 -8785 -104 -7869 -10260 -22207 8676 27602 -13800 -19326 -20048 -4348 24924 -404 16777 -11408 1513 -16260 4008 15575 17525 8360 -1916 18172 8872 25797 -10026 2961 1174 9133 -3401 -20925 9391 11128 20708 
21932 -29322 14330 14163 3269 989 -5553 -1343 -25051 -13887 7224 8882 -2510 -4115 -5603 18033 -25148 23380 15885 2112 2780 29873 14168 25813 -18439 11028 6303 -16403 -8162 18145 -23618 -16781 27653 -22899 15512 -20428 -25814 15717 28932 -18218 -25160 16030 14717 17110 -19098 24406 10822 717 -6092 -6548 -12416 11744 -10698 -29181 8855 26306 1471 -7797 -7529 10122 -5753 26292 14584 -6575 -1332 28463 2521 16661 -4976 21393 14667 798 27848 10699 16525 -2524 17783 -27667 -3994 4060 28456 -8250 8470 23750 -15413 3952 -28814 -5381 -8982 4577 10205 9373 -4059 2864 19858 -15843 -16767 -984 
-19624 -29551 -7991 -18924 15464 -6712 3788 14740 13791 23691 22676 -16683 24702 -27565 -19788 -17207 22065 -8571 -27911 18845 -10500 -24416 -15396 -21964 19223 -16470 -942 14394 -22769 -17836 -5258 22932 -28590 -3288 -19594 -16719 1527 11086 -21156 -22497 15159 26672 5389 1737 -24 18234 -5136 -29639 -18718 4146 -6678 -26019 -17867 2286 2636 28054 -16975 11228 1763 14917 -14147 -23307 -25602 4279 28685 9561 2021 686 -10562 -26547 5624 5818 -6769 -25035 -5032 611 -14540 -20569 -17051 19268 -1446 25914 -7701 15131 -2371 -15370 20126 28442 23355 -10961 19383 25964 -22322 20506 -24100 12494 26677 7559 
-15011 24233 27773 -13222 -10366 -4047 -12266 -9842 -8218 8590 -10332 26572 -5581 27313 10769 6815 4465 13340 -12966 27543 -4789 -6223 -5754 -10483 -14163 16570 23125 -5187 -14549 2549 6834 -23972 5798 28269 -15866 -28739 6057 4030 2791 9658 -9058 -28456 26978 -5744 18274 12496 4702 7289 -7959 25305 16108 -10184 -21051 11995 29065 12110 13965 23267 29885 10601 -18249 26915 -20923 -2990 19118 -21201 5046 -18223 870 -113 -16987 548 -9163 10493 -21560 25088 20180 -1037 8764 -5274 -6666 -3182 -15752 -2169 20834 13851 15682 25654 24150 -89 -3433 -17500 3998 25562 8212 16302 17210 18938 
-3018 24302 -10479 -24142 10996 -26077 -17643 -2483 18656 9105 -13847 26657 -25972 -16210 -26575 -26631 -23353 19874 23562 17389 15495 -8432 -27579 28569 2098 -14136 8095 -5961 -5468 -23098 29808 14888 24987 -7103 28058 25463 8462 17308 21112 29710 -20348 9798 -9325 10577 -6844 -3037 11171 -2809 27867 -27178 26159 -5703 -25899 -15257 14615 17739 1711 -26261 14339 -13082 -26960 20066 -4148 -9960 3658 24253 -24280 -20920 10527 -2806 -13679 4957 6215 26668 -24161 1517 -29397 26193 1441 -26375 -25747 25456 -3050 -29390 21785 18444 -13117 -4134 15602 27128 14029 9396 -4454 -11396 -14968 12560 29236 -20879 
-7320 4860 25833 -18635 -26957 -28508 23337 6718 23405 25699 -29149 3620 15870 -19487 -20949 23586 26157 26545 15547 -27808 28448 1787 -4601 -27487 5964 -24874 27218 8778 -24504 -8598 -19427 -9608 22851 9129 -10523 -18361 -10056 28145 -6295 -24449 9605 -26842 9117 10755 -20446 -1804 -24929 -7945 -24905 2764 27076 -662 -13468 2229 -27037 15590 -26443 -6987 12020 -1402 2492 21483 -19435 10566 -4047 -13072 -18240 -23047 -9588 29152 17168 -11864 -22811 -16167 -9820 10539 18655 483 26641 2410 -26218 1142 -23766 21821 18540 4496 28742 17191 -29263 706 -3128 15956 16168 -22121 -21965 21381 11582 -3534 
-20125 1257 -19665 4312 -5536 28464 -20571 -12396 -19274 3411 21482 -20182 22541 8357 4519 12276 10508 -3599 11524 -15120 -23045 5541 -5725 -28500 -22308 26630 20269 18921 27222 -17180 -23629 -4863 -24823 19058 11897 -23908 18480 -21251 27934 -11749 -2998 -27310 17415 13060 -16583 -4664 1732 4260 -29696 15812 27782 -18134 775 21391 14627 -341 8829 -15114 -7030 27792 12912 -10589 25864 -18902 -18475 -12 -25396 -15724 -20580 4727 -17450 -17946 24008 7676 -2440 28776 20222 7707 7281 12691 11222 -15773 20174 5072 -20264 22994 -2268 13700 29458 -597 -6189 -12141 24240 21736 -11458 -24999 -24723 25184 
16773 -5042 13916 -894 29165 -12208 -2822 27448 -10042 4486 -22414 -11364 -18090 -20665 -12479 28298 9064 4966 27342 6101 -12446 -23546 -8463 -9768 24981 2877 23911 -18248 11087 9998 -14711 3139 10139 24646 -8067 -9255 -20631 -13257 17459 27065 21209 4850 -19614 -17012 -8582 18776 8359 25700 -22311 24350 -5337 3965 6461 -22352 -27610 16817 18144 8409 12129 -5250 -2924 -28246 27081 -29941 -7107 -24818 -20115 6811 16895 -17312 -3435 -14468 24426 -12026 -15777 -3526 -20682 -5122 11255 -17793 -5277 -17257 -5082 27338 13111 -10087 26169 -3433 7912 14643 26600 25371 -2643 -21588 -17976 -29155 -16787 23343 
14638 8063 20506 28095 -23768 5096 -15680 15671 -22358 17286 13814 15297 11059 -21893 823 -5221 24904 -4471 -8695 -24222 -10906 18807 24023 -14989 -22529 8738 3418 29369 11038 -21845 25790 15503 -23718 5015 11513 -26826 -28976 -21887 -28457 12945 -28312 22166 14900 2396 5164 -2814 -29311 -17274 -10636 21117 7012 -19729 -26089 29626 -13714 -10355 22621 -12977 -5922 8437 -7409 6575 28228 4082 -26933 -27167 7465 2225 -7076 -5282 -13744 -8504 93 19545 28365 -17017 28463 22870 28602 -29949 5606 20527 -29361 -19077 -3486 10082 -21719 9148 27082 -13215 -18330 13135 -15733 19410 25713 -29363 11365 21523 
3411 10514 -13586 -23220 20027 -14509 -1658 -18299 6134 -27255 3347 -1876 4058 -27280 644 13453 -14541 -22237 -2364 1862 -10276 -27278 -13615 -22079 -26314 -15310 -22152 -13915 -27354 -19128 -1594 -2583 1899 -25414 21524 1141 13292 20615 14461 -4805 27628 8704 -9711 17145 -28539 -801 24082 -18148 28850 -6681 -29490 -24157 -9121 -28151 27427 29697 -23050 24308 20308 -11153 -19765 -28662 29698 -22350 12979 28144 11406 21983 -27026 -23983 -27458 2941 -29774 4462 -14946 3494 2407 9544 -21749 -362 26087 17378 9133 -13657 25490 12678 -1222 -3694 -9211 26974 -11344 -9690 27056 -747 15259 -20326 24198 7426 
1251 -26187 -12214 29270 -7103 -14082 16993 5123 23944 23235 -13523 42 6974 -23350 27552 16800 -23059 4550 14119 -19264 25205 -9199 22970 -17655 -3903 15590 -20838 -5667 -5357 3512 607 -19480 16576 -21691 17344 18634 -17351 -17107 1211 8784 -19099 -26184 -7250 -16329 -589 -7861 2042 -4916 -10538 8525 27246 3820 -17082 28838 -20002 -28195 -14127 -12417 -10224 1204 -24571 16411 4754 -8027 399 -23936 8401 -11733 9658 -28391 1850 21040 -20303 29655 -26447 -19938 923 -2148 -15857 -19199 8335 -14774 -4605 -19753 22057 22737 23480 -7940 -5659 -21236 11823 -12643 14982 21025 -16687 -14288 23237 25860 
-18872 -5727 -2978 -11813 15836 24986 24949 -28463 -1476 -9902 -13806 1964 -22796 -14619 718 19984 -13435 7971 2836 -18525 4079 3737 -9642 -10611 19748 12766 16170 16855 23956 26984 -13108 27903 -29744 -5272 -23767 28748 17590 -11219 7928 24921 20199 -22754 22569 -10559 -14157 -13645 9456 -28345 8470 -6882 19624 -21327 -29971 -9930 -4717 16606 5610 -11856 15215 10904 21609 12334 -25530 8005 29501 -22527 15980 28075 19039 7834 -11635 28845 -27978 -12528 18040 -8686 18740 -16250 3816 21548 -11947 -2396 -20126 -13772 26831 -28366 -7028 -22786 -8520 27696 -6696 17673 12196 4061 -3519 -11606 14132 17150 
-21071 26169 9604 20428 25960 -27548 7672 756 28552 14598 -12842 29903 20565 18780 23603 17919 -19546 -15985 -17833 -8390 10217 -20216 15089 25571 22695 -29164 -5764 13384 -17595 -1643 17122 16300 -27997 -16908 -16211 -2094 18298 15846 -9644 16473 -29933 -24045 -10264 -9576 -13971 -16733 -20673 24360 10590 -25594 -3650 26848 -15426 7460 -19429 8262 12791 14880 -19863 -29024 -25773 8558 19458 24634 -3211 1668 13282 -3430 23540 -26052 1755 6210 -5513 -10280 -2303 -7739 -5801 19594 17895 -127 23464 17725 22457 18086 1299 -20583 23151 16054 24064 -11823 -19542 17202 -23572 -10288 -9625 -24312 -10670 19327 
12743 -22531 -24079 7982 -19367 14002 6123 -14055 -17758 -24362 25323 9054 -7504 -21129 -5871 -5006 29927 -13949 -13978 -13148 -5367 -6729 21094 -4493 7349 11639 14010 22275 -13610 4990 1828 -26262 -4015 -4993 9808 -8949 -15340 1381 94 -23622 -2929 -6918 -19306 4303 19238 -20774 3018 -7564 19233 -23784 17105 -6220 -12688 -5571 -5961 14894 -23334 23555 7603 7457 -4900 23828 25640 -16350 -14024 23911 8119 23768 -10035 27381 23253 -4732 -1615 375 2015 -2028 331 29970 -7609 23025 21051 -4435 -11823 -28365 9224 15363 -18246 -12527 25044 -11671 22370 26274 24481 -25484 18561 -20967 -17194 -9882 
-23905 -24753 1316 8535 28933 20638 5113 27205 25219 6421 -25521 27124 -19849 -26517 13553 -10248 6774 25645 -26589 -16387 -15028 -4394 7530 -2208 23828 -26665 839 22115 14547 18990 25447 -21000 -9558 21720 24542 18876 7963 -22091 12223 -27379 -28185 29170 27043 28146 -17444 667 12414 -13070 18102 11626 -13891 26428 20888 -4997 -3339 28887 14995 24070 19960 -3379 -25052 -26797 -28208 -2861 -14971 1982 -2574 19938 -18673 27344 -29244 -8367 17682 29465 4635 26444 -15598 -25600 -10807 -22245 -9449 7372 17744 -10768 -7906 -6338 -22521 12927 6388 -11428 -25331 -26437 9032 -8264 -22401 -28562 7537 20353 
-15775 10752 6893 2149 9974 15141 -7976 -3996 -25532 -22925 7017 -8946 -9406 24621 -11957 11448 -2259 -2191 -15661 7919 22625 3051 16025 -19178 27939 5944 -22941 -24769 12450 -28698 22148 19150 2006 27854 15954 -9757 5713 10170 -20835 16951 14471 25998 -21906 15829 -16384 -14541 4268 -29918 29046 -10980 1234 16742 28698 -25478 9423 25260 -16269 -14060 10735 -25188 -10278 1364 11196 8184 26628 -25276 6685 921 15259 -23425 -25527 -20020 -23688 -21571 -7969 28878 -17417 -23852 -2527 -16347 17217 -24918 -19205 -17309 13291 -23929 -19601 -15114 -16307 10442 13869 -25898 -5309 12157 -24575 -4772 12501 24550 
-7416 -23891 14911 2378 -28819 -2394 22920 3053 10412 8219 -5677 1900 374 21798 -13384 -9288 11654 1622 -16452 9626 27074 11679 -1541 -22250 -21297 -20777 24467 14172 -29676 3728 9989 -24712 -23978 -14421 -18468 21998 14979 20760 -19402 -1351 -21940 -11479 11839 -25531 -28953 -14837 11657 26873 -18161 29182 -25730 1288 19862 15394 12956 -24140 -29476 11200 -12176 28004 -1393 -7366 -16951 2292 9700 5763 17228 14757 5774 19309 -27872 24873 12758 -13785 14076 -29089 6906 -1527 -13649 -27957 25806 16992 -6173 -25136 -23482 4199 -9039 28272 -12359 6046 10359 -21750 -12118 -25500 8750 -1326 15413 8668 
9991 10625 -473 9730 -10565 29529 -20571 27764 -28062 -14422 10376 -25434 -28470 -323 29170 9554 20330 -24892 -10951 23534 -15776 24304 -11403 21691 8441 1006 21743 -15446 -28246 13345 -9447 -11387 3055 -17073 -5842 11212 -27218 -8726 -584 -13544 -16971 -20874 3005 -17622 12731 -29254 331 -28870 18251 -11775 22787 6337 6653 -9393 -15562 22011 3346 -8866 -27662 2017 -5801 -7383 -27631 9674 10220 19072 -6149 -20446 -25066 23372 -5502 -28750 -11477 -5291 -15936 -6655 -20545 27534 -8871 14441 17484 4507 17007 -13048 -22658 18198 21291 8385 29496 5926 4766 17528 29276 19974 -23296 6780 22783 -9092 
23162 11620 18848 21876 -5531 -18511 19753 -22018 27811 28597 -23522 -5444 -11870 -3270 13077 -29308 19130 21607 -22275 2877 -2545 -19689 -8816 20283 25449 -11793 -14033 -5151 -17273 -13457 -9544 17105 -26148 26423 798 20145 8375 -25452 -27474 -12903 -24774 7014 774 10770 -3907 9858 7581 -29899 2171 17453 -1492 -13089 -780 -12299 -20731 27532 -19602 -2127 2932 -14446 -7890 -17958 -6802 -20580 21875 24047 653 11588 -29239 -9701 -27812 -17290 467 22969 28912 -8793 17062 -26208 11043 -17501 -6651 23525 23794 15991 4950 -10094 2163 10768 -14619 -13344 16336 -16893 979 16033 28355 -4488 24610 1178 
-25649 -27114 -829 -28885 21443 -22025 -16031 15027 -12047 2297 916 -21821 11012 10834 20584 -10264 -10169 16242 -11511 14449 17536 -20588 15392 -17760 -22105 19025 9868 10934 -5503 -21301 -26122 22009 523 -15130 13350 -28130 16540 21453 20111 -19253 11791 1566 -2549 3700 2538 6119 -9491 -15608 9102 26000 24418 -4242 18775 25087 -4314 25187 -25602 4876 -25389 -13415 -27044 -10988 -25677 8226 -7512 21544 14506 20065 28777 -17421 -28848 19211 -7255 24382 16541 16346 18168 -7077 6387 -24997 -16580 4923 -25125 25849 -25302 -29860 -1277 22941 -9686 -25978 -15872 -11727 -9276 11021 44 -9021 16350 -9765 
19503 24815 -21327 -19275 -5884 -5964 -15050 -6029 14971 21761 7953 24928 -21790 1370 6088 10169 -2588 -13149 4043 18004 3673 -5836 24720 21366 -17146 1621 26000 -6370 23489 21083 4276 -10701 -21046 -10007 -24864 13859 12364 -8079 -29288 9289 7421 19448 19440 18393 13719 -5167 -18614 16397 13261 -27516 -19420 10115 16396 -6187 8565 -27571 12541 16350 8513 -19507 27781 18600 -16024 -2761 19339 10770 -17562 25519 -26928 1619 -21580 -14447 -10969 16407 17678 -13693 7691 -14328 -12644 -5765 1101 17830 -23359 -4287 -21838 3807 26582 28627 -22888 6666 -15614 -20401 12186 -13264 -13832 1851 22089 9728 
-15096 -26102 -5721 149 1037 -9285 -20197 27142 5217 14548 6722 14291 14164 -27930 7562 466 5281 -6117 -9891 16013 1632 16067 -16516 -20820 -23603 -16523 -13473 24262 -27436 -1381 -14500 -27011 -10638 24952 -2383 -24733 -14271 19087 -7184 13654 -22106 2180 21332 -27996 -26661 20052 21599 -29301 -22112 28700 7949 -7617 14077 -18926 -29257 -24565 -16278 -22845 -15909 -18284 4071 -2259 -19276 243 -4863 -8917 -18059 -13936 25393 16635 11510 5445 -25892 -25309 9536 -25883 1120 16788 -9667 -15713 -18275 -2632 -20903 10934 1779 -13735 -14439 -21152 -14938 1836 -11262 -29520 -18475 12893 6624 -24553 -5945 2340 
-1389 -3822 -6014 12213 -20256 -9516 -11625 20155 26854 -15891 -16028 297 5721 28578 -5693 -16008 1146 5779 98 14528 -22893 -21334 18381 -13468 -28799 9660 -2884 19192 14249 -22568 -29557 7069 28518 7955 -25246 23604 28001 10371 -11853 -20440 -16303 13460 -7371 20237 -21217 24273 3792 14425 28571 -9467 -21895 12838 -22949 -13363 2907 5211 -15288 -7892 -17034 14562 27355 14413 -8873 -2449 -3088 17400 9700 16092 -6825 11 -6627 7384 -18399 -11528 -8636 13765 15109 26676 -9494 10979 10571 16811 27533 7699 -20437 22989 12315 22035 -14997 20907 8161 29913 8647 27717 4567 -5324 16241 722 
-13487 22459 26309 7938 13493 -29708 -21161 -10536 809 -15541 -13853 7163 -27223 -26264 12037 126 -14873 -5643 28687 -23466 -7902 26413 19692 22893 21001 -13653 18331 -7606 24813 -10042 16619 23985 8219 22989 -13533 11153 27502 23632 20107 -18423 -2376 -7722 -21403 4611 8904 -28376 15363 -29227 19275 20704 -8530 -25545 18469 18314 28642 25541 17792 -11690 4111 26708 25284 -18448 -20366 -10753 -3007 5464 23077 -24159 21201 22877 18253 -20628 -9325 9967 19215 -5397 3960 -22912 10441 -1429 -23601 -14415 18294 -17479 20314 -5208 -18614 -18039 -28269 -17432 11193 -15148 -29155 -9888 21123 12091 14462 25169 
-27020 8958 -4641 8664 26118 -10091 -25140 -19433 -26243 -3398 9314 22966 -24664 1544 -18213 -15809 3811 -25019 -27235 2068 3876 27077 29669 -1787 -2282 -555 7100 -1207 -20035 26563 6696 -24886 4944 -25052 -25369 29713 1718 -17252 -808 -10780 8944 -29992 29392 -19136 2924 -1889 -971 1420 8411 21417 532 1363 6195 -26844 -6727 -3164 -7582 -18054 -27291 -16750 25742 -234 -11319 -14899 -3927 -19442 -18434 -22246 573 -20049 14816 26164 -1271 4054 16116 -9515 -17614 -12277 -7238 15280 22923 17425 29003 3064 24839 -29030 11681 7471 -4800 20273 15403 28365 24388 6668 7444 -12990 18550 6631 
16386 -19983 -25698 3922 3150 -25245 -14680 -1962 18910 29701 -28627 20023 -19874 -18924 -15678 1295 -28948 -14642 6575 -22825 14267 -8116 9140 -27340 24610 15395 -9615 6930 -11682 14444 20894 -8620 29273 -4145 -27613 -21811 29296 -5181 8126 -17593 4698 2788 3354 19942 29241 -11383 22505 28779 14164 21067 25672 4918 -21721 -6007 -13306 6880 -25586 24688 -12566 29583 18143 -22042 20537 -24912 -14643 -23452 -24333 14155 14241 -630 8065 -22324 7905 9373 6689 -14347 3200 -29191 -26735 -13129 5951 14811 13896 -9498 -18779 9553 -17505 -24021 26504 20589 -11883 20694 -28440 -16069 4562 -2508 -27547 -14125 
-11378 18893 6471 23749 -18450 -25032 -10453 17551 -21025 13053 7112 26382 19198 -25097 -3108 -25843 515 18255 -27677 4661 -29441 -1390 -13039 -4943 -23710 23825 21683 14307 -27546 15911 10532 -9884 -21764 -21465 -1973 4198 -20738 -12094 1767 2918 -6253 -3376 -23839 24489 28224 22934 11934 1635 -22297 -20378 18153 14740 4319 19113 8363 17096 -11688 -42 14484 -12040 -1571 27121 -3648 -21952 -6009 -14811 -4231 29134 3883 7386 -8770 -8569 19766 -10128 -13742 -22544 -29643 -2394 -16227 17158 3510 -12556 27441 -10698 24845 -14818 13151 13894 -6959 7908 955 12051 -26216 5643 -24443 9047 -12130 -29370 
-24234 13216 -24341 -12286 5887 25100 -6457 5625 -4683 -27081 -6785 26727 7286 4881 25920 -28980 10280 -943 1223 23632 -5578 -19683 18168 23489 12706 -24623 -28562 -18476 -7966 -27391 5646 -13081 20467 -28601 -26066 5670 -5041 20608 -8719 29681 2022 22134 -10480 -16686 -13910 24777 -28796 21338 18904 -1383 -1159 28182 -1315 6308 -1456 349 28849 7540 3189 20124 16765 20705 -19574 11384 18917 4949 20513 -3916 -25656 -687 16444 9611 18621 -29235 9059 20523 -12398 -24314 -18905 -8820 23051 -5428 -9858 -18594 23539 -13115 -10466 -19552 -5995 16084 12177 -2588 -891 -210 -4431 -17218 -23070 -29417 
26639 -901 4656 -8433 27024 -228 -14842 -17418 8350 -3990 -16548 -18465 -10514 -18116 -29956 13984 -20024 -22495 12921 26950 16340 -19663 -28256 23039 -5105 -25370 7891 -14625 -8235 1023 13912 -16663 -10897 -28001 6464 4443 -15353 -3848 -18546 -23216 21685 -338 -17660 29700 25392 -23415 -24356 5460 -1863 15013 -7636 12158 -27721 -6746 -7242 8688 29054 -5472 2815 172 -26504 -738 -9929 8846 -7243 4094 -13005 -16811 -23823 -285 -5093 -661 9894 -20319 14532 27989 2806 -6406 28488 25764 23079 -8774 -23359 -586 -752 -24365 12066 -20813 -18605 17396 -18210 -20571 2254 1802 -7108 25624 27132 -5555 
-13703 -21134 12325 -6853 17346 -1288 -1306 22186 13464 20804 -9523 -16279 12087 8305 8879 -23906 23262 -1578 -19075 3586 29338 24700 5836 -23144 4127 -27044 -6005 -27156 8936 4155 -29519 -26264 5480 -507 -8254 18367 15666 24130 -1752 1691 -28253 -23114 29811 19723 -12389 -13990 11967 28035 8019 1980 -23833 -2972 -23171 -23130 -328 22218 -8114 -8310 -25772 -17238 -26398 -9097 10858 7595 22761 -5526 -16502 -7142 -27913 15719 24561 22084 -20199 -27392 25438 20928 -14133 -21228 -2547 26288 15805 -26139 -23668 28588 -25174 -26386 19162 21619 25219 20591 27075 -9988 17981 -22608 -5106 -18427 -17470 4286 
19460 12991 29450 20089 564 4120 18101 3606 -25670 -1583 9552 15928 18326 -1293 -2293 15900 -4723 -3998 -14460 -22253 26917 -5851 27992 7607 12930 20845 9672 -4347 23718 15136 -9031 2383 7022 23229 -3138 -28773 -18091 -26048 28257 -19229 -7277 10877 -28385 21496 -14509 -3175 20658 10608 20641 -10268 7640 6013 25674 26914 -26481 10579 23855 -12749 -4956 11472 -25647 21599 -24367 12914 -6581 -2670 29338 10804 22972 -23622 -4467 29230 14525 -15501 -17867 8842 13799 -29563 -11572 27110 12563 -15960 28825 10449 25012 24311 8236 18227 17867 -16140 14819 18641 7350 -9193 -7903 -26473 23028 -13630 
-15911 -2716 -28537 -93 -28029 26081 -9181 19643 -22734 16374 16403 -25583 -13209 29751 -19133 -27141 19626 15845 -12011 -5044 -28304 26773 20485 -8957 27749 8013 -2781 16795 1561 -11157 -8757 -5922 28219 18542 25616 26213 -7741 9752 20514 -4994 5223 0 26 3861 -11245 20376 -26494 -27374 19155 9983 -11252 -13615 29236 -9937 4725 -6638 -9732 29245 23396 -782 -24767 -2561 -13659 26862 -19122 19814 12539 -234 -9903 17714 25291 -20742 25071 -13127 9872 -14526 -28851 -8332 -28287 7723 14024 18148 24815 -12025 -21079 -8940 -11106 2124 -24253 19495 -28150 15031 -14443 13780 -5128 -11262 8983 -5567 
25137 -7909 18314 4938 7780 3576 -29513 -26665 8646 -25204 -6703 -10464 -25655 -26754 28343 13122 -2280 29776 -21382 12502 -27644 -25855 -22300 -13422 13497 -919 -5014 -5411 18057 -21439 25663 -12333 16739 -22488 24273 -23894 -19748 -17687 3286 -19021 -26555 11022 -12974 -21118 -27242 -530 -3724 5188 -20726 -13871 -25195 16844 -19858 -25769 -22358 -23185 13393 27323 -8403 -5549 4837 7206 -14523 -24145 -8175 -24724 -26577 -14552 -462 14764 28626 6104 -11302 14606 3337 -12139 -19189 2616 -9277 -12130 14735 8812 5066 25687 20765 17306 -20414 -8441 -9292 -20620 -14034 19790 -15362 15877 18424 -2537 27776 2869 
-1527 -14385 16691 13996 -15269 -11322 8093 26084 968 22874 -25139 24077 1616 29230 -16385 -6600 1044 20252 10883 23406 19955 26348 20151 4687 18832 -1230 17023 -12268 27727 6542 -21371 -12676 22920 -8362 22702 12073 453 -5583 -9633 -13083 -6538 -10168 16235 -3476 -4850 29273 -5258 -6737 -678 19259 -8229 14507 -1965 21565 12424 -10900 -27219 -464 14714 28693 -10295 -12693 -2291 -27394 22057 -18954 10263 13184 28912 -27296 16127 10730 28224 28366 -1119 -6879 20591 22541 -28433 -16226 29016 -18929 8321 28550 -14933 -6249 -20065 -18137 -21120 -15588 -20827 -14966 -1488 -5023 -21365 -27778 -27735 16132 
-8640 -29019 -2884 2367 5280 1651 21697 19314 25934 17850 -27951 -26817 20490 -19568 -28608 -22982 -14176 -20974 24843 -60 24531 12774 19959 22198 -25254 -18401 14167 5066 16925 -2079 16253 -7366 24602 -18767 -12105 14207 22297 5974 10132 22359 24322 -27454 13541 -7385 13509 8765 -9502 12640 6312 14718 -5184 -155 14776 -18689 20659 -3389 25389 -3813 -8695 11855 24799 -6048 1410 -7628 -12416 9117 -3811 3722 29884 -21326 -24203 24346 27426 -4254 1472 -27027 -17071 13319 -19248 6623 2746 -10222 -26940 11193 17256 -7259 27644 -9757 26124 3517 -12932 -1922 -28318 -12938 -4506 9387 23850 4259 
22739 9322 28245 22833 12083 -19620 -13889 -14315 23355 -6028 18255 10232 -22893 -1152 28997 -15425 -18598 -15331 5924 17360 22839 -9398 -9850 -27327 -2239 19302 -18313 3500 24338 -12615 -28172 -15883 -1124 -16914 25085 23122 -19447 -10027 29853 -11202 28302 -22170 -11642 -14007 -22987 29947 28081 -15766 -6145 -2229 -22238 -5370 -25666 7908 -26462 2557 -19478 -25527 -23112 -25987 7206 -24783 -2148 -3177 28704 19906 -5610 -12321 -9469 -4913 -8961 15979 2924 10736 -29311 16644 -29579 -14229 -10517 4186 23066 -29043 -25151 25165 -3050 -18382 13352 14022 -25011 19630 18546 -16151 -26909 -860 -20047 -22832 22714 -19207 
-22525 18056 12821 -21123 -12355 -27210 1332 -4510 20843 17647 217 -2719 -24321 11124 20349 10433 -11118 -18122 19414 1415 -5411 -4036 -16698 -8146 17946 7243 14744 -23319 -13636 -19037 -27891 -23225 -16034 15455 7678 -23004 18678 -20961 25138 13775 3318 -24016 19950 21638 -5012 -14518 16479 18556 14095 -23118 -26683 15105 15033 -12415 -29901 -5106 -12141 10015 -29513 -2128 -12183 -3481 6471 17868 -23843 -17144 -9715 -12401 14072 10795 23454 26314 -1316 -20254 -1328 -14706 -15606 -29809 -7443 -13071 15537 26531 14280 -5045 2111 26471 17482 -2044 -29462 12720 -17512 4760 22455 25354 18190 -26544 -1156 -13250 
-12103 -28659 -22181 17777 -12889 7410 16917 28364 -14398 23144 6623 -19936 -26727 21136 -4399 -22237 9129 14333 24036 -11020 29800 -27994 -15738 -11109 -22541 16185 28720 21344 10285 20162 680 1400 -15518 28625 -14146 10472 17557 -19846 29701 17846 -16710 5673 26078 -15338 25317 17408 7135 11614 15654 3564 25701 -28376 4719 29488 -14300 8434 -5898 -28873 -22746 25643 27493 7129 22618 -16722 28134 6644 -28610 24943 9067 -13907 26748 -25702 3313 18513 9490 -23955 21700 -14048 -27702 3537 15778 -832 -19500 28354 -7599 -20560 15977 -15447 -26383 -12795 -3799 19938 -2048 -3355 14677 11841 5623 -24562 
-21716 -14756 26532 -7374 2638 6436 6755 5386 -19877 1226 -11863 711 17554 -14384 -28926 -11736 25324 28267 -21302 22743 -19100 -20401 -295 -5422 -8648 -23420 -23689 -2247 -22061 6886 -1161 -1724 -17107 -974 -26563 25531 -19451 -12048 7086 -7511 7755 91 -29291 4558 25646 -8033 -22021 -19368 10566 22932 6189 -5070 -29499 -19047 1431 -21725 21560 -2778 9650 -4713 7475 -29482 15420 14977 15924 -12163 -3271 11161 -26768 -12040 21853 -13609 -21143 -20990 24970 -245 -18433 -15859 29488 14327 -10120 -14661 20120 4074 -504 -14637 21092 24175 4303 22202 4670 -19161 1124 24758 26574 28665 -26811 24386 
-18267 4548 -11668 13415 16107 -19902 -25558 11861 17388 -29932 -29870 16740 3249 -24707 -6376 13269 -8459 -3789 -12944 -17923 -28075 12741 16144 -3380 -982 1500 10713 -5339 -20298 -14635 5910 21209 -20663 23474 28732 675 -22395 -110 24017 -18144 2530 -23276 -11413 -27054 -22729 -26103 -19228 -6072 14065 -25748 5151 17157 28680 24895 -3851 25503 -28325 -5138 21448 -21353 19766 -12233 6864 23695 27070 3224 20039 25821 20766 25453 -27039 2778 13883 7435 12017 -10676 -24852 -1613 16069 17882 -27300 -8984 -12954 8091 -6706 -15608 -11692 25259 3934 -984 -26034 -10427 -25650 -8303 814 -409 -1599 6579 
-25170 28356 28770 -24653 -22640 26204 -2432 17069 -28135 -28983 14041 -1830 -1790 -21016 -16026 20030 -19683 -23977 13450 -7350 1433 6839 2546 27444 24675 -7688 16125 27192 -26405 -17415 -5862 13824 1205 -15281 11456 -23929 6339 -6360 -16666 4334 3725 -854 -2221 24852 -18786 -25286 -15604 -12919 16168 15566 17713 91 2343 -11931 -16398 -10429 -25077 -25763 -6865 10745 9778 28278 -18970 -12741 2724 1098 1371 27004 -11152 18686 22569 -18889 -10240 -2664 8814 16274 26947 18009 -8895 9185 740 -1112 -25793 -1304 21190 -29725 15224 -3345 -12444 -24778 21043 -28309 -4576 -24063 27534 -28614 1806 -7810 
