3000
1
40086216
84223316
10
15
21
28
36
45
55
62065435
78
91
66048215
84262774
136
17337499
171
190
210
231
253
12038364
300
5702070
351
602288
25851553
435
465
496
528
561
56380601
630
36482174
703
66893023
780
10238856
861
65929640
946
990
1035
72049467
1128
19590708
68609231
1275
1326
1378
83665005
27768710
1540
1596
19010859
1711
1770
1830
1891
55328335
2016
74374541
2145
2211
81764700
2346
12861675
12641604
2556
66525666
2701
99572823
2850
72569206
3003
95167824
66643603
3240
51097654
70047061
3486
41097902
3655
3741
47664475
36926276
64980360
4095
4186
4278
4371
53660496
11567306
4656
25957533
41584099
4950
5050
17217876
39491001
67751542
5460
5565
5671
5778
5886
5995
2212524
5905570
6328
6441
59497857
6670
6786
6903
16408183
7140
7260
7381
7503
79400528
41037261
7875
8001
8128
8256
29865434
29206780
28992078
8778
8911
9045
9180
51721145
68230208
77180522
9730
9870
65303950
10153
10296
10440
80068098
10731
60058918
11026
11175
11325
11476
11628
11781
11935
12090
12246
12403
98437733
72708220
12880
54210513
13203
13366
59095682
5304991
13861
14028
88642311
14365
14535
36596325
14878
41534504
15225
79603351
15576
15753
15931
16110
16290
16471
16653
59471694
17020
42058806
53834728
17578
17766
17955
76656636
30945128
18528
18721
18915
19110
19306
12665842
19701
19900
20100
20301
20503
20706
20910
21520803
65456222
14280688
21736
21945
13784346
75025975
30397905
18093049
23005
10600029
38943800
35725392
23871
24090
24310
24531
24753
24976
30939233
25425
25651
85371764
26106
26335
26565
26796
27028
27261
47930422
27730
27966
28203
28441
59194848
28920
3860017
29403
29646
29890
30135
30381
30628
30876
31125
31375
31626
31878
32131
96555867
32640
32896
33153
33411
24468672
51827766
34191
82526599
34716
34980
35245
35511
3166649
36046
24712624
96755315
36856
22880284
13672886
37675
58712094
38226
38503
40689605
39060
39340
39621
39903
95117006
40470
40755
7051542
41328
85873289
41905
86182595
42486
40963059
43071
35765673
35253288
43956
31440452
18092085
44850
36824973
45451
66860087
46056
46360
46665
81419465
47278
47586
47895
41953284
48516
48828
29390651
49455
89650255
50086
16975882
50721
40671870
22499988
51681
52003
52326
52650
52975
53301
53628
53956
54285
54615
54946
55278
38641376
55945
56280
92909164
56953
780373
57630
57970
58311
58653
58996
59340
48201259
60031
60378
60726
37873172
61425
90382664
62128
62481
42589127
63190
63546
63903
77227536
16925240
2664188
65341
90563135
3604385
66430
42230751
67161
46474416
46715326
68265
68635
69006
69378
69751
35591278
70500
70876
71253
71631
72010
72390
15301477
91587189
73536
73920
74305
28414229
37032320
75466
75855
86075241
76636
9774265
61175899
77815
78210
78606
79003
79401
38288121
80200
80601
27510586
81406
25849040
82215
52098802
83028
83436
83845
84255
84666
85078
85491
15154333
43582750
86736
8259374
2552852
87990
88410
88831
88445522
89676
90100
90525
90951
91378
91806
89668564
92665
93096
93528
93961
94395
94830
95266
95703
21554535
96580
97020
97461
97903
75191023
98790
71382853
99681
100128
100576
101025
101475
3440172
87626476
102831
18846135
103740
104196
80917861
99444023
567938
58186143
43485238
67960034
107416
32817719
11073600
108811
109278
109746
14291561
35745570
55129428
48965759
112101
39379354
96115911
113526
46498426
114481
87819461
75889561
115921
30048755
116886
117370
117855
118341
118828
119316
119805
43342688
120786
121278
121771
99492938
95619118
38180879
123753
124251
73354245
125250
4710397
126253
19701533
27375222
127765
128271
128778
129286
19877055
130305
48639044
9737627
51325260
132355
132870
44092460
71173363
134421
31485146
33730447
135981
76617431
137026
11267552
138075
138601
90913953
139656
140185
140715
141246
86349195
12556616
63176619
143380
143916
144453
144991
145530
20890851
82662496
47025318
85817978
148240
148785
63154428
30975465
65711423
150975
5148459
8817877
152628
153181
46322092
94842515
9059208
155403
17930138
48435507
157080
157641
158203
158766
61756187
159895
160461
161028
161596
162165
162735
163306
163878
164451
165025
165600
166176
166753
75183646
11771776
46152672
169071
86906047
170236
170820
96226763
171991
64395413
42438362
66854118
174345
64276323
22911390
176121
72283190
177310
177906
54091477
95267061
179700
27716256
95511456
181503
182106
73538523
26996555
91941140
184528
185136
185745
34751073
186966
187578
188191
84615313
76258704
190036
56184171
191271
70836690
192510
193131
193753
37344439
195000
68526173
196251
196878
197506
198135
60196108
199396
200028
96852118
201295
201930
202566
203203
68837870
204480
205120
205761
79458473
87631450
207690
208335
96346193
20951635
36952009
27905168
211575
212226
212878
213531
214185
214840
215496
216153
216811
217470
218130
218791
219453
91240684
15278591
221445
88005087
222778
20016391
224115
224785
525685
226128
226801
44200330
228150
228826
49183973
230181
230860
50472148
232221
232903
29549721
234270
234955
235641
236328
237016
237705
238395
13452431
239778
96140847
99768069
241860
242556
17097859
243951
244650
245350
246051
45437239
85374028
248160
248865
92174203
250278
250986
251695
59787301
253116
253828
254541
255255
88991423
86381533
72170245
258121
85091401
83935166
260281
261003
261726
262450
43016208
263901
264628
13825834
266085
266815
79845436
268278
71867332
269745
270480
24964882
49375481
272691
8282699
274170
274911
275653
276396
277140
277885
278631
279378
29230100
280875
281625
282376
283128
26080862
284635
285390
286146
286903
287661
288420
289180
2206973
290703
291466
292230
292995
6859410
34126339
295296
10226040
296835
297606
298378
49852607
37820080
300700
301476
302253
93145173
957306
304590
2009120
306153
306936
307720
308505
47781336
71504968
12185543
311655
65737092
313236
314028
12178220
80193154
35163497
317206
318003
318801
17503008
320400
321201
66629491
60815300
323610
324415
325221
326028
326836
94314936
328455
329266
330078
330891
331705
332520
5910072
6153665
334971
335790
336610
337431
338253
339076
339900
38334121
87240901
64038566
343206
344035
27968865
345696
346528
347361
14694589
349030
18126945
350703
351541
32861375
353220
354061
78350099
355746
9488693
357435
358281
359128
359976
99341273
361675
362526
67872960
62938420
365085
45981051
366796
40605266
368511
57975611
370230
371091
371953
372816
373680
374545
375411
376278
377146
11891722
378885
379756
380628
381501
382375
383250
384126
385003
56226203
386760
387640
388521
389403
77789728
391170
392055
392941
393828
394716
395605
36767456
397386
398278
399171
39169020
400960
401856
402753
403651
404550
405450
28673797
407253
55182577
89822995
45572957
410871
35516977
412686
413595
414505
415416
416328
417241
418155
419070
419986
420903
1556276
422740
81135491
13475029
425503
426426
427350
428275
429201
430128
10908517
44285895
99380260
94604651
56026038
66342785
56118293
54543741
438516
439453
1887759
30930010
13114481
17611361
44152591
445096
446040
446985
56426905
448878
65549962
450775
85684522
452676
91655986
454581
455535
456490
77196366
19149355
28370561
460320
461280
462241
463203
464166
465130
466095
59932434
468028
468996
469965
470935
471906
472878
473851
39319142
475800
476776
36040911
478731
479710
480690
80150735
482653
81592694
484620
485605
486591
487578
488566
13530955
490545
491536
492528
493521
494515
495510
9418620
497503
27469090
499500
64717382
501501
502503
503506
504510
28334138
506521
507528
508536
509545
510555
511566
512578
925513
514605
515620
516636
62197901
518671
519690
520710
521731
48855559
523776
524800
525825
526851
527878
528906
529935
530965
531996
533028
27581131
5039577
536130
88219465
538203
539241
540280
17655420
542361
543403
12191853
545490
35502920
547581
4832738
549676
550725
551775
552826
553878
56874328
42298431
557040
558096
11824426
560211
561270
88237859
563391
564453
565516
566580
567645
20694964
569778
570846
571915
572985
574056
575128
576201
577275
578350
579426
3489843
581581
582660
583740
584821
43419752
44560281
588070
589155
590241
84220398
592416
593505
594595
595686
596778
597871
598965
600060
601156
602253
603351
604450
7575130
606651
52108187
608856
609960
611065
612171
613278
16332954
615495
616605
50118502
618828
619941
621055
622170
64156148
624403
43851031
93538997
28823910
628881
78239138
631126
32528186
633375
634501
635628
636756
637885
77459380
56108384
65844597
642411
67933334
1177098
645816
646953
648091
649230
650370
651511
652653
653796
654940
68505404
657231
658378
659526
660675
661825
56883299
664128
9182027
60670640
667590
668746
14224440
3574091
672220
673380
24002693
675703
19440668
50158911
679195
3950534
681528
682696
683865
685035
686206
62619620
688551
39928488
690900
24103657
693253
694431
2161736
696790
697971
699153
700336
701520
62704119
703891
4510458
49314238
707455
708645
9969841
711028
712221
713415
714610
715806
717003
22274331
31405177
720600
721801
723003
724206
725410
726615
727821
729028
7470109
86259373
575169
733866
61924423
27941933
72533949
49589349
42310314
741153
14438424
743590
744810
746031
747253
748476
22580689
750925
752151
753378
38203268
755835
757065
758296
759528
760761
54884660
763230
764466
765703
62117156
768180
769420
770661
771903
773146
774390
775635
16287364
66364392
779376
780625
27542209
783126
40196772
65403314
74310893
788140
789396
790653
791911
63566377
69115844
795691
2793772
798216
799480
800745
802011
45598829
804546
805815
85554053
808356
809628
810901
812175
813450
89646701
816003
817281
15864935
819840
821121
822403
823686
84004895
826255
21620352
828828
830116
831405
832695
833986
67030013
836571
837865
839160
62483830
841753
843051
844350
845650
846951
848253
849556
78144526
852165
28497441
854778
856086
857395
858705
860016
861328
10254824
33694845
49577306
866586
867903
869221
870540
871860
6043002
874503
875826
877150
878475
44879345
881128
94667633
883785
885115
886446
887778
71732001
890445
891780
13719139
894453
895791
2773301
898470
899811
68074036
902496
70652792
905185
906531
907878
909226
64894522
911925
34478817
914628
915981
917335
87954238
920046
42436353
78001572
924120
925480
99148964
928203
929566
59848651
932295
94187476
59438752
936396
937765
939135
940506
79654012
943251
944625
946000
947376
97369403
49725031
951510
94114617
954271
17376591
957036
958420
959805
37382832
47442582
7545232
965355
966745
968136
23982046
970921
98132177
973710
86284696
976503
977901
979300
980700
77530237
68707397
10396363
986310
987715
989121
990528
991936
78280117
994755
996166
86472867
44416018
21429439
1001820
1003236
1004653
1006071
1007490
1008910
1010331
1011753
1013176
1014600
50165389
86310206
69250299
1020306
1021735
1023165
23715389
99368837
1027461
1028895
1030330
1031766
1033203
1034641
1036080
1037520
1038961
1040403
76253999
1043290
1044735
48946444
1047628
1049076
1050525
1051975
1053426
36274687
98542679
11586236
1059240
1060696
1062153
1063611
1065070
1066530
21551544
84135553
1070916
94071921
84532498
1075311
1076778
1078246
1079715
1081185
1082656
1084128
1085601
1087075
1088550
1090026
1091503
1092981
1094460
1095940
15477101
1098903
7446556
1101870
5351818
1104841
1106328
1107816
1109305
1110795
1112286
1113778
22711117
1116765
51549380
30001549
11479312
1122751
1124250
1125750
66624479
1128753
1130256
64793502
1133265
1134771
1136278
1137786
1139295
1140805
1142316
1143828
1145341
15001745
1148370
1149886
1151403
1152921
1154440
1155960
1157481
1159003
1160526
61883758
1163575
1165101
1166628
1168156
81108094
1171215
96140240
1174278
1175811
77144960
1178880
1180416
16640960
1183491
21721748
1186570
7658098
1189653
54991722
1192740
1194285
5701072
1197378
1198926
1200475
1202025
1203576
40314573
28966511
1208235
72185973
1211346
1212903
91559761
1216020
1217580
1219141
1220703
1222266
57098788
1225395
1226961
1228528
1230096
1231665
1233235
1234806
1236378
1237951
1239525
1241100
1242676
1244253
89771021
1247410
1248990
1250571
1252153
97572529
1255320
1256905
1258491
1260078
1261666
1263255
1264845
1266436
1268028
1269621
1271215
1272810
1274406
1276003
1277601
1279200
1280800
1282401
1284003
7577921
89774111
1288815
1290421
1292028
1293636
1295245
71058985
30306669
1300078
1301691
1303305
73340348
1306536
81282265
1309771
13454024
1313010
71330473
1316253
1317876
1319500
63029755
1322751
1324378
1326006
1327635
1329265
1330896
1332528
1334161
47103552
1337430
1339066
1340703
1342341
1343980
1345620
1347261
1348903
76152761
54261000
1353835
1355481
1357128
61822271
1360425
65689465
49237860
1365378
1367031
1368685
1370340
1371996
1373653
1375311
1376970
78044138
38128073
1381953
2669921
41211274
85201930
1388611
59988761
1391946
1393615
1098943
60618651
1398628
1400301
42242324
1403650
80209767
1407003
1408681
37661741
1412040
1413721
1415403
1417086
1418770
1420455
1422141
1423828
1425516
1427205
1428895
1430586
59130390
1433971
1435665
31255341
1439056
1687908
1442451
1444150
1445850
33512291
1449253
13309693
29320004
1454365
1456071
1457778
1459486
65917831
1462905
1464616
1466328
87371678
1469755
1471470
1473186
1474903
1476621
1478340
1480060
1481781
54585010
1485226
1486950
92294313
54229384
1492128
1493856
35068353
1497315
35055269
1500778
1502511
1504245
1505980
1507716
1509453
1511191
1512930
60060054
1516411
1518153
1519896
1521640
1523385
90390723
14338359
80703037
1530375
60349307
74435147
51954887
20190466
1539135
28736726
1542646
1544403
1546161
10664811
27682635
1551441
1553203
1554966
1556730
22660586
1560261
7361473
70990836
15983154
1567335
1569106
1570878
1572651
75368163
58997489
6470735
24108898
1581531
1583310
46769792
86510958
1588653
1590436
1592220
1594005
32320349
1597578
1599366
1601155
51825955
14754340
1606528
1608321
1610115
1611910
43753309
1615503
1617301
1619100
80829403
1622701
1624503
1626306
1628110
1629915
1631721
1633528
86754651
1637145
17446721
1640766
1642578
77500931
1646205
1648020
1649836
1651653
1653471
1655290
1657110
1658931
1660753
26677990
1664400
46752994
1668051
1669878
71293883
1673535
1675365
1677196
1679028
1680861
3423066
1684530
1686366
1688203
12567482
1691880
1693720
1695561
53861965
1699246
1701090
3325023
1704781
47851906
28080085
1710325
9375772
1714026
1715878
1717731
78989811
1721440
69695030
26600975
23270638
1728870
1730730
1732591
1734453
1736316
42705296
1740045
1741911
1743778
1745646
1747515
45107156
92220174
1753128
99409089
1756875
1758750
1760626
1762503
1764381
20433676
1768140
86925195
91475885
1773786
1775670
90015008
1779441
6330903
1783216
79725002
53982992
1788886
19042044
1792671
45846279
1796460
1798356
1800253
1802151
1804050
8314766
73845815
1809753
1811656
1813560
1815465
1817371
48048040
37594924
50481487
77811709
1826916
1828828
1830741
24837774
1834570
81982802
1838403
65227394
1842240
1844160
61350162
1848003
1849926
31791435
1853775
1855701
50694601
79543471
1861485
1863415
1865346
1867278
93218405
1871145
16622427
82519090
93166838
1878891
1880830
1882770
1884711
1886653
52627546
91141969
18279338
1894431
1896378
5008515
1900275
61988931
9459044
1906128
1908081
1910035
1911990
1913946
1915903
23223787
1919820
1921780
29926682
1925703
1927666
1929630
1931595
1933561
1935528
1937496
35637241
1941435
69001013
1945378
65557171
46736946
606380
1953276
90808116
87264224
36828665
50100739
1963171
1965153
1967136
45464923
1971105
1973091
1975078
21843651
66807833
1981045
1983036
1985028
1987021
1989015
44386715
54809226
32630363
1997001
2067919
2001000
90872149
2005003
2007006
2009010
2011015
84140554
2015028
33981307
2019045
2021055
32523095
2025078
2027091
2029105
2031120
2033136
2035153
2037171
19902908
2041210
2043231
20763298
71490617
2049300
2051325
34035567
2055378
2057406
2059435
2061465
2063496
2065528
2067561
2069595
2071630
2073666
2075703
2077741
92914537
2081820
2083861
47587678
2087946
29034186
2092035
2094081
79835024
2098176
2100225
91457545
2104326
36781600
2108431
2110485
2112540
2114596
2116653
2118711
2120770
2122830
2124891
2126953
2129016
55523733
2133145
2135211
26412454
2139346
2141415
2143485
2145556
2147628
2149701
2151775
25072820
18397969
2158003
90943556
2162160
2164240
95471899
51744784
79781484
2172570
2174655
12383010
2178828
9748973
2183005
2185095
2187186
24562925
2191371
2193465
2195560
2197656
2199753
93764055
2203950
2206050
3295659
2210253
2212356
2214460
2216565
2218671
2220778
2222886
92946471
2227105
14129320
2231328
2233441
2235555
2237670
29448033
2241903
2244021
2246140
2248260
49136909
48318420
23593538
2256750
16606200
2261001
2263128
10222130
64200684
2269515
2271646
2273778
89087698
2278045
2280180
2282316
39111976
20406227
39953783
2290870
2293011
2295153
2297296
30682193
2301585
2303731
2305878
2308026
2310175
98973498
2314476
83157541
2318781
2320935
2323090
2325246
88075942
2329561
19010950
79757879
2336041
2338203
2340366
53302335
2344695
2346861
2349028
2351196
5181457
2355535
51384048
97486034
73997238
2364225
58095381
2368576
2370753
2372931
50691501
2377290
2379471
2381653
2383836
2386020
72618482
79428109
2392578
56502085
2396955
2399145
2401336
2403528
9002717
14359722
2410110
2412306
2414503
2416701
2418900
2421100
2423301
2425503
50628253
2429910
2432115
2434321
2436528
2438736
2440945
2443155
2445366
2447578
2449791
2452005
2454220
2456436
39706306
2460871
2463090
78625232
2467531
2469753
57958081
2474200
2476425
73489493
2480878
2483106
73334509
2487565
2489796
26169766
2494261
68521993
2498730
2500966
2503203
2505441
2507680
2509920
2512161
28709466
2516646
2518890
2521135
2523381
2525628
2527876
79426913
2532375
89301878
2536878
2539131
2541385
49878725
2545896
86705632
3394192
29742764
2554930
35985301
2559453
2561716
2563980
42256733
34084749
96785633
2573046
2575315
2577585
12373120
2582128
2584401
2586675
68433782
2591226
20575486
2595781
2598060
2600340
95152872
2604903
85737367
25202399
2611755
55521222
99138214
28880250
2620905
2623195
2625486
85268546
10739574
52905725
2634660
2636956
2639253
2641551
19445789
34696475
53059538
2650753
2653056
2655360
2657665
2659971
2662278
50289424
2666895
2669205
38795842
70387955
2676141
78174905
2680770
2683086
1274191
84524522
2690040
58855485
2694681
99247698
2699326
2701650
2703975
2706301
40158882
2710956
2713285
2715615
2717946
6056279
2722611
78774420
2727280
2729616
38051348
2734291
2736630
46067204
2741311
64067820
28359598
2748340
14353507
2753031
76622884
2757726
2760075
58823271
2764776
2767128
2769481
2771835
2774190
2776546
2778903
86471218
2783620
5204357
39942958
2790703
2793066
2795430
2797795
2800161
2802528
61209410
2807265
2809635
62203529
2814378
2816751
2819125
56147837
2823876
29175713
2828631
2831010
2833390
2835771
2838153
54500982
85839005
2845305
2847691
2850078
2852466
23202771
2857245
2859636
2862028
2864421
2866815
2869210
2871606
2874003
2876401
99614003
2881200
71641465
1385028
2888406
2890810
4383605
2895621
2898028
2900436
68467398
2905255
65687227
2910078
2912491
2914905
2917320
26890341
2922153
2924571
2926990
2929410
2931831
2934253
2936676
2939100
2941525
2943951
2946378
2948806
2951235
14737869
2956096
2958528
2960961
2963395
56804070
2968266
2970703
2973141
2975580
2978020
2980461
2982903
4939245
2987790
2990235
2992681
2995128
2997576
3000025
3002475
3004926
91938107
85775754
3012285
3014740
3017196
3019653
9543792
3024570
3027030
7650569
76423028
3034416
59242282
3039345
3041811
3044278
3046746
72405869
3051685
3054156
3056628
38197208
3061575
74328494
91669375
95815097
3071481
3073960
3076440
3078921
3081403
33077609
17263864
3088855
3091341
63115173
21602697
6373329
3101295
26289528
34781300
3108771
3111265
3113760
60300261
3118753
3121251
3123750
3126250
18941789
15576474
3133756
41220350
3138765
28055615
3143778
3146286
70310010
3151305
3153816
3156328
3158841
70209961
3163870
3166386
3168903
91073955
47967068
7677315
3178981
3181503
3184026
3186550
3189075
3191601
52214644
3196656
75923268
3201715
9447676
3206778
3209311
25087966
3214380
3216916
38350187
61796085
3224530
3227070
3229611
3232153
66096422
3237240
3239785
82670461
3244878
3247426
3249975
3252525
3255076
3257628
14697510
3262735
3265290
3267846
3270403
3272961
3275520
26868160
3280641
37966450
3285766
3288330
3290895
65338530
3296028
3298596
3301165
3303735
3306306
3308878
6788424
34063538
70840115
3319176
3321753
3324331
3326910
88205062
3332071
37620392
87444868
3339820
3342405
90936188
3347578
86029830
3352755
52916424
46064263
3360528
3363121
27486700
3368310
26284273
3373503
41433264
3378700
3381300
3383901
3386503
31786470
42872922
3394315
90141814
3399528
3402136
3404745
55502214
3409966
3412578
3415191
3417805
3420420
46719492
3425653
3428271
27854075
3433510
30316387
3438753
3441376
3444000
78626046
3449251
78414345
76793380
3457135
3459765
3462396
3465028
28136250
3470295
3472930
3475566
3478203
3480841
3483480
3486120
3488761
3491403
70534832
34738286
23424393
3501981
21968585
44949207
3509925
3512575
3515226
3517878
3520531
11432111
76050739
14184778
3531153
3533811
54252958
3539130
23299395
36493344
3547116
46947258
3552445
3555111
29881864
3560446
27898963
3565785
34417697
3571128
3573801
48384513
3579150
3581826
3584503
3587181
67828576
3592540
3595221
3597903
42166720
3603270
3605955
3608641
3611328
3614016
3616705
3619395
3622086
3624778
3627471
3630165
3632860
31299148
3638253
3640951
3643650
3646350
3649051
3651753
3654456
3657160
42039926
3662571
3665278
3667986
3670695
3673405
3676116
25451154
3681541
44017178
8205376
5077879
3692403
3695121
99135593
3700560
3703281
83593671
3708726
3711450
3714175
3716901
3423548
3722356
3725085
89963897
3730546
89932232
3736011
55742631
3741480
31980878
17393024
3749691
3752430
73471160
3757911
3760653
92017237
63467922
3768885
3771631
3774378
3777126
3779875
3782625
3785376
3788128
3790881
3793635
54192455
3799146
3801903
14505009
3807420
33650168
3812941
42391137
3818466
3821230
48118667
3826761
3829528
3832296
66958130
9655323
3840606
3843378
80932908
3848925
53143367
3854476
3857253
9554622
3862810
3865590
3868371
3871153
3873936
60028984
64531641
3882291
97817168
3887866
3890655
3893445
3896236
3899028
3901821
3904615
3907410
3910206
3913003
91661816
3918600
24052350
75560244
3927003
3525817
3932610
27871772
3938221
3941028
3943836
3946645
3949455
3952266
3955078
3957891
3960705
88346812
3966336
3969153
3971971
3974790
3977610
933422
3983253
17769332
8363694
22096933
52712274
35947349
4000206
51865246
4005865
4008696
58367193
4014361
4017195
71261394
4022866
4025703
26805760
4031380
4034220
4037061
4039903
4042746
4045590
4048435
89288244
4054128
4056976
98879805
4062675
90961001
25454532
46591694
4074085
5345078
4079796
4082653
4085511
1897328
4091230
4094091
4096953
4099816
91103171
4105545
34206202
4111278
72047343
11234667
4119885
3915566
4125628
11764804
24289523
4134250
83448139
4140003
4142881
4145760
4148640
65887388
4154403
4157286
87020394
97546686
4165941
4168828
4171716
4174605
4177495
4180386
4183278
94869305
4189065
31381460
4194856
17487677
4200651
4203550
20460313
4209351
65895403
19686255
4218060
4220965
4223871
85199390
4229686
4232595
28668973
4238416
4241328
4244241
4247155
11925984
4252986
4255903
85442633
28797237
4264660
4267581
4270503
4273426
4276350
4279275
63074187
4285128
4288056
11556792
4293915
4296846
4299778
4302711
4305645
4308580
4311516
4314453
24878885
68790219
4323270
4326211
44652295
73009824
4335040
4337985
4340931
4343878
4346826
4349775
4352725
4355676
4358628
59778934
4364535
4367490
73154924
4373403
4376361
4379320
4382280
5008682
53797894
4391166
18214830
4397095
71327671
15672393
4405996
4408965
4411935
4414906
4417878
4420851
98111574
91489339
4429776
4432753
32506494
4438710
4441690
4444671
65862223
34173664
21824117
4456605
4459591
4462578
4465566
4468555
4471545
4474536
4477528
97241936
4483515
4486510
74872618
4492503
4495501
4498500
4501500
