1000
1
3
6
10
15
21
28
36
45
55
66
78
91
58866472
8374621
93571626
153
171
10696386
210
61094213
253
276
70783845
325
351
378
7515222
435
465
496
528
561
595
87489474
666
44577545
13064133
91341262
11040981
21845178
903
96616367
990
1035
1081
1128
1176
1225
1275
1326
1378
18109090
1485
1540
1596
35987504
1711
80889503
1830
1891
48728131
2016
27747527
2145
2211
2278
93062036
51533186
99292067
2556
2628
68011085
94483597
2850
2926
3003
3081
3160
3240
3321
3403
46090499
3570
3655
3741
3828
3916
4005
4095
4186
4278
16847759
4465
4560
74791956
10795823
4851
4950
5050
5151
5253
5356
7629042
70495469
3671455
5778
5886
5995
6105
6216
6328
47326909
30800458
89394668
68254740
6903
7021
7140
7260
7381
98879016
7626
25026873
7875
8001
8128
8256
8385
8515
8646
8778
47877238
9045
7748285
9316
77892132
9591
9730
27030587
10011
10153
35223139
10440
10585
10731
10878
77496452
11175
11325
11476
11628
47631715
11935
12090
12246
12403
12561
12720
12880
13041
13203
93475528
21680755
13695
13861
14028
14196
14365
14535
14706
14878
15051
61349277
15400
15576
15753
15931
16110
16290
20389504
34216774
42573548
17020
43132007
17391
99883829
17766
95189583
79005006
96095335
18528
18721
18915
19110
19306
19503
19701
19900
20100
20301
20503
20706
71232703
21115
67570082
21528
21736
21945
22155
22366
97291572
84511298
45557790
23220
69531048
23653
81134164
24090
24310
54095339
24753
24976
25200
25425
25651
25878
53020932
26335
75660651
21684997
27028
66818129
62412250
27730
27966
15644263
28441
67056569
28920
29161
97738907
29646
29890
29360025
30381
5159782
30876
42242827
31375
66090978
31878
32131
70135721
32640
32896
33153
58045476
97551263
33930
34191
79206591
17816111
94673210
35245
35511
32534565
27794248
53440218
36585
79616475
97756738
37401
38341079
37950
38226
38503
38781
39060
39340
39621
6720051
40186
41466953
40755
2439735
41328
41616
41905
88099108
42486
42778
34938563
37688012
71801567
66690898
44253
30460996
44850
45150
45451
45753
46056
76401835
46665
17168974
47278
47586
47895
48205
28828374
48828
49141
49455
49770
46583661
6719743
50721
25665732
68627980
51681
52003
11729852
52650
89038190
59596135
92538042
50878714
54285
54615
54946
67757422
55611
55945
56280
38579976
99852057
57291
57630
57970
52534525
58653
58996
59340
40081697
60031
60378
60726
61075
24845017
61776
62128
29632494
62835
20382553
63546
42530133
64261
98209904
64980
65341
65703
49150417
66430
66795
67161
67528
67896
68265
68635
69006
69378
69751
70125
70500
11067200
71253
71631
9277484
91127497
47868151
73153
73536
73920
74305
5944060
75078
75466
42969885
34501168
76636
45201668
59101108
24304352
78210
78606
79003
79401
79800
80200
80601
81003
81406
81810
82215
762206
83028
67531889
83845
12397317
84666
85078
85491
85905
86320
88527064
87153
87571
87990
88410
88831
89253
36517716
11597738
90525
69885008
2442260
91806
5708922
92665
93096
47399910
52633463
36005543
67818346
5400976
63835264
96141
39160513
66193750
97461
97903
98346
91943275
99235
99681
100128
100576
101025
101475
101926
61660771
102831
7838629
103740
104196
104653
105111
77699850
106030
106491
106953
94894231
61559353
108345
108811
82996157
109746
110215
110685
83121243
111628
8400386
61747673
113050
113526
114003
114481
114960
39456347
115921
116403
116886
43982661
117855
118341
118828
119316
82412574
120295
120786
121278
121771
122265
713936
123256
123753
57453211
124750
15352281
125751
126253
126756
55730894
34096837
55434423
128778
93089013
129795
46806182
130816
131328
131841
91453916
5097653
133386
54212302
134421
134940
135460
135981
136503
137026
137550
51734461
40440085
39995874
139656
91339261
140715
52923153
141778
142311
41415672
143380
143916
144453
144991
97763229
93508943
146611
147153
15674026
148240
148785
149331
149878
150426
150975
151525
152076
152628
97405736
153735
154290
154846
6187717
155961
156520
157080
157641
158203
158766
159330
159895
160461
161028
82887854
12231154
162735
163306
163878
164451
55062246
39242256
2777900
8264839
167331
167910
168490
47108117
169653
170236
170820
171405
171991
172578
173166
24979864
174345
174936
4913802
176121
176715
8426183
177906
75699735
179101
92173695
180300
180901
181503
62657460
182710
35923624
183921
184528
52417054
23523756
63262444
186966
187578
97385286
188805
189420
190036
190653
191271
191890
192510
40518042
64678628
194376
42169928
63045416
196251
196878
16701709
198135
198765
199396
59604163
200661
201295
50847663
29549655
30289903
203841
204480
205120
37082652
80544675
207046
207690
16916559
208981
7225529
210276
210925
28381747
212226
212878
213531
214185
214840
215496
216153
80176119
18102159
218130
218791
219453
89310868
220780
22217533
95713270
222778
76219951
19416119
224785
225456
226128
226801
65987751
228150
228826
842077
230181
230860
231540
232221
232903
51370389
82313987
71196953
235641
236328
13264527
237705
4116449
58039988
239778
240471
241165
7407244
242556
243253
243951
244650
245350
246051
246753
33992775
76193705
45625343
27368430
250278
24536702
29163422
252405
253116
253828
254541
255255
95816771
256686
257403
258121
258840
10183849
19815232
261003
261726
262450
263175
263901
264628
265356
266085
266815
61213868
268278
7249689
269745
83207776
73592902
68221579
272691
62633794
274170
274911
275653
31945855
277140
277885
24150391
279378
8678271
17134524
281625
16061498
83663141
29563493
284635
285390
36155117
286903
52618190
288420
289180
289941
290703
291466
20132239
82980257
67416845
66071016
46810415
296065
296835
297606
19285
23657742
41125487
59032004
884671
302253
303031
44692074
304590
305371
306153
49118632
307720
308505
11404281
69464890
25333350
76774236
78491457
313236
314028
81712889
315615
316410
317206
318003
18003768
319600
320400
321201
322003
322806
323610
324415
325221
326028
56172446
327645
45330719
329266
330078
330891
331705
332520
333336
334153
334971
335790
20355107
41083438
338253
92710463
339900
78238630
10351295
342378
98282821
344035
344865
345696
346528
347361
46730838
57218618
17808187
350703
82007796
49720484
84548855
18623207
354903
77473657
356590
357435
24610187
359128
359976
360825
361675
362526
363378
364231
28377846
365940
75247884
367653
368511
369370
370230
371091
371953
372816
14036923
374545
375411
376278
95419001
6195791
378885
379756
380628
11939093
382375
383250
96150928
385003
385881
93963018
387640
388521
389403
390286
27162111
392055
392941
393828
394716
82888370
96152603
397386
398278
23619718
400065
400960
401856
7144314
403651
404550
405450
87236003
79961707
408156
409060
409965
69172292
411778
412686
54327579
414505
415416
416328
417241
418155
1692550
419986
420903
18151414
422740
86729258
9005126
425503
63793273
94947151
428275
429201
2167643
77433880
431985
432915
24097537
434778
33831568
76585717
437580
438516
27845539
65275074
71208741
67987456
37248097
85262978
445096
446040
446985
447931
9262218
57075577
450775
451725
452676
453628
454581
94243408
456490
457446
84499433
32988336
460320
461280
462241
85299603
93450843
465130
466095
17796488
28959613
468996
469965
54823939
27000869
47560572
473851
474825
475800
476776
42291534
478731
47150089
4227575
40306156
482653
483636
484620
485605
486591
487578
488566
489555
49733709
491536
7851586
493521
494515
495510
496506
7951512
498501
499500
500500
