5000
1
3
6
23716114
6396131
21
28
36
45
55
98494268
78
91
96568845
120
92897451
153
171
79268618
210
82575625
253
17819474
300
35690230
351
378
406
65105597
465
45330441
528
561
595
87146727
666
703
76918047
780
820
861
903
75686110
990
1035
1081
1128
62286457
1225
82348235
1326
39315280
1431
1485
1540
1596
12283220
1711
1770
78564289
12473231
31604760
2016
21658512
2145
2211
2278
2346
2415
2485
2556
2628
2701
2775
2850
1746003
86827911
3081
12991333
65210049
3321
3403
3486
3570
3655
3741
3828
3916
4005
4095
4186
4278
4371
96886706
4560
4656
79044970
4851
4950
5050
5151
39921323
5356
5460
5565
5671
76143690
5886
5995
63773572
6216
6328
32157627
6555
6670
6786
6903
23974831
42543833
52764893
25964774
7503
7626
7750
7875
57405820
34362769
8256
8385
8515
8646
8778
58529556
9045
9180
9316
52934035
9591
31553056
9870
83198184
10153
10296
10440
10585
52797241
10878
11026
22001379
11325
62516261
11628
11781
11935
40930731
12246
68110308
94144001
67338443
12880
13041
13203
13366
13530
13695
24634009
14028
90998744
14365
64056256
14706
14878
15051
11503519
15400
77630216
15753
15931
16110
16290
1492195
16653
75086819
17020
17205
17391
31163425
17766
17955
70796741
18336
54743192
18721
18915
19110
19306
56852917
19701
19900
78064529
20301
20503
20706
20910
21115
21321
21528
21736
21945
93094628
62477390
54354945
66623078
23005
23220
58379196
23653
15968858
53385893
24310
24531
24753
24976
25200
25425
44690761
29145561
8832106
26335
26565
26796
27028
75641757
73960316
27730
27966
28203
28441
28680
28920
29161
29403
29646
29890
30135
30381
30628
30876
31125
31375
31626
31878
8233544
65095190
32640
67271822
33153
33411
33670
33930
34191
34453
34716
34980
35245
61806920
35778
36046
36315
36585
36856
13045943
37401
37675
37950
38226
20740372
38781
11032709
39340
39621
39903
40186
40470
40755
925334
41328
41616
41905
42195
42486
42778
19605674
43365
43660
61119647
44253
44551
44850
45150
97940803
69741378
41526426
46360
46665
46971
47278
93560106
47895
44409898
48516
53678570
49141
49455
49770
50086
50403
50721
51040
51360
51681
52003
46294292
52650
52975
53301
53628
69697341
54285
53760763
54946
66821296
55611
57564408
46000963
16998897
56953
57291
57630
57970
42815539
58653
10387472
59340
59685
60031
60378
60726
11349322
61425
84399494
62128
98210881
64665146
63190
63546
63903
64261
64620
64980
65341
65703
66066
66430
44801919
28740429
67528
52488730
58903782
68635
69006
80787980
69751
70125
47820003
8508234
71253
71631
84687751
72390
71188973
73153
60871820
95330895
66655690
74691
75078
75466
40207322
76245
76636
77028
75742173
75924633
3349064
78606
79003
36471782
79800
80200
59009229
81003
81406
54943087
70256416
92804367
46832019
83436
83845
84255
84666
85078
85491
41634169
97409825
83587322
87153
87571
87990
68356974
8170848
27795477
89676
99834755
90525
90951
44797662
91806
48712755
92665
93096
93528
93961
94395
94830
95266
69631281
96141
96580
97020
14754735
97903
98346
98790
6834742
99681
100128
79676244
20895268
32539142
34678664
10132425
102831
103285
103740
36365351
14992174
105111
82970895
106030
106491
106953
107416
53784205
108345
108811
71280052
109746
67714441
110685
111156
111628
112101
11910362
113050
53204785
114003
114481
114960
4045402
63949935
116403
116886
117370
54632899
118341
118828
66046447
119805
120295
68369348
99771656
121771
122265
88349224
123256
4505894
124251
124750
125250
125751
126253
126756
81545723
127765
128271
128778
57816303
129795
130305
130816
77129018
9063926
54375236
55740418
133386
36354591
134421
77528215
27212834
135981
96679350
137026
137550
138075
22418562
9652838
139656
140185
140715
141246
141778
142311
142845
26056295
143916
144453
144991
145530
146070
146611
147153
147696
148240
148785
149331
149878
150426
5643475
151525
152076
152628
153181
153735
10973828
154846
155403
155961
78562195
20436755
157641
95459174
158766
159330
37605642
160461
161028
77086341
162165
54002206
163306
163878
164451
165025
165600
166176
16689260
167331
167910
25175763
14534399
74464157
170236
170820
171405
171991
47901449
173166
173755
174345
174936
175528
176121
176715
177310
177906
178503
179101
179700
17791872
180901
181503
27583722
90482138
183315
183921
184528
185136
185745
186355
186966
187578
188191
188805
189420
52599192
64435086
191271
191890
192510
193131
193753
194376
195000
195625
86864707
196878
47748894
198135
198765
199396
200028
200661
9567900
201930
202566
203203
844000
204480
36503770
205761
206403
56838980
66422733
35718480
208981
56474644
10887896
210925
23204576
23631071
212878
213531
214185
93831923
215496
7428058
66106519
15991857
44618578
218791
219453
220116
220780
56601354
222111
222778
223446
224115
23900258
225456
35779243
226801
227475
6595651
228826
229503
57478557
88455564
18776238
232221
232903
233586
234270
234955
235641
236328
237016
13170487
238395
239086
413550
79980991
241165
241860
242556
243253
243951
244650
245350
246051
96972568
247456
10862421
65331632
80184527
73908234
250986
251695
252405
253116
253828
254541
255255
255970
51255317
46530837
258121
258840
77224249
260281
261003
261726
262450
263175
10206399
264628
96366445
80695611
266815
267546
268278
269011
269745
270480
271216
271953
272691
83104335
274170
274911
275653
40041225
277140
64506145
278631
279378
280126
73625823
58491518
81169879
51176748
6255607
284635
285390
14887737
286903
287661
288420
92354658
289941
58463638
291466
17104347
18681895
293761
76112478
295296
296065
296835
297606
298378
46567001
299925
300700
301476
302253
303031
303810
54726326
305371
306153
306936
69220561
308505
309291
15834813
310866
311655
73830477
313236
85753251
314821
315615
4429100
62486074
318003
64219723
71401735
320400
57735723
322003
322806
323610
324415
325221
326028
326836
20481041
328455
74666412
330078
330891
15856341
332520
333336
334153
334971
335790
19029992
56561154
72670600
73315443
40864637
340725
341551
69484386
19500467
344035
344865
345696
346528
347361
348195
349030
18306425
350703
351541
352380
353220
40763393
354903
355746
356590
357435
55686447
7760783
359976
61774136
361675
362526
363378
364231
365085
365940
366796
367653
368511
369370
49951472
371091
371953
372816
373680
49395257
375411
376278
377146
25293343
378885
379756
380628
26292916
7461595
383250
79835397
385003
385881
386760
49102218
388521
389403
390286
73367762
392055
64320203
393828
20583074
395605
396495
37823136
398278
10132042
400065
400960
401856
402753
403651
34109439
405450
406351
46717666
408156
94743919
409965
410871
411778
24488547
413595
414505
53641364
416328
47217409
5189121
419070
15690158
420903
21065798
422740
423660
424581
425503
426426
427350
428275
14811731
66539796
61043279
431985
50197845
433846
434778
435711
436645
437580
71186360
80762114
440391
52412870
14147248
33966108
444153
445096
446040
446985
447931
33338899
449826
63733881
451725
77186854
453628
47820722
455535
51023874
457446
458403
33978038
40799109
461280
462241
379040
464166
465130
466095
467061
468028
468996
469965
470935
471906
472878
40363627
474825
475800
476776
477753
478731
479710
5607971
39835923
482653
568447
81720289
485605
43001811
487578
488566
489555
490545
75205455
492528
493521
494515
2763531
46945130
79501668
52227756
499500
500500
67304584
502503
503506
504510
505515
506521
507528
71759952
509545
71407200
56215460
55275857
513591
514605
62154203
21560706
517653
61448876
519690
34004657
521731
30326997
523776
524800
525825
526851
527878
528906
529935
26268285
48087334
533028
96583985
535095
87565621
51452341
25528755
85891226
540280
541320
542361
543403
544446
545490
57899038
547581
548628
549676
48678788
551775
1758658
88341655
59697891
555985
557040
558096
559153
560211
84166263
562330
563391
21766084
565516
11432886
567645
638653
569778
71552474
45069458
572985
83645101
575128
576201
32518822
578350
579426
41630096
581581
582660
6615076
46006659
585903
586986
588070
589155
590241
76403090
592416
593505
87636417
595686
43924460
597871
598965
600060
601156
602253
603351
604450
605550
18557440
74273378
94056967
609960
63234159
612171
613278
614386
24752645
616605
11066763
87691159
619941
621055
622170
623286
624403
88474178
79659861
627760
90346675
630003
631126
632250
633375
634501
79587193
3502901
637885
639015
640146
82336782
81036985
39581622
644680
58777534
646953
14314653
649230
650370
651511
652653
653796
17111701
656085
657231
37948271
659526
68346431
661825
662976
664128
665281
33211400
60928257
668746
669903
43917880
672220
673380
674541
675703
676866
58596999
85689173
680361
71608030
5204807
683865
685035
686206
687378
688551
58453566
690900
692076
97530270
694431
695610
696790
46738641
63858252
700336
701520
702705
703891
705078
706266
707455
48655716
709836
85331293
712221
99453261
714610
715806
91032151
718201
719400
720600
721801
3285175
724206
725410
41990949
727821
729028
730236
10232405
732655
37025841
735078
95746783
737505
738720
739936
741153
742371
76473858
744810
746031
18465033
44391244
749700
750925
752151
29621800
15885838
755835
757065
758296
759528
760761
761995
763230
764466
765703
766941
768180
60765387
770661
771903
59117117
774390
20968731
29366488
778128
779376
42552023
781875
51685683
784378
785631
786885
788140
30583347
13108560
791911
793170
794430
795691
11901954
10079414
799480
96892735
50939364
63792853
53691146
805815
30271319
808356
809628
810901
812175
813450
62561298
64301850
817281
818560
92316304
821121
822403
29602709
824970
826255
71288433
6168442
830116
29270839
832695
833986
835278
39039401
39238510
839160
840456
10178796
843051
844350
845650
30160391
848253
59966338
850860
27794056
853471
29459823
856086
857395
858705
860016
861328
12407540
863955
14976933
866586
867903
869221
870540
871860
873181
5467241
59769671
877150
62387715
879801
29071775
882456
7673620
885115
60496697
76034636
889111
890445
891780
69699000
894453
895791
897130
898470
899811
901153
902496
903840
905185
95842071
907878
909226
94154450
911925
913276
86387985
915981
48177210
56028748
20640615
921403
922761
75247937
925480
926841
928203
929566
10372983
932295
933661
935028
936396
937765
70793031
940506
941878
943251
944625
946000
947376
63982840
950131
951510
58968305
954271
955653
957036
958420
61461462
961191
962578
963966
965355
966745
968136
969528
970921
972315
973710
975106
20040130
977901
3071922
980700
982101
983503
984906
986310
987715
989121
990528
23371519
993345
19319310
996166
997578
998991
1000405
1001820
26652747
1004653
1006071
1007490
91276871
1010331
67889734
1013176
1014600
47582032
5753437
1018878
1020306
34842467
1023165
1024596
86219577
5278844
1028895
1030330
1031766
49419150
1034641
26087262
1037520
1038961
1040403
1041846
16534757
63230817
27687650
5921660
1049076
1050525
61242855
1053426
1054878
1056331
1057785
1059240
1060696
1062153
22841526
12540467
1066530
1067991
1069453
1070916
1072380
61937777
94375838
1076778
1078246
42452991
42090590
1082656
1084128
1085601
16157109
1088550
1090026
1091503
1092981
1094460
1095940
1097421
28258715
1100386
62008828
1103355
1104841
41889089
1107816
1109305
1110795
1112286
23898473
1115271
1116765
1118260
1119756
1121253
1122751
1124250
1125750
1127251
1128753
95145823
51753795
23775982
1134771
1136278
44390856
1139295
25717098
1142316
1143828
1145341
1146855
70435782
80992848
10851473
1152921
1154440
1155960
1157481
1159003
1160526
1162050
1163575
53525806
1166628
62457370
1169685
93886412
1172746
1174278
1175811
84256690
1178880
1180416
1181953
1183491
49619421
1186570
1188111
24220039
83244629
31229432
1194285
1195831
1197378
1198926
18712954
1202025
1203576
1205128
1206681
1208235
1209790
13622851
22150896
48808650
1216020
1217580
46834603
1220703
1222266
74723200
1225395
1226961
21042723
1230096
1231665
1233235
1234806
1236378
1237951
1239525
1241100
1242676
1244253
1245831
1247410
1248990
1250571
1252153
1079650
1255320
1256905
9790118
1260078
1261666
1263255
1264845
37833050
42702181
1269621
4989594
1272810
1274406
1276003
1277601
90573681
1280800
1282401
1284003
1285606
1287210
20423769
1290421
1292028
12285343
1295245
1296855
1298466
1300078
70901635
1303305
21582437
46137026
1308153
19982198
1311390
4162787
1314631
1316253
1317876
1319500
53047611
78555802
1324378
1326006
981607
1329265
1330896
65798582
14623918
1335795
49483721
1339066
50948006
26032772
1343980
25753086
63989339
1348903
13354583
12665391
24622489
1355481
1357128
1358776
15580264
1362075
1363726
4229411
1367031
1368685
1370340
1371996
1373653
85141790
89004313
1378630
1380291
9769503
1383616
1385280
1386945
42972756
1390278
60721200
1393615
1395285
1396956
1122950
97344255
1401975
1403650
1405326
1407003
1408681
1410360
1412040
37520422
1415403
1417086
1418770
14685475
92034069
1423828
1425516
1427205
1428895
1430586
1432278
1433971
1435665
1437360
1439056
1440753
98569364
83082086
1445850
1447551
9727707
1450956
1452660
1454365
1456071
21397526
1459486
1461195
1462905
1464616
61860108
1468041
1469755
1471470
1473186
6921597
96792465
1478340
1480060
1481781
1483503
1485226
1486950
58593553
1490401
73830373
1493856
1495585
1497315
1499046
48836789
63928224
76327162
65494005
1507716
1509453
1511191
1512930
1514670
1516411
1518153
1331560
1521640
30143675
26341572
1526878
1528626
1530375
1532125
1533876
25129307
1537381
1539135
1540890
1542646
25409191
1546161
49299980
1549680
1551441
1553203
1554966
1556730
94695556
72805053
1562028
1563796
66124405
1567335
1569106
58487807
19777600
1574425
51433742
1577976
37374637
1581531
99067261
1585090
1586871
96733115
1590436
1592220
1594005
1595791
1597578
1599366
1601155
1602945
89733684
1606528
1608321
47793306
9083207
98557577
62767737
1617301
12259804
40537503
1622701
1624503
1626306
1628110
42342981
1631721
1633528
1635336
1637145
1638955
44943783
1642578
1644391
1646205
1648020
1649836
1651653
1653471
1655290
92213468
1658931
46251335
1662576
75794999
96202475
1668051
1669878
81153888
72191392
1675365
1677196
1679028
21775659
61707370
1684530
1686366
1688203
96625750
17240380
1693720
46553559
1697403
2433600
1701090
21667791
86646543
1706628
81891984
1710325
1712175
1714026
30950195
72825270
1719585
1721440
86417398
1725153
68031621
1728870
1730730
1732591
1734453
98955091
1738180
1740045
1104276
99013632
1745646
1747515
1749385
24430054
1753128
80545889
1756875
1758750
78285605
70964485
1764381
1766260
1768140
32513293
64401731
136435
1775670
1777555
1779441
1781328
1783216
1785105
73889136
76646816
1790778
1792671
1794565
1796460
1798356
1800253
1802151
1804050
1805950
1807851
1809753
1811656
75903624
1815465
1817371
1819278
1821186
1823095
1825005
1826916
1828828
1830741
1832655
90645067
1836486
1838403
1840321
19214187
72213055
1846081
1809959
73166399
1851850
64116974
1855701
98619672
1859556
1861485
1863415
1865346
1867278
46873797
85967972
1873080
1875016
37808087
88642797
1880830
1882770
43840784
1886653
1888596
1890540
99847970
1894431
1896378
1898326
1900275
1902225
1904176
14036133
1908081
42644702
1911990
40620119
11483074
53062651
69843109
1921780
1923741
5211978
1927666
19476464
1931595
1933561
20564683
1937496
1939465
1941435
1943406
35154343
1947351
68551047
45176795
1953276
46348549
1957231
1959210
12754065
1963171
1965153
88436539
1969120
1971105
1973091
83394071
1977066
1979055
63617640
1983036
1985028
1987021
1989015
1991010
78534689
1995003
1997001
33831899
2001000
63903969
17348795
2007006
41335281
2011015
36565060
2015028
1425550
70786506
44624681
27928291
94053817
80691395
2029105
2031120
29548721
63891586
43404646
2039190
2041210
24896531
2045253
2047276
2049300
2051325
2053351
2055378
66010868
2059435
2061465
2063496
2065528
2067561
2069595
2071630
2073666
2075703
2077741
76354396
2081820
68545421
2085903
2087946
2089990
36958430
86457105
63659687
74421400
43510283
2102275
2104326
2106378
61078584
2110485
2112540
2114596
2116653
43366492
24345687
2122830
99043479
2126953
2129016
2131080
2133145
2135211
2137278
2139346
2141415
2143485
2145556
2147628
2149701
2151775
2153850
2155926
2158003
48055157
2162160
2164240
29950510
2168403
2170486
2172570
2174655
2176741
2178828
54907549
2183005
2185095
2187186
2189278
2191371
72392868
2195560
15218093
2199753
98509349
2203950
28916680
3862851
2210253
2212356
72501594
2216565
2218671
2220778
8208447
98891972
2227105
2229216
2231328
2233441
2235555
2237670
18252599
96191285
2244021
32809715
2248260
2250381
94751515
19388301
2256750
2258875
2261001
2263128
2265256
2267385
2269515
2271646
2273778
2275911
2278045
83856622
2282316
2284453
2286591
67914674
2290870
22665172
2295153
58214105
2299440
2301585
2303731
2305878
66551857
24844530
94560955
2314476
2316628
92355167
3038477
2323090
2325246
92627164
2329561
2331720
72540475
2336041
2338203
2340366
93863271
2344695
13711510
2349028
2351196
2353365
2355535
2357706
2359878
59677457
2364225
2366400
2368576
78898830
56291612
14802627
2377290
2379471
2381653
2383836
4825329
2388205
2390391
2392578
2394766
26658908
2399145
2401336
2403528
2405721
2407915
35683057
2412306
2414503
2416701
2418900
12772563
62757923
2425503
54086335
2429910
2432115
2434321
2436528
11552353
42154454
2443155
2445366
2447578
2449791
2452005
2454220
2456436
2458653
2460871
24505128
3751569
52321648
2469753
2471976
4553108
2476425
94293457
8988697
2483106
2485335
45404662
2489796
71392936
2494261
2496495
2498730
2500966
2503203
26603343
2507680
25183390
2512161
2514403
2516646
32260797
2521135
2523381
2525628
2527876
82522071
2532375
67050334
2536878
2539131
2541385
2543640
62502533
2548153
42948243
2552670
14139589
2557191
2559453
94942168
2563980
2566245
2568511
2285999
2573046
2575315
2577585
2579856
31944844
82537508
2586675
44887076
2591226
2593503
2595781
8939517
2393627
2602621
2604903
2607186
2609470
2611755
86429794
17890614
44443598
2620905
2623195
49204475
2627778
2630071
2632365
2634660
2636956
2639253
2641551
88751087
66219549
2648451
2650753
49187159
12165921
2657665
2659971
2662278
57925404
2666895
2669205
2671516
31247584
2676141
2678455
69350498
2683086
2685403
2687721
2690040
31873519
44435428
2697003
2699326
2701650
77985236
79155790
2708628
2710956
2713285
20622796
2717946
76412120
2722611
2724945
2727280
2729616
2731953
51819648
2736630
2738970
2741311
2743653
24284429
71718753
24652872
2753031
46599322
2757726
7516520
15527151
2764776
2767128
2769481
77671786
2774190
2776546
2778903
2781261
2783620
2785980
73906640
2790703
37715426
2795430
63738454
2800161
2802528
2804896
2807265
22160041
2812006
2604701
2816751
72069518
2821500
2823876
56058701
2828631
2831010
29803152
2835771
2838153
2840536
2842920
2845305
2847691
2850078
23038628
2854855
2857245
2859636
37007512
2864421
3680881
2869210
2871606
22543742
2876401
2878800
64734956
93701424
2886003
38285553
2890810
2893215
79489160
2898028
2900436
45301743
24141986
2907666
2910078
89982360
75922356
2917320
2919736
89964919
2924571
2926990
2929410
19071564
2934253
53431479
2939100
62227312
88159651
2946378
90601548
50813014
39467112
2956096
4694534
88956300
2963395
18151886
2968266
60803754
43003242
57658315
2978020
2980461
2982903
2985346
78242636
2990235
65405135
79998638
2997576
45646275
61517203
72991364
3007378
3009831
3012285
3014740
3017196
3019653
20046845
75749153
36186252
3029491
3031953
3034416
3036880
3039345
3041811
3044278
13333004
31877018
3051685
3054156
3056628
31699283
2812778
3064050
81244435
3069003
81501796
71350874
13568493
3078921
3081403
3083886
3086370
3088855
3091341
3093828
31709364
3098805
3101295
3103786
7079162
3108771
3111265
3113760
3116256
3118753
3121251
3123750
3126250
3128751
3131253
3133756
3136260
3138765
3141271
3143778
85211987
3148795
3151305
3153816
7021400
3158841
3161355
3163870
72459107
3168903
3171421
26535699
3176460
3178981
67703757
3184026
3186550
3189075
35785684
71037944
34358809
3199185
15818898
3204246
3206778
22741304
45890639
3214380
41304132
3219453
60245307
8453711
3227070
68129146
3232153
323640
40660693
3239785
3242331
3244878
3247426
3249975
3252525
3255076
3257628
3260181
3262735
37430465
3267846
3270403
61713749
72170438
88775165
47448335
99831598
3285766
31790268
3290895
3293461
51875517
3298596
3301165
3303735
3306306
3308878
44590162
3314025
3316600
3319176
3321753
3324331
3326910
3329490
84139993
30220866
3337236
25729279
3342405
3344991
3347578
3350166
38710491
22165948
3357936
82076414
14259908
3365715
3368310
3370906
3373503
6566055
3378700
3381300
69558893
98906587
3389106
3391710
49117034
3396921
3399528
50319507
31990077
3407355
3409966
3412578
3415191
3417805
3420420
59529300
3425653
3428271
3430890
3433510
3436131
3438753
3441376
3444000
93167672
3449251
3451878
3454506
22499556
4782254
3462396
3465028
80898091
3470295
3472930
3475566
3478203
3480841
3483480
3486120
3488761
15370627
50911294
3496690
3499335
40941126
40819293
47466908
3509925
75638422
36035809
28634870
62369708
3523185
73990719
3528496
3531153
3533811
3536470
76671587
2048153
3544453
3547116
32789559
93852525
17685726
21359046
3560446
3563115
6885630
3568456
14244499
47235608
58850238
3579150
3581826
7451886
32237112
3589860
25130988
3595221
64622931
53012185
3603270
3605955
3608641
3611328
3614016
3616705
3619395
3622086
29305471
54740794
3630165
44681575
3635556
3638253
3640951
57403866
3646350
3649051
3651753
34804792
3657160
3659865
85831057
60539582
15555393
3670695
3673405
53161831
3678828
3681541
34666143
3686970
3689686
3692403
34127283
3697840
3700560
92298492
3706003
3708726
79962664
52535234
3716901
3719628
3722356
22400959
3727815
17060355
83881001
3736011
3738745
3741480
3744216
7231596
40442848
91143351
3755170
3757911
56752381
3763396
3766140
3768885
54575230
3774378
44742390
3779875
3782625
3785376
3788128
3790881
3793635
26792255
3799146
3801903
3804661
3807420
37212647
72268238
3815703
63129392
3821230
3823995
71505793
3829528
3832296
3835065
3837835
95219681
78481585
8046575
3848925
3851700
38889360
3857253
47948506
20571461
62787105
64495390
71968367
48837076
94123439
27021710
3882291
44362251
3887866
3890655
13785142
9523305
3899028
76270718
3904615
3907410
3910206
3913003
3915801
3918600
3921400
3924201
3927003
3929806
48320436
59640087
88644913
3941028
94816941
3946645
79983086
3952266
3955078
3957891
3960705
3174450
3966336
3969153
3971971
3974790
3977610
3980431
3983253
39005556
69311361
3991725
3994551
3997378
882606
4003035
4005865
4008696
80355749
4014361
4017195
4020030
34944660
86654971
4028541
4031380
4034220
66414846
4039903
4042746
4045590
4048435
18343557
4054128
16950667
66867251
66850852
23439226
4068378
4071231
98307719
4076940
78639613
4082653
52752703
96130649
39685641
4094091
4096953
4099816
77397804
96957273
4108411
4111278
4114146
3604125
4119885
4122756
44656227
4128501
4131375
4134250
54525992
4140003
61925579
4145760
4148640
4151521
4154403
40525397
4160170
55098870
4165941
4168828
4171716
4174605
4177495
76327468
71370319
44394336
58461314
4191960
4194856
28877612
4200651
4203550
4206450
4209351
35568857
4215156
61785911
4220965
4223871
4226778
90453443
4232595
4235505
44241790
4241328
83859348
99498822
2280997
4252986
4255903
72397226
4261740
4264660
90547713
4270503
4273426
4276350
70302319
70510435
4285128
4288056
4290985
4293915
4296846
86226125
4302711
4305645
4308580
4311516
4314453
4317391
4320330
4323270
55757834
88232754
62970718
4335040
4337985
55642139
86939117
16692051
4349775
86003594
4355676
39359595
4361581
44749458
96846613
4370446
4373403
88525100
4379320
4382280
46815033
4388203
26048309
92330240
4397095
4400061
21770824
4405996
4408965
4411935
32365964
59586297
4420851
99585210
71053511
4429776
4432753
4435731
4438710
4441690
4444671
24435991
90472831
4453620
4456605
85182395
4462578
4465566
4468555
4471545
4474536
90588815
19138024
18265483
4486510
12697727
4492503
33611869
4498500
85842642
20334272
4507503
51183683
4513510
4516515
4519521
4522528
78133506
93723698
4531555
22842616
4537578
51682109
4543605
4546620
4549636
76150807
4555671
4558690
4561710
4564731
52479540
29480009
4573800
17785394
4579851
14133667
4585906
4588935
4591965
4594996
4598028
4601061
4604095
4607130
4610166
65196279
4616241
4619280
4622320
43698448
4628403
4631446
4634490
4637535
4640581
4643628
4646676
88535504
4652775
261435
68247173
4661931
4664985
4668040
4671096
4674153
4677211
4680270
4683330
4686391
4689453
4692516
4695580
89548085
52329173
4704778
79663343
4710915
13772263
4717056
4720128
20421758
4726275
4729350
4732426
4735503
92774588
4741660
4744740
4747821
4750903
25843802
4757070
68719553
4763241
4766328
54998984
35447792
4775595
35627054
4781778
4784871
4787965
4791060
4794156
4797253
4800351
4803450
4806550
72550409
4812753
4815856
4818960
25413721
4825171
4828278
4831386
21231905
4837605
27232278
4843828
4846941
4850055
4853170
4856286
4859403
4862521
4865640
4868760
4871881
4875003
4878126
4881250
4884375
4887501
4890628
52477850
88709299
4900015
30292364
4906278
4909411
4912545
26872773
4918816
4921953
4925091
4928230
3819227
38582068
4937653
4940796
4943940
4947085
4950231
4953378
68512436
36857792
4962825
4965976
38784228
24016136
4975435
4978590
4981746
4984903
4988061
4991220
66333363
4997541
80234364
67323531
52002722
62068643
5013361
5016528
5019696
82093654
5026035
5029206
5032378
5035551
5038725
5041900
5045076
85213240
5051431
74583474
5057790
5060971
18540390
47431850
4335483
15596945
5076891
5080078
50763163
2205332
5089645
6612531
73396644
5099221
5102415
7414191
65734768
30485095
11976642
5118400
43535116
5124801
5128003
5131206
5134410
5137615
5140821
4557487
54561794
5150445
5153655
77889696
5160078
5163291
5166505
5169720
5172936
5176153
70912072
5182590
5185810
5189031
16607113
49943763
5198700
5201925
5205151
5208378
18022137
52355432
5218065
73527204
5224528
5227761
5230995
5234230
5237466
98927118
21974172
53906794
5250420
5253661
5256903
5260146
5263390
5266635
39367867
5273128
52584092
5279625
55799688
5286126
5289378
67794596
5295885
5299140
5302396
90615254
5308911
44473015
5315430
5318691
5321953
5325216
5328480
98876079
48309387
5338278
43140314
5344815
5348085
5351356
90506435
5357901
5361175
5364450
49641124
5371003
5374281
97001474
5380840
5384121
70921381
5390686
5393970
5397255
5400541
5403828
12353125
5410405
25659064
5416986
5420278
65408418
5426865
5430160
42809931
5436753
5440051
5443350
6911100
5449951
61852226
5456556
68279487
5463165
5466471
5469778
5473086
5476395
5479705
73054893
5486328
5489641
5492955
5496270
5499586
5502903
94692100
22080405
5512860
5516181
45196240
69245150
5526150
25263789
5532801
14200673
16636487
37437361
31464623
41461191
5552778
5556111
5559445
5562780
5566116
5569453
63195099
88731483
5579470
29757235
31991186
12887938
5592840
73617703
5599531
5602878
56101006
5609575
38839180
5616276
56621934
92926615
5626335
5629690
5633046
5636403
5639761
57207813
5646480
73821300
5653203
5656566
5659930
5663295
5666661
5670028
5673396
53942332
33073724
5683506
15218308
5690251
5693625
5697000
5700376
5703753
28188176
5710510
39548923
5717271
5720653
1260156
5779678
5730805
5734191
5737578
31381019
47301973
5747745
98685070
59564493
5757921
5761315
5764710
5768106
5771503
5774901
5778300
5781700
5785101
35596472
77183154
5795310
5798715
5802121
98641631
5808936
5812345
5815755
5819166
5822578
73943008
91580892
5832820
5836236
5839653
5843071
5846490
5849910
5853331
5856753
5860176
5863600
5867025
18442443
99993761
5877306
40041872
5884165
5887596
25505652
5894461
5897895
5901330
5904766
5908203
5911641
5915080
5918520
27707135
5925403
5928846
17213829
5935735
5939181
5942628
58933547
5949525
5952975
5956426
5959878
41373072
5966785
86138142
5973696
5977153
5980611
5984070
5987530
5990991
5994453
5997916
6001380
13932476
6008311
6011778
59069580
4570476
6022185
6025656
6029128
6032601
64042746
6039550
6043026
6046503
20394804
50885288
6056940
6060421
6063903
37526474
81348304
51043669
6077841
71938029
6084816
6088305
6091795
6095286
6098778
6102271
99560505
43021145
6112756
88993426
6119751
6123250
90210477
6130251
6133753
51443834
6140760
6144265
6147771
6151278
6154786
6158295
19412708
9407599
63783790
99653701
6175855
6179370
55792351
6186403
6463095
6193440
6196960
1693819
50045564
6207526
6211050
42285075
58691137
67008476
6225156
6228685
6232215
6235746
6239278
14907095
80127094
6249880
64659961
6256953
6260491
6264030
6267570
6271111
6274653
6278196
77081335
6285285
6288831
6292378
6295926
61227055
6303025
92888985
66661410
6313681
6317235
6320790
6324346
6327903
6331461
66278160
6338580
6342141
6345703
6349266
6352830
6356395
6359961
6363528
24858052
75075210
6374235
57449360
6381378
6384951
6388525
6392100
6395676
58212570
6402831
46950764
6409990
93805618
6417153
6420736
77231491
6427905
6431491
6435078
6438666
6442255
6445845
6449436
6453028
58106959
6460215
8646493
76263723
6471003
6474601
85050034
67822842
9068666
6489003
65535071
69424540
39814089
32084452
6507028
6510636
6514245
6517855
82030778
6525078
6528691
6532305
6535920
6539536
6543153
6546771
6550390
6554010
6557631
6561253
6564876
6568500
6572125
33359994
6579378
35100828
6586635
6590265
57165020
72189695
6601161
6604795
21969023
76720576
6615703
95821573
6622980
86490936
6630261
6633903
46925344
6641190
90443435
65170215
6652128
35441508
6659425
6663075
6666726
97666149
6674031
6677685
84377942
6684996
30527299
6692311
54727165
6699630
6703291
6706953
6710616
6714280
6717945
82636361
24564335
6728946
6732615
6736285
6739956
6743628
6747301
6750975
49058464
6758326
43623797
18673994
16169056
52322529
6776721
6780403
62174973
6787770
6791455
54480919
88911960
87092517
6806205
6809895
6813586
6817278
6820971
27788580
36868138
6832056
6835753
6839451
633481
6846850
6850551
6854253
46338005
6861660
6865365
6869071
6872778
74059524
6880195
6883905
6887616
6891328
6895041
6898755
49525889
6906186
38255603
6913621
6917340
6921060
6924781
6928503
72710391
75799134
77387049
6943401
6947128
6950856
6954585
53801727
6962046
6965778
6969511
6973245
21401685
6980716
95466920
6988191
6991930
6995670
6999411
76693284
7006896
7010640
7014385
7018131
7021878
7025626
7029375
7033125
7036876
44805656
7044381
7048135
7051890
581827
7059403
7063161
7066920
59998578
7074441
7078203
7081966
7085730
7089495
7093261
7097028
7100796
7104565
28216236
7112106
38372292
53909959
7123425
7127200
7130976
7134753
7138531
7142310
16042634
7149871
7153653
7157436
7161220
7165005
64441830
7172578
7176366
7180155
7183945
7187736
53663992
27372578
7199115
7202910
42317813
39934800
97304634
7218100
67595812
7225701
7229503
10858385
7237110
18168549
75807101
34405007
7252336
62075396
7259955
9615241
35882528
7271391
7275205
7279020
7282836
42716881
66780072
7294290
7298110
9643989
6798994
7309576
54841051
39074116
74414951
40127205
46116297
7332535
7336365
7340196
87373484
59353677
7351695
7355530
7359366
7363203
54843567
7370880
7374720
35025438
7382403
7386246
7390090
66288255
51223257
7401628
81888196
64913379
83689767
7417026
7420878
7424731
7428585
99982515
7436296
7440153
7444011
7447870
7451730
7455591
7459453
46425323
7467180
7471045
7474911
7478778
7482646
7486515
54226647
61223264
7498128
7502001
7505875
7509750
7513626
7517503
7521381
7525260
35300773
12968281
62851373
7540786
7544670
7548555
7552441
13616390
7560216
12855250
7567995
7571886
7575778
7579671
7583565
7587460
7591356
60121835
7599151
7603050
7606950
45681111
7614753
50230809
7622560
7626465
88850721
7634278
7638186
25747285
7646005
7649916
7653828
7657741
63072303
7665570
7669486
49015682
7677321
76368495
7685160
7689081
7693003
7696926
7700850
5169919
7708701
89055879
54015849
7720485
90065135
24852194
12719348
7736211
70600577
38546426
7748016
7751953
7755891
7759830
7763770
20401172
7771653
5942921
7779540
7783485
99994832
7791378
7795326
79036251
72407902
20178302
21533942
7815081
7819035
7822990
5167354
7830903
69235525
7838820
7842780
7846741
7850703
22419530
7858630
7862595
7866561
7870528
50160446
7878465
8031191
77338023
77756977
7894351
7898325
7902300
7906276
7910253
30254977
7918210
85583317
7926171
7930153
94863403
27618631
17553320
7946091
7950078
7954066
7958055
42504487
7966036
3405260
7974021
7978015
7982010
16969483
7990003
7994001
7998000
8002000
59566331
8010003
8014006
60674058
8022015
18054881
79710054
59775293
65858291
8042055
28854542
7294801
8054091
8058105
8062120
8066136
8070153
99807255
8078190
8082210
89936969
8090253
8094276
23330221
8102325
8106351
8110378
1003745
8118435
8122465
8126496
54219963
8134561
8138595
8142630
24271934
8150703
8154741
8158780
10736051
8166861
25420885
1509742
8178990
8183035
8187081
8191128
8195176
8199225
8203275
26837174
8211378
7621225
8219485
63138358
8227596
8231653
8235711
8239770
8243830
8247891
8251953
8256016
8260080
8264145
8268211
8272278
65174039
8280415
8284485
98828899
8292628
62233230
8300775
89374902
69589907
41840789
8317081
72361312
39547544
8329321
96538198
8337486
8341570
56976419
8349741
8353828
8998926
8362005
77971700
8370186
8374278
83644163
8382465
44672812
35643349
8394753
8398851
8402950
8407050
8411151
85535618
50904416
8423460
27326496
8431671
8435778
31935444
8443995
8448105
8452216
12253282
8601346
8464555
8468670
8472786
8476903
68860419
8485140
88838238
9856783
8497503
8501626
8505750
8509875
8514001
1797668
99058662
98412536
66071238
54983609
8538778
10205603
9695473
36915192
8555316
8559453
8563591
8567730
8571870
8576011
8580153
39110055
8588440
66854845
8596731
8600878
8605026
8609175
8613325
4298696
8621628
8625781
48328401
8634090
8638246
88174695
8646561
8650720
8654880
8659041
22572368
41809496
8671530
8675695
62944300
8684028
53851763
8692365
91687380
8700706
82199488
62295858
8713225
17878183
49987209
8725753
16639231
8734110
77078093
8742471
8746653
8750836
62799202
8759205
8763391
6349514
8771766
8775955
8780145
71352153
8788528
87710508
8796915
64034577
74648436
70458211
8813701
8817900
8822100
44768656
8830503
8834706
8838910
8843115
82831917
16025449
81889263
8859945
20809226
55596560
88591580
76532313
58517652
8885220
11775085
87030757
79979874
33069809
8906310
8910531
8914753
8918976
52185296
8927425
8931651
8935878
36987407
31972799
8948565
8952796
8957028
8961261
76946214
28798749
8973966
24861370
8982441
8986680
89306292
8995161
47423313
9003646
9007890
9012135
9016381
71163254
9024876
9029125
9033375
9037626
9041878
9046131
46025768
299290
65928607
9063153
23825470
96857348
84154362
8573724
9084453
42800003
85551009
9097245
67109926
26605631
76791529
97950016
6680866
9122856
9127128
71927889
9135675
65645478
9144226
9148503
32743681
9157060
9161340
9165621
9169903
9174186
9178470
61649333
9187041
9191328
9195616
9199905
9204195
9208486
16559544
9217071
72292704
9225660
9229956
5025291
9238551
9242850
9247150
9251451
9255753
9260056
9264360
63499325
56734707
9277278
9281586
58047036
87123362
8878525
26081311
9303141
9307455
77675268
9316086
9320403
32273097
9329040
9333360
9337681
9342003
9346326
9350650
86053475
9359301
9363628
9367956
91252467
35067816
9380946
51276115
9389611
9393945
9398280
80125213
9406953
9411291
8309092
32593690
9424311
42638004
9432996
9437340
9441685
55550804
9450378
41681124
83457756
9463425
9467776
9472128
9476481
9480835
9485190
87675455
53599813
58689577
62602113
9506980
30806170
9515703
9520066
9524430
49784165
2687599
55486529
31372463
9546265
9550635
9555006
68024203
9563751
47989595
9572500
9576876
37935974
9585631
9590010
9594390
9598771
9603153
9607536
29874192
9616305
9620691
9625078
9629466
46570467
57188584
9642636
9647028
9651421
9655815
9660210
9664606
9669003
9673401
9677800
9682200
81247233
76676662
9695406
5223973
9704215
9708621
66695477
9717436
9721845
9726255
9730666
42571133
70604790
9743905
9748320
9752736
9757153
59300539
9765990
9770410
9774831
9779253
9783676
9788100
9792525
43052636
9801378
9805806
70616722
9814665
9819096
9823528
9827961
9832395
68443715
9841266
9845703
9850141
9754590
811538
9863461
4880358
9872346
51307795
9881235
9885681
42183110
9894576
9899025
9903475
9907926
9912378
81071777
9921285
9925740
9930196
56121662
9939111
9943570
48779639
30958370
9956953
9961416
9965880
39327921
9974811
68654694
9983746
31118105
9992685
67580934
10001628
10006101
10010575
10015050
10019526
10024003
46095704
10032960
34997966
10041921
50534737
10050886
8139411
49118876
40079940
10068828
10073316
10077805
10082295
10086786
10091278
10095771
10100265
59562896
10109256
88182556
10118251
10122750
9639053
10131751
32154290
10140756
75422384
10149765
91841465
17242134
95154645
62041971
10172305
74983022
4037262
10185841
10190355
85395577
10199386
73211597
10208421
10212940
10217460
73654196
10226503
10231026
89537684
61953534
10244601
10249128
51685578
10258185
10262715
10267246
10271778
10276311
93360433
99812804
17302187
10294453
10298991
37679580
10308070
10312611
91127699
10321696
10326240
10330785
10335331
10339878
10344426
59774170
13013246
10358076
10362628
10470371
10371735
90457618
10380846
10385403
14674707
10394520
10399080
99950701
10408203
24516576
10417330
10421895
10426461
10431028
10435596
10440165
10444735
37557741
10453878
40179955
10463025
73579392
17835383
10476753
10481331
44337463
10490490
10495071
10499653
10504236
10508820
32908071
10517991
10522578
70598586
10531755
86836275
56033700
51550723
10550121
32432080
55027594
59629006
10568503
67168669
10577700
10582300
57630549
10591503
10596106
10600710
10605315
10609921
10614528
10619136
10623745
10628355
9360669
10637578
10642191
83278633
86191915
12773345
8348057
10665271
94941268
10674510
10679131
10683753
10688376
44317405
40676234
78283790
10706878
10711506
10716135
10720765
10725396
10730028
10734661
10739295
10743930
10748566
10753203
10757841
10762480
15341169
10771761
87304562
55954688
10785690
95498383
57765288
78121533
10804276
10808925
10813575
11673161
10822878
36488358
20133109
10836840
10841496
50227787
36900043
10855470
10860130
10864791
41073017
86540835
10878780
2681586
10888111
10892778
18744216
10902115
10906785
10911456
90195318
10920801
10925475
10930150
37489450
10747263
10944181
10948860
10953540
15400876
10962903
90621693
10972270
10976955
10981641
60807721
71643404
10995705
12320594
43136859
51567894
11014471
11019165
11023860
6588633
11033253
11037951
11042650
70343065
34830698
20848400
98017780
21789918
11070865
11075571
11080278
11084986
11089695
11094405
11099116
11103828
11108541
11113255
55784525
11122686
16143693
11132121
11136840
83520007
11146281
57669334
11155726
19348109
11165175
11169901
11174628
61757601
11184085
11188815
11193546
11198278
62330911
11207745
11212480
50693110
26794860
51841025
11231430
6910486
11240911
11245653
30474823
11255140
11259885
11264631
11269378
11274126
11278875
42877991
11288376
11293128
89868400
77132535
11307390
11312146
11316903
82426928
11326420
11331180
11335941
11340703
96772665
11350230
14784765
11359761
11364528
11369296
10599763
36054250
11383606
11388378
11393151
11397925
49907209
11407476
11412253
11417031
11421810
20356878
11431371
11436153
37405081
11445720
24822371
75403782
11460078
62760773
11469655
11474445
11479236
11484028
4182932
11493615
11498410
11503206
11508003
22677963
11517600
9656463
81137474
70099018
11536806
11541610
11546415
81781903
69972811
47625587
46689104
11570455
10322581
22482888
11584891
11589705
11594520
11599336
42068908
11608971
11613790
11618610
50294858
11628253
11633076
11637900
68669042
5590421
75118315
11657206
11662035
11666865
11671696
11676528
11681361
11686195
49530728
11695866
11700703
60827868
11710380
11715220
11720061
11724903
78583254
49761806
11739435
11744281
11749128
46378488
10020229
52619289
53945194
11773378
9018769
11783085
94944191
11792796
11797653
50315735
74371662
82849057
11817091
52986056
23638479
11831680
87374040
11841411
11846278
11851146
11856015
11860885
62754410
42260825
11875501
11880375
51743834
98122166
11895003
6093258
11904760
11909640
11914521
11919403
67168642
11929170
79552963
53593320
54551413
11948716
19402248
11958495
11963386
11968278
11973171
11978065
98897363
11987856
56627611
11997651
12002550
12007450
12012351
12017253
12022156
12027060
12031965
12036871
12041778
91836375
12051595
12056505
12061416
12066328
12071241
93062197
12081070
12085986
12090903
12095821
12100740
66029317
12110581
12115503
68099746
12125350
12130275
42841113
41012100
12145056
12149985
12154915
12159846
15913272
12169711
12174645
12179580
12184516
12189453
12194391
12199330
84996004
12209211
23109942
12219096
12224040
12228985
12233931
23281189
12243826
12248775
49102177
12258676
91675710
74812902
12273535
12278490
56419298
12288403
91464333
2496679
12303280
12308241
12313203
12318166
12323130
12328095
12333061
3848170
12342996
36777287
68065203
12357906
88892973
12367851
35863911
12377800
7167199
12387753
46542429
12397710
7501501
12407671
12412653
12417636
12422620
12427605
12432591
12437578
12442566
48301707
12452545
74019100
12462528
12467521
12472515
12477510
12482506
12487503
12492501
86354856
12502500
