10000
25738959
3
1
19336245
48435078
6
20907449
10
21
45
6
28
45
21
9548316
66
6
28
11160779
65563774
24751657
43015600
36
78
21
300
1
12081362
43000648
120
210
231
190
55020890
325
595
231
94762198
55
91
105
120
80105704
990
120
79459737
4770019
45
41751843
406
210
861
1431
32285791
75127637
630
666
27065367
120
14798337
59212985
80417789
36
1830
253
22745241
703
406
703
1176
1128
238733
105
38908824
1
903
84978102
1770
1770
1
300
17626122
66
820
630
465
88338785
1275
741
1770
2926
1485
3
1378
595
4371
2016
2346
171
7799422
2628
34494138
4560
33217654
36
210
53777316
7451976
35388246
741
1540
4371
2730002
435
4278
80831875
87450881
41663804
83985922
30881917
351
5565
10
861
93895578
1711
595
36
1540
55
325
300
190
49442010
78781336
93649043
465
435
78799577
3403
378
43438923
1326
3655
190
28
10983938
15525073
3828
561
11325
171
31384205
48468192
86971823
36
1431
3403
15
8001
8001
990
2346
435
60796829
2556
946
19325870
55105860
64884518
12246
2080
13695
6441
276
3570
35029268
56566351
15
190
14878
496
3570
97933813
80434743
12880
7021
435
15576
4095
136
16836
62091024
16653
17391
11935
496
19403901
6142809
1128
1596
97202089
2016
45656802
21115
15051
37901772
19306
21234862
7875
26580789
5671
9045
20910
60660456
65778113
50513800
7503
16653
2211
20802546
80371057
60495218
10011
153
23436
496
6216
171
9453
1225
23220
19701
38191612
63252804
11476
5460
435
24090
12720
27730
595
18528
43767722
78
29403
9730
15225273
98945594
91619751
2016
4950
89870566
2145
55
595
9045
7503
4827014
33930
41249464
1128
93912303
28920
45262274
4005
78321756
43923699
14196
4753
23005
8272645
64129067
8646
3655
26796186
29403
34453
18721
21568260
13530
15
91722426
9956993
39340
26565
136
28
15225
38360807
53781064
3828
39340
24090
24854354
13530
105
53608386
37401
19306
1225
20100
80821290
39706327
44850
18336
28908829
16471
51700876
27261
11680770
6105
6216
1711
630
5356
23653
24753
9368525
61796335
25425
36046
18972373
18915
24469692
37675
38183566
99145477
32563179
10878
9870
30662580
39997231
8515
16290
120
99828754
41041
44613787
3321
24753
20301
29646
31113596
990
3
84831829
3321
59685
51681
7021
14878
95160049
70768815
34287660
9045
378
4851
45150
23436
3828
75978590
14196
18878937
60378
1711
40755
34453
62835
30381
38226
46971
68917306
37479689
24090
25651
97684521
30686179
12403
72373894
28203
20060120
3403
14535
24512731
65788852
595
9316
48884073
561
35050350
50545289
18145
15400
43499453
54615
16063567
54946
8657876
34317889
61075
57970
12720
18127114
80009460
7021
1128
18336
4465
67381688
58996
18528
27028
24976
90961635
4617851
21451548
57493535
5995
21736
53628
7914278
92611358
741
10
3741
90100
52095327
14039171
24976
56280
37128
93096
90768390
12403
16653
77815
54615
17205
91974529
95100096
43559695
14196
12880
190
2775
12880
38781
24550720
10238333
20706
105
99235
9730
9870
23436
1108777
102831
136
78931298
58996
36315
17391
580716
12720
42195
14028
37174383
65657744
21736
37231289
56280
97079178
3486
57987583
7143776
4186238
6931114
62481
61075
26106
13378715
115921
21736
89356010
528
28203
210
106491
31375
61776
103285
57121346
13498201
73153
3570
3741
10
85008008
2701
29890
77421
1081
89253
94830
6216
5886
10
81003
127260
98340954
4278
81406
81270151
31878
91346357
465
110215
5995
114481
33670
71631
118828
28203
48126353
40755
27028
43071
139656
15400
43071
8267856
5586117
94687654
128271
5718229
28441
61425
13366
100128
26308558
121771
27863460
44253
99235
53268108
87990
137026
10440
2485
144453
35778
59685
106953
108345
16365937
946
26335
71838381
35617007
52975
58653
28920
97461
78278385
21115
49770
123256
13695
15051
2628
94051796
79401
56700743
528
68635
150975
32131
41450417
77231319
51681
13203
2161320
86260228
91
15225
33510719
9212955
71310304
64261
66347880
46360
150975
61109547
18661960
8751282
33388331
20156823
78980450
53721816
95703
75378608
21017606
557910
741
37950
183315
52650
126756
33153
14535
132870
97461
5050
137026
93634900
78606
128271
7487371
52650
47278
23953064
66066
71570538
79990091
25425
79769827
1953
77815
39081707
119316
61425
21528
141246
22366
176121
72010
80119322
3283246
3237343
22155
3240
40470
88014046
134940
32544117
8778
33149542
97020
85691255
195000
207046
16110
17478836
53334025
176715
71190650
3081
48828
15968412
23436
80601
37049092
6670
184528
88831
59340
37883110
16836
2346
162735
9870
79003
44434527
13695
170820
2278
75078
1431
42597121
78210
61662314
4465
138075
5886
64620
24976
27001913
42486
40186
109746
181503
35216431
142311
20547944
39848252
75466
97009933
378
25538134
26335
8880002
87723843
34716
1
68635
150975
65703
64649523
44461574
71598318
30876
54600119
78606
67161
40257551
49952071
108345
67528
16653
44191972
65341
101475
7262996
86989280
5383186
111156
48494554
8219751
50086
230181
13203
14706
153181
173166
2556
10440
155403
38781
173166
150426
155403
11527032
263901
190
87471850
150426
128271
230181
122760
230181
528
53141173
40705540
21528
215496
25425
88927516
28920
253116
6389094
35080287
61425
68422875
153735
32826535
54935743
140185
990
28095786
118828
56953
251695
378
81810
263901
154846
87153
20465650
117370
15753
54615
990
2080
12720
50086
221445
3160
79975515
44827880
106030
78606
33411
29646
65717516
205761
192510
29646
30628
165600
22451577
49742791
88281830
90841951
307720
3240
92549852
10576189
104653
19306
109746
89253
107416
741
27821292
5673195
15400
50088417
29831104
253116
29646
8256
107416
159330
299151
134940
30148461
99193662
134421
290703
45
1
8264066
820
180901
304590
71631
85491
2145
134421
77045863
44936725
200661
90815087
222778
287661
6105
299925
57673559
343206
262450
51459524
74691
12880
146070
200661
193131
39769398
64620
303031
24266047
160461
261003
135460
76701754
32309490
359976
86736
7626
105
96871317
270480
233586
86513711
294528
125751
377146
130816
66795
271216
1128
33905192
362526
161028
68544490
85078
65703
66940831
26796
94776598
31375
45194247
36316549
229503
22048445
280126
177906
89253
226801
240471
58438626
21836870
34673338
70500
36585
81406
35765417
121771
114481
388521
15576
30628
15341324
55945
52003
59048969
11325
187578
245350
224785
57291
314028
359128
29325636
399171
214185
306936
30876
40749601
62481
37022378
263901
144453
354061
218130
20919758
76520438
68635
315615
5050
50023472
12246
77049931
73153
182106
146070
103285
416328
41328
231540
299151
78606
6555
420903
60449906
321201
77714535
27261
14136748
234955
69006
69673295
93169803
22425426
11026
60982110
293761
59340
88291657
16987314
73895495
41905
76956062
137026
237705
219453
171
250278
55939665
4950
284635
28613011
419986
115440
342378
340725
368511
271216
38503
85222124
29354903
73818447
264628
328455
27175580
3321
186966
11175
4851
26335
180300
480690
241165
79800
97020
244650
331705
28357701
1485
84215441
1711
187578
47970940
47895
280875
102831
5356
31505379
122760
93528
20169955
39340
28920
65852601
33365826
75466
97926429
6813500
523776
2346
403651
112575
61198946
40186
5995
477753
397386
135981
63252911
236328
35511
21115
255255
366796
10346359
489555
60084052
1035
22719960
126756
128778
53144432
2292250
99321398
64447814
903
382375
77784857
87153
65912559
195625
14706
207690
101926
86983455
26289729
226128
293761
10878
56848644
98770024
143380
85491
80396413
95703
67896
180300
232903
11935
78220727
366796
254541
13438120
48012286
558096
331705
45846007
286903
59505500
15400
216153
57505591
529935
580503
1378
339900
57087499
492528
16584788
25468977
10153
350703
528906
334153
95177505
534061
539241
51907024
21
180901
73235397
91687281
11634101
118341
584821
537166
3072102
496
85827651
69316359
48205
41680902
125250
392941
447931
71253
23220
64980
17205
102378
481671
74305
43562904
22366
27048742
3486
334153
10386284
37401
584821
87990
6216
641278
44959819
27575356
13041
382375
405450
42628097
212878
77654464
477753
43660
320400
174936
253
83125571
76290755
78027313
75482072
482653
29403
12246
36
41417583
29890
216811
131841
330078
58323229
2855342
154846
80899823
653796
56953
277885
59271692
85401471
203203
349030
63893763
509545
39588165
35245
19900
38018659
288420
23928210
20396658
3403
468996
624403
228150
204480
271953
208335
320400
639015
10011
630
63987922
89028805
52003
27730
407253
6786
74074131
162165
14047328
604450
4656
60675382
89818319
289180
311655
63724408
90005977
62366851
41734273
67176820
95189
80163779
212226
739936
378
33592155
389403
47065332
2145
426426
182710
78287732
3486
480690
22366
45657996
554931
13878970
72363709
21543027
425503
38317864
127260
14228920
26335
588070
37401
333336
269745
78606
18528746
487578
208335
457446
93321652
72010
21115
529935
58905336
274170
23653
74097254
48912268
635628
433846
528906
32640
591328
1035
52776083
35511151
613278
765703
303031
515620
72273502
41328
554931
3647782
6555
11554281
298378
3162042
79003
510555
205761
481671
814726
28920
158766
332520
42133986
120786
65703
24976
530965
364231
38503
277140
49455
46698648
43716730
28
401856
19503
385003
27700887
55
37513
816003
531996
55
332520
121278
75855
432915
321201
572985
51358632
93637478
255255
39693276
215496
504510
69378
840456
632250
68222095
310078
253
24991659
20707743
6399582
79181379
29426503
66926970
112575
39641267
14196
147696
52650
3240
144991
46056
883785
69378
56491971
37401
248160
75127538
795691
66430
781875
15646407
6441
63174625
23013197
447931
4753
228150
281625
99027554
94663903
9591
920046
66795
328455
305371
768180
126756
705078
57533191
42547102
4186
56091264
618828
118828
38781
30876
68635
97903
11716569
1444257
127765
77815
170820
54592982
82604361
668746
54950066
22366
176121
29412939
23005
12653483
263901
440391
78604558
51913938
89311814
87522692
169071
77585136
42721632
79800
53301
487578
57014001
10215770
85905
52003
391170
54418961
921403
50409608
729028
676866
21528
78519662
773146
895791
818560
424581
845650
706266
608856
347119
97903
72010
703
915981
156520
357435
11834498
38194898
61990960
79473499
54304304
262450
347361
789396
933661
2628
63903
1018878
348195
843051
60939056
1010331
53740631
955653
335790
463203
135460
140715
64575262
195000
146070
4131530
4851
511566
179101
258121
342378
12013463
708645
228826
56259143
38503
61776
877150
64696429
323610
702705
584821
85292471
519690
465
962578
641278
235641
335790
221445
92546858
34845881
28611717
86068893
355746
387640
71119723
229503
456490
15931
419070
780
32385
29092642
57408361
53707255
91444151
94410456
30407667
372816
34215857
76044047
653796
11566483
197506
1017451
58879120
17020
552826
53301
89553828
92498645
24472017
422740
735078
1031766
865270
390286
771903
70519550
17955
1078246
55879566
66980055
584821
17493308
23745212
38883286
8515
737505
1127251
247456
47911388
963966
1079715
98790
29646
749700
826255
574056
52839990
93657705
2401948
736291
3828
78774156
75591773
547581
48174557
996166
45183844
105
907878
962578
219453
29375620
43148182
11175
179101
359128
66430
53956
74743756
23395449
62325989
454581
761995
8917256
372816
348195
378015
27966
25878
411778
25878
569778
64246634
312445
92665
158766
14535
142311
513591
137026
96213226
31902872
13418895
406
34466221
62555978
34046096
760761
90951
1100386
156520
893116
59002629
742371
1028895
474825
850860
619941
29550906
73355540
578350
139656
21008572
147138
53932031
11935
55945
3003
607753
998991
27261
37950357
759528
41566041
979300
58996
646953
58866419
69221066
489555
952890
92691047
77156323
94445696
44484277
1327635
67625874
621055
235641
8128
178503
44148208
310078
560211
42978014
1128753
1275
43660
617716
4465
213531
28162613
1327635
531996
1001820
488566
390286
1357128
1371996
428275
813450
82243203
38250461
93508028
87571
99388964
21
70423268
830116
222778
11781
730236
131841
375411
699153
731445
807085
31329889
594595
16110
3742254
44196824
51040
7119519
43566907
854778
13530
400960
148785
81003
354061
182106
65147408
283128
406351
1247410
862641
39903
993345
1666895
9045
523776
926841
1234806
1237951
95883308
766941
153
90276502
85156548
679195
98079515
1205128
992318
94830
50293421
50914328
30080948
9453
591328
35778
5778
57630
5804792
43660
835278
62835
32896
8076770
1194285
74188957
82039626
23706110
213531
885115
71966637
881128
849178
42486
64261
153181
42989020
66080143
37675
64600179
31849778
1326
58758537
345696
91084674
646953
57129881
70519285
1073845
187578
362526
40878742
107416
485605
487578
665281
201295
80320324
98346
640146
6216
337431
255255
619941
16229553
1287210
75776235
70125
62835
216153
74029121
1183491
48828
66795
11781
35399439
7046361
40538414
76244725
39769181
52326
334971
808356
773146
112101
831160
1304920
90951
397386
174936
61425
1410360
100576
611065
435711
523776
44551
8911
216153
2278
6441
1165101
11628
43104893
63797471
856086
859285
1365378
400065
69215071
1255320
40750111
46626385
77713189
6216
61258819
127260
71253
37675
31290385
98755496
1309771
78674635
325
1003236
59340
1225395
38094548
441330
3570
1594005
15
16888505
86971203
79356474
345696
1411142
27353026
23220
761995
705078
19701
1149886
65942544
81219292
1116765
10509906
1680861
57789519
7381
3473165
24753
1006071
29005412
1439056
463203
918690
90648932
1585090
23653
351541
351541
1070916
553878
310078
47741195
914628
1095940
229503
1112286
1486950
274170
951510
435711
131841
32826946
8892720
80508036
791911
91131388
19402546
982101
509545
37401
153
19701
20937508
84199434
361675
986310
674541
10153
1695561
48828
996166
328455
1699246
1640766
410871
6107898
1766260
98175941
59340
665281
976503
383250
760761
210276
318003
133903
1244253
911925
296065
41328
1427205
62519822
65517445
39621
6143461
735078
2527318
41574482
1398628
30619209
82259160
81790926
55089786
558096
71762188
32998448
1546161
730236
1690041
1115271
313236
9316
1352190
215496
693253
253116
836571
394716
1516411
95340200
1001820
94363315
578350
574056
283128
98029320
699153
27650228
1212903
1551441
378
11023090
49872658
78790385
45753
33153
191271
299151
755835
16836
6105
1412040
86402713
1268028
579426
23201309
10153
33436668
404550
1469755
45421318
98709369
390286
53456938
27643343
46360
34453
1675365
101025
92351814
243253
1660753
9062028
2775
24482694
980700
1119756
800745
874503
913276
458403
217470
264628
58653
7021
15400
4085484
98794928
70868644
41893641
49455
25488294
214185
1592220
694431
686206
53536237
42487740
57772633
3695299
7381
441330
2695667
388521
314821
1604736
633375
395605
1280800
1198926
1714026
1913946
682696
44584002
67528
91224055
1172746
378015
1314631
1023165
392941
54444930
314821
12273710
706266
2025078
372816
2065528
55767708
21736
50721
14052207
2067561
4278
41476301
69378
445096
90525
17739248
830116
467061
97513485
1985028
1329265
153735
30466646
56410632
1903876
1957231
757065
2618432
1113778
371953
1682695
1176
107880
4660182
281625
500500
400065
1462905
67060646
648091
29815685
54946
672220
85263725
33411
58474853
79929415
795691
898470
73739351
2075703
47631472
43997530
58653
51815675
1485226
1021735
93321495
821121
83436
44850
57103787
299151
70876
696790
190653
1594005
650370
201295
699153
1682695
1049076
1521640
1999000
925480
42944658
98425228
1473186
1143828
58122572
28920
1415403
1160526
264628
94602116
61361598
44861558
594595
261726
83028
1248990
602253
1495585
729028
1007490
116886
38614304
47586
628881
12570745
159330
1290421
68460029
148785
1427205
48903185
90951
2233441
23549830
423660
144991
60391069
1957231
16110
91061963
1189653
818560
72440687
70834763
456490
79800
99075045
734480
95073272
32483162
81662746
96141
28510591
1165101
1067991
1231665
435
123753
62063741
297606
68486745
49975229
72010
318801
60533926
9879343
2284453
2183005
41726416
68643226
225456
253
49816556
2009010
35004838
15965760
69006
58653
1715878
1100386
71679872
3040618
2375110
1036080
22633757
1422141
1200475
1485
127765
85439630
1036080
1823095
1063611
1953
987715
713415
43071
5253
1405326
45451
703
79403061
2047276
22112892
84142482
96580
874503
425503
622170
94458182
351
175528
190036
683865
640146
2229216
66966349
14535
238395
75938905
54986580
6555
826255
519690
61313574
1186570
1456071
332520
59685
79824973
231540
283881
54615
1911990
903840
3
54946
568711
250986
33623001
99559010
614386
45
759528
84395864
15319088
53088853
164451
604450
38636065
31142290
959151
649230
2454220
345696
61113226
72604117
4950
89253
1376970
787114
32777029
90829783
85512871
238395
1628110
252405
800745
56510994
1891
61099848
752151
96012860
48554413
17578
3081
88278694
528
2523381
49906811
79306689
20041233
1628110
29890
1967136
4560
1519896
57048933
2303731
450775
29435055
1628110
1638955
338253
36046
74577259
1423828
68584879
75097307
306936
49827017
89172398
313236
382375
2440945
36861798
1539135
673380
994755
2454220
1035
35928024
582660
199396
7875
12904169
1171215
443211
22708021
1836486
465130
349030
1432278
41505930
1849926
35479465
21763482
258840
42316035
514605
2061465
5856292
26335
344865
1021735
612171
28000989
83065988
1714026
2559453
641278
12561
13041
25848239
37950
10082021
1324378
2314476
16092469
625521
715806
59860516
28920
1358776
362526
1673535
1417086
839160
1608321
21945
1113778
65887706
2057406
1276003
26406191
44514795
1669878
67971602
3
1876953
97903
18611590
1464616
117370
244650
2170486
1106328
2545896
703
2850
40236015
40808175
7136554
2288730
1334161
700336
326836
174345
28589551
2344695
1326
88894904
2043231
171405
76245
425503
1226961
594595
2480878
39903
42174481
50336657
71237805
110685
230181
95641233
35511
12307551
1059240
1884711
10563988
305371
1272810
1130256
15470015
93795452
20503
12090
4121934
98011123
1214461
1219141
921403
201295
30221992
1965153
2919736
1253736
1280800
90672927
550725
64350462
30876
2141415
87886972
75375295
88409930
67556721
105570
1427205
42142822
42613868
242556
86365433
95120624
1770021
1637145
152628
99115455
47330539
36585
36908188
61008074
1658931
15416463
1
465
183315
28504867
17413412
43193555
1085601
39031065
427350
84627088
856086
611065
2403528
99286626
45647823
94049518
49128496
1542646
323610
62129954
3029491
11781
1766260
54121419
3031953
355746
4560
568711
9870
255970
536130
35572148
80601
71334686
89676
191271
41689601
38181178
8001
82621
87990
21487356
759528
564453
390286
325221
1321125
53790507
1588653
332520
189420
625521
77569180
841753
193131
9180
1631721
298378
333336
53628
43428135
563132
64067119
2917320
3879720
519690
687378
82194475
21945
78606
10296
389403
61425
857395
92530279
7120820
100576
2235555
377146
89601518
222778
505515
69141763
32184995
5783472
58492117
73920
80257
14410380
349866
67161
60186987
1378630
423660
1345620
48868976
68667375
32230400
75249191
145530
52975
1422141
64811396
2126953
72390
304590
77215227
90208281
62595028
185745
498501
110685
82821180
2073666
2821500
21945
578350
303810
12541772
442270
232221
8380562
13861
779376
1171215
1574425
2625486
218130
549676
47001187
2850078
434778
221445
961191
41041
62873942
325221
2678455
167331
17590862
72034430
15
496506
81230484
33230287
12558377
632250
295296
1585090
43864550
23005
2598060
326028
895791
40136806
15220703
562330
1119756
59070594
294528
23855706
1206681
58666520
96541410
2970703
122265
47479232
118341
3373503
371091
1775670
568711
1848003
2478651
67116437
45446875
44862614
269011
47575862
2149701
93141650
52398354
110685
99956281
2071630
28771630
1834570
223446
48324412
445096
1919820
39266144
3491403
17747212
1437360
818560
2518890
263901
2850
18336
28584392
3061575
688551
2554930
66562875
1855701
2607186
990528
37675
470935
13366
62137300
15
33346175
32133356
3486120
2774190
84947808
2534626
66380213
97217129
12850854
4081837
36315
166753
828828
1755001
1308153
3365715
1725153
2355535
77815
7583797
220116
83790257
962578
338253
34949558
2193465
19179570
46718807
2071630
703891
63358783
3480841
2943951
67372532
330891
57630
528906
2467531
1024596
76388243
196251
841753
70489760
1842240
98510633
1525131
277140
98968814
1282401
27261
496
814726
31125
1353835
66556763
96141
1811656
1050525
517653
96903610
1195831
44551
3002475
67287624
3627471
1563796
1736316
234270
80570046
97364149
1981045
21
232903
2214460
2139346
528
94553163
60008930
69737887
2978020
518671
3146286
1043290
32040355
1041846
1715878
31528226
45
46945336
3587181
2049300
28233509
112101
412686
2003001
18559091
62040926
38921670
1381953
73535096
2577585
37443270
591328
1306536
52023720
37471467
2673154
3417805
488566
45284298
82234279
2807265
1836486
1202025
2403528
74958445
34358077
73151652
22240122
486591
13749308
130305
135460
83188972
69124380
9575301
145530
34117744
1376970
2664586
28864949
412686
2795430
444153
682696
79800
63701692
3172622
1329265
2918624
95518457
425503
2854855
461280
93924035
1255320
64947678
1523385
11545036
212226
635628
3815703
41272962
1100386
658378
2532375
99662645
1802151
67528
197506
41580687
1442451
215496
49713227
1277601
711028
3520531
26106
775635
2029105
153735
58900813
244650
1461195
71533323
1303305
2494261
2057406
207046
4656
14454116
35360981
10182088
3249975
276396
1413721
380628
58898467
176121
1233235
1516411
1775670
3158841
1628110
97020
4117015
705078
44221619
440391
6328
50808478
11939664
3515226
114960
96735521
657231
62984413
47892639
61189245
53495427
3123750
36237589
4096953
1241100
84560595
86557905
641278
71738741
11175
89613436
2013021
990528
3771631
215496
99057764
1375311
5151
403651
57580164
47137960
232221
3531153
154290
24341487
1255320
1334161
60031
1533876
1233235
355746
30135
32245231
125250
2197656
3907410
4212253
3399528
3646350
314821
1137786
56311042
83436
1400301
4177495
2239786
76333586
7875
83545974
1586871
66965614
1017451
32121027
1272810
34240518
7161173
2781261
52003
446040
94298106
488566
1766260
882456
9712084
1602945
1095940
913276
45150
80200
2436528
465130
61298757
2978020
50661254
4329153
2244021
29907946
2512161
538203
13861
58229120
3158841
20503
32062113
14706
88449624
72435680
4364535
2568511
40919503
2480878
3901821
4276350
3407355
1991010
30411911
127260
935028
173166
248865
66650672
17216837
1595791
656085
24051367
2866815
3480841
74245375
3910206
66795
81406808
425503
218791
4364535
2474200
1709513
99459216
100128
2229216
1316253
3252525
1069453
689725
536130
122265
45030987
729028
60586302
4522934
3662571
405450
788140
2613544
2129016
50227223
2874003
58996
1688203
4388203
1272810
1859556
95266
264628
3113760
90697448
1145341
139128
75643488
183315
1018878
66614318
1410360
2990072
1834570
11026
2017036
2708628
3069003
574056
110215
52018160
3949455
649230
4189065
3821230
5778
18336
438516
6903
3360528
2366400
68513206
91341846
733866
95581898
3627471
1442451
62068587
1730730
4450636
1115271
255255
2753031
11979297
3252385
693253
2835771
62834834
40701838
15838667
1087075
3428271
62744664
3736011
385003
726615
74108609
280126
1417086
63776946
36143732
68645137
25215889
38503
1596
19803529
4471316
3
3214380
3314025
1321125
3433510
4082653
7364103
38547167
8171506
3296028
53768041
36380211
296065
4585906
4255903
4723201
572985
2061465
763230
64360832
1480060
22726740
56411009
1067991
25180070
158766
1440753
4095
85884369
95194890
79003
557040
46649923
10924560
35513082
2176741
80782054
81826941
3804661
154290
1367031
1969120
92665
36974903
25996479
1714026
594595
549676
7140
12563380
80608033
489555
1185030
30315894
1166103
60069636
3697840
34100303
58275965
21400390
86387996
4689453
78
41381239
30214245
8745371
2290870
1596
54479518
2785980
28392845
1417086
3158841
92167222
1121253
1760626
2212356
2017036
3517878
251695
1723296
568711
2627778
840456
1311390
128778
3627471
46160801
946000
4498500
253828
277885
2673828
25878
4154403
1875016
3138765
16135350
2556
3420420
4994380
1362075
156520
42486
4818960
41741363
36856
57722621
69878643
276396
1855701
11273354
4017195
507528
5092836
423660
149331
2802528
1721440
3478203
2359878
3533811
2069595
76149650
503506
1179496
2176741
5153655
93784157
5112003
37262122
1597578
533028
200661
68594256
329266
4194856
43365
374545
2071630
3927003
26433843
43660
2639253
58579194
626640
2797795
20706
77954241
2762425
1143828
2530125
16290
45451
265356
2771835
74311692
459361
506521
41155875
1553203
48294687
1113778
4915680
1186570
1923741
223446
2280180
15894562
142311
1686366
29417910
882456
35898589
171
46606662
1898326
1154440
3288330
52326
4314453
6242120
2239243
34835146
446040
8808306
66784140
29307417
39129590
2432115
71261223
1034641
76636
79899983
354903
4465
90100
3446625
4074085
203203
1961190
10622936
3143778
87447066
3638253
845650
79164473
46360
56069776
45415336
75768647
300
582660
4884375
465
3579150
616605
90922387
4267581
4423825
4223871
64441400
43118310
4489506
1109305
3969153
5496270
5459860
72128750
52975
17020
51308195
523776
112575
4534566
977901
84179532
1363726
122760
9591
827541
686206
1452660
15004903
90951
3638253
1062153
635628
947376
4567753
52848989
20717443
24753
96846399
466095
38753464
17391
28751673
2463090
662976
4915680
57023810
40890083
1454365
2166321
3116256
78482451
294528
1292028
1668051
52313615
52097432
2941525
1085601
116403
63993703
66430
668746
1807851
1186570
48016695
2525628
2906368
130816
1945378
2388205
725410
291466
2948806
2834004
97677901
31371737
19682751
2952770
3801903
81826402
2246140
12770576
94614393
709836
46785756
153181
11471003
1373653
1252153
74683090
51154505
33898106
614386
5710510
90159307
1090026
3329490
1712175
4912677
944625
3697840
5038725
95798184
5795310
95867795
3111265
5003866
89382868
222778
1717731
90171999
681528
16170185
432915
67919873
2025078
3851700
324415
37115894
124251
438516
25425
287661
764466
44551
1168156
71265795
3665278
2931831
2368576
1519896
4661931
631126
4011528
66808409
1675365
5767643
534061
23284566
82030306
85945554
91987431
1890540
3078921
616605
929566
2598110
5832820
74487501
4704778
5894461
5436753
11935
1094460
92235
1915903
5440051
14066854
1549680
490545
53425866
78013712
56568956
464166
10878
34716
80917465
1018878
1770021
958420
38193420
58044519
87372052
23179071
1127251
34232703
1181953
5707131
3700560
34932682
3638253
1488675
1088550
61164318
5312170
61411247
651511
1953276
3211845
3659865
54450070
5516181
282376
43956
131841
1539135
56531328
19437727
45449570
1339066
205120
93292510
2235555
1049076
17010908
79210875
947376
800745
60870165
283128
1425516
22549774
111628
18655430
4631446
42778
700336
165600
18162970
22281131
1343980
482653
33676294
10878
5724036
4969128
41411575
3337236
3678828
5449951
1148370
3810180
1638955
56529276
862641
80095147
5469778
174936
40470
163878
16512905
2305878
91861551
1090026
676866
84274426
76054863
2061465
5218065
4658878
555985
15220584
97869556
34888820
132870
47895
320400
29532118
3952266
973710
26250818
78873961
579426
17899856
30054074
70350835
5397255
6239278
52003
2883601
88321666
89125042
3141271
4763241
14023004
46639167
9552550
2246140
4290985
1813560
1937496
3436131
1762503
299151
82621822
1177345
97768009
4698645
350703
138601
1205128
65755130
5589496
1760626
1034641
24915494
7981036
325
326836
5942628
705078
86776959
1248990
94411573
14878
45402815
1245831
3041811
93524996
30584669
6232215
66794924
90902752
2102275
46512467
1798356
4367490
261726
9781938
824970
94412891
1919820
3848925
6053460
87823641
2611755
4171716
4459591
2588950
38420206
1781328
5897895
41905
38781
2611755
6179370
30083430
77028
802011
60738631
9103354
2559453
1268028
5925403
5338278
89854558
1546161
5897895
6699630
10864061
1785105
4994380
2216565
4531555
6081328
46082698
1601155
5048253
4405996
6370665
6228685
1657110
527878
43738335
4465
35976263
2338203
4797253
79776769
4255903
66517340
54618311
23005
40611038
64731381
2094081
15001610
1802151
199396
36315
68945729
816003
1649836
5483016
2344695
52975
1154440
2438736
5234230
23465120
2016
1971105
5131206
3854476
390286
218130
68635
53451395
291466
341551
62699554
3667986
43349508
4691916
46056
4391166
660675
6445845
2351196
1375311
1067991
29003465
6175855
849556
53586633
72236932
3334653
3290895
30994975
3725023
1159003
48971621
411778
61075
5198700
30359430
975106
65018394
98413253
193131
2669205
1755001
62738504
5566116
6260491
40939913
171405
16697282
86705596
1004653
34029972
47649000
3955078
288420
31626
31152732
5863600
5256903
909226
330891
56587939
3563115
310866
2847691
2216565
1608321
23083909
34716
5949525
9204681
11172835
33930
306153
720600
1075311
99724937
3885078
18342771
52710273
153735
52111458
446040
32609515
145530
63903
3232153
11866391
67185795
113050
58128140
639015
1988462
860016
588070
3036880
6084816
78771861
4212253
1785105
307720
84048248
99062430
198135
4747821
2715615
6898963
74711775
3741
60637241
16880960
3467661
91378
349866
595686
266085
72614962
3366718
4775595
6008311
107416
44094285
1174278
97405381
3555111
31125
3512575
879801
882456
120
608856
1396956
108811
1075311
58322112
57657195
3635556
21637075
1168156
79419533
68677221
64620
6200481
88953888
3547116
187578
94307673
5182590
26282751
92177512
97760636
1768140
2671516
5616276
8687622
77028
59172023
5935735
2715615
67152031
3376101
2950590
2963395
41616
7119651
51782141
5506221
2098176
735078
15730128
291466
1017451
6958315
7367041
22285203
12101749
76424396
78894688
42747299
6281740
3631035
86281961
29055344
217470
4803450
3389106
15981638
14368657
695610
4191960
6765681
74523258
6123250
43848357
2926990
68931010
238395
1738180
2301585
6950856
95765952
31999160
2847691
2370753
7058520
83795411
3143778
128778
1599366
725410
69487783
5182590
8077784
343206
60953155
820
184528
959805
6063903
5108806
67620537
4766328
38978050
6776721
592416
5384018
84089743
5029206
1148370
449826
170236
10878
70130046
5473086
2197656
70067923
98329973
42971252
96996391
41008175
169653
207046
7051890
365085
68040968
40470
17391
785631
1031766
256686
28875562
7804407
5118400
93749006
36446026
5904766
761995
7066920
62229267
323610
2043231
53705513
6232215
20814819
35935867
2871606
60507904
6214575
92212586
30707351
75918262
70790177
1706628
22791
185745
49615104
5990991
707455
96479964
3329490
86228791
3501981
138601
174345
2379471
86402440
2351196
6550390
4543605
7149871
4558321
6528691
4020030
5713890
550725
181503
7962045
74604323
4189065
1669878
1033203
76202925
80858276
2155926
4953378
1466328
276
789396
93188510
99620688
1825005
30973776
948753
6234085
7066920
48806379
7878465
1886653
5856753
246753
11010369
3121251
1583310
18714877
1255320
6521466
55
5160078
1507716
191271
52943225
49625081
2160081
5707131
230860
8570352
23793136
48205340
7622560
2643850
6659425
1931696
1599366
6074355
4549636
6456621
96813212
31236496
7838820
7591356
46189277
54071580
139656
79389973
39206891
2755378
72068135
3681541
79003
898470
416328
7630371
41795278
34595214
86207073
82269376
3365715
90591962
334153
3692403
23894472
91395602
6417412
1855701
7918210
98790
561270
6732615
514605
2852466
3128751
71564127
759528
133386
31738108
2438736
432915
6095286
85491
6648481
5169720
18182648
4048435
2584401
2379471
2970703
12214015
26238689
26591860
72383546
764466
17963215
669903
4753986
45232295
4255903
7451730
104196
5778300
100576
54483289
1888585
488566
7074441
2514403
766941
1537381
280126
7140
13041
318003
4385803
2602621
53582841
1405326
42486
76545510
58032413
608856
94764354
6235746
2445366
91722131
1880830
5476395
4564731
6204003
33595401
94484113
17488792
13644851
660675
6597528
57883994
1796460
8130528
11531359
4031380
45674159
737505
62737936
7180155
40622884
35686030
163306
5880735
264628
6921060
26154627
89272917
1748879
7351695
95146890
60378
67707567
4658878
4881250
4934511
79352768
4337985
35503629
6427905
147696
91465089
51040391
8362005
105111
2715615
4154403
14643984
16452725
334971
3201715
2176741
7100796
80922491
2432115
22985139
37950
3840606
7351695
37043648
6306576
8337486
1130256
6597528
95852503
1544403
6172341
1963171
2823876
1583310
28200467
8317081
49732659
28232589
46665247
292995
770661
67161
322806
30847761
55162274
1915903
5559445
49141
61075
3544453
45679591
18510683
89440847
590241
6703291
93961
8489260
3741480
12305742
140185
88949908
22516504
2485
5549446
69913976
1056331
58805096
2866815
67903021
39080364
2372931
7324878
1160526
468996
5693625
14535
6846850
42152904
643545
250278
11413427
5791906
7603050
6898755
4784871
6067386
1326
42722668
6932226
498501
2717946
1166628
84792751
93961
2246140
34969032
8755020
44253
7149871
1869211
36548312
2293011
16884916
10351501
7386246
7367041
1658931
1949325
144453
14103833
36450970
2785980
7494256
20910
64222986
22519152
7081966
22969587
9105778
93404395
5407116
708645
17912163
885115
8538778
554931
4956526
36315
44259669
1939465
2666895
19028748
2290870
3600586
4570776
50023439
5380840
637885
75888829
94192217
43365
8325240
16476100
75444651
10977702
6769360
12167894
7990003
41242923
12780261
4680270
8646561
141778
3014740
31959385
8897871
111628
102378
1734453
57581684
1287210
3512575
15370418
3227070
5496270
2530125
162165
55590839
17578
23867954
4878126
10257140
385003
1581531
49850914
5319779
3901821
44370955
9202234
1558495
205120
1502511
824970
93096
4212253
207046
3160
9841525
8002000
7324878
2828631
29144777
6056940
7474911
59910900
19640992
10763451
4646676
5016528
48440420
59053838
49478847
2214460
6331461
748476
6995670
94680883
9092980
66006149
874503
2807265
1168156
207046
299151
216153
4513510
1300078
921403
7444194
4405996
5643120
51276542
780625
1256905
666
7567995
9389611
6666726
458403
8223540
2438736
604450
2432115
8709051
2139346
365940
897130
1222266
34071476
830116
7239359
235641
409060
68693743
22661165
84799410
8187081
6374235
1963171
3451878
53842719
8872578
77942435
70846527
104653
334971
53679510
96279846
4459591
19110
11476
394716
23014037
3146286
61996982
26273981
35877155
129795
2750685
535095
76128160
2821500
3842519
9572500
7146531
10338595
8978203
2987790
98641092
30703943
1433971
6260491
70985950
1773786
1143828
1693720
20806433
41501751
66749383
22486499
27815028
4160170
5579470
6303025
8609175
8006001
20503
35856660
55611
69579849
2073666
56255955
15931
47788583
9376615
1802241
7740145
3047366
196251
16543637
325
77149067
7878465
45242373
193753
1110795
57174279
32398226
55497509
2071630
8813701
6555
258840
379756
909226
474825
36662508
95394927
12298829
8239770
6345703
80734874
7123425
4519521
25661679
224115
3486
5509540
3821230
232221
7420878
7063161
36635342
16471
8914753
1322751
158203
316410
7474911
8102325
84993349
9234253
152076
46835458
43124704
2512161
37964363
72568881
6165080
5099221
2081820
6725278
43341124
6943077
4747821
148240
611065
6965778
104653
7771653
2706301
39703540
40960285
1969120
5250420
419070
25092400
3232153
5321953
5060971
81762873
997578
54899421
30731361
26362290
1736316
2151775
3829528
8961261
7221900
832695
86119952
87303129
24735769
4769416
1295245
562330
24351783
8125191
52585018
37314026
1617301
3319176
2137278
1459486
61241543
93790054
59415804
30501121
1222266
21615297
8439886
1192740
10296
7748016
17639837
64427585
2143485
1239525
7393935
195000
946000
3171421
1588653
2523381
190653
2089990
804546
10568503
132870
108345
53569155
639015
17955
153
5935735
3329490
5925403
366796
80770901
7134753
24880156
67189084
51327824
54051967
75226661
5740966
2246140
6798828
2158003
2237670
5921961
2098176
196251
171991
49801826
64353633
4335040
41267206
473851
5785101
54774408
1581531
87807152
1523385
29099963
1107816
10068828
53494631
97460410
84948978
4997541
26398137
59340
88390390
3209311
7036876
1921780
8402950
80525011
857476
820
8999403
196878
17391
60176139
53658556
4671096
9485190
314821
406
826255
2100225
12465999
738720
7494256
4972281
8308926
692076
3219453
11389533
5083266
7293691
80200684
8130528
35865278
8906310
73656949
763230
73690897
6288831
11775146
1059240
10609921
48828
56654543
86706489
482653
3290895
62835
5519503
40317920
39880906
34191899
86742408
303810
7282836
91591603
30142222
26596124
6798828
65782872
86214443
300
6225156
1048808
3799146
39471661
2597428
77028
929566
4652775
51360
25200
2650753
2534626
3191601
8002000
61512516
5764710
344865
541320
3512575
713415
3003
2965257
5460
668746
1533876
91411494
4937653
447931
269011
6214575
9512330
1216020
52290963
39501378
4815856
72419552
1051975
1223830
1431
8134561
6655776
2771835
7520097
8066136
68001259
53503970
569778
226128
5413695
1047628
7978015
38513505
53309364
494515
274911
5299140
1533182
85032121
2021055
269745
35150220
2673828
8771766
7097028
7040628
987715
20503
220780
3334653
2534626
7436296
984906
56587813
148785
1450956
5486328
146611
2185095
8973966
73692822
149331
29120455
229503
5911641
37405300
49929315
27116891
3563115
71631
50090202
2699326
8464555
4305645
7603050
8515
6891328
5397255
7344028
46943403
380628
7051890
75320508
1081185
17688155
2001000
1067991
36516668
37289374
5626335
142311
3819239
51676980
5856753
1815465
1133265
9792525
5928846
858705
62179209
68695481
234270
1794565
1077108
29057623
2075703
1955253
133386
9774831
10888517
24352955
9651421
64304452
8006001
17055864
1730730
10527166
2416880
6011778
88635308
99090204
3465028
86371761
8973966
6467406
11753976
75855
94919642
9576876
11264631
4909411
5952975
64765215
14365
7571886
1989015
5502903
3196656
70803930
2218671
60025661
5884165
22090498
8009944
52003
6274653
46842443
347361
80408677
1433971
75194920
2452005
9660210
3153816
6769360
8243830
42190815
6710616
42778
9642636
1355481
83985556
11729746
1003236
76199405
83923890
25256357
1400301
3141271
1851850
1838403
3910206
2602621
86501786
3882291
45682612
74254264
7359366
14191965
23005
69459177
100128
56360751
8746653
6043026
6313681
96141
4397095
1226961
11623431
7693003
805815
237705
22544688
2224995
9012135
4408965
9520066
7260
21502584
3153816
27847553
1871145
83638409
89650442
662976
1717731
823686
560211
3581826
2318781
4843828
81735462
71161052
3719628
11488267
26606189
3465028
2222886
4840716
10869453
46038476
903
1708476
2804896
1172746
1321125
5717271
3002475
7033125
5067336
438516
293761
5416986
9814665
7767711
2863520
70338017
98078244
11393151
7378561
8018010
1480060
30899760
12061749
2129016
86862197
8911
400960
5340047
67528
9870706
36856
530965
5325216
1445850
7336365
3306306
1194285
790653
930900
990528
38281476
17210200
385003
1018878
32643194
848253
24776016
2187186
97288260
7649916
11560836
4871881
4766328
6260491
1146855
15721350
91471250
4840716
1157481
5276376
4343878
95298758
341551
3004926
11393151
3252525
5788503
5356
750925
82404570
2790703
23220
935028
82445104
3862810
63242259
1773786
80067103
68962148
939135
69083192
6119751
57189473
1113778
7018131
6274653
8345655
264628
8982441
428275
6991930
43074040
27854641
1857628
15400
8667366
86344288
97235857
62412493
7119651
75068873
10358076
95184854
37036062
8709451
5491364
3407355
11302635
12051595
6806205
73996134
2137278
6703291
42158664
5331745
87224748
97293868
2325246
9182755
83250704
55089609
7172578
84996490
26175770
6327903
32716369
5856753
98477326
10241690
80200
961191
9810235
6317235
727821
7779540
9238551
9415630
6786
3840606
6295926
1146855
11294605
3452194
6728946
90974675
11278875
2912491
5512860
8264145
25120893
85351304
11188815
19372353
9644789
73130939
25407948
16469662
2978020
1553203
12663028
5230995
92464920
4168106
8755020
71143344
9105778
3741
79970917
84809118
5312170
1773786
14074663
1079715
929566
45904545
1626306
33844665
2659971
9947405
446985
46385383
30832739
3290888
10330785
5939181
929566
24078573
27001041
72602544
998991
5738462
121771
5921961
9699810
4723201
76240040
15588470
94612000
13161015
8771766
9702632
4111278
12347965
879801
198135
862641
5599531
6442255
9568125
94581344
1317876
77016178
2900436
47493148
9229956
2278045
63568562
3868371
3113760
11345466
498501
2235555
57199412
9320403
412686
12632851
1712175
219453
314821
75466
29003737
71851391
1906128
492528
6562104
1091503
744810
89407793
49095000
2120770
2866733
270480
66110749
95897003
35245
10417330
44980222
12587653
98755465
2731953
1316253
4420851
5253661
1386945
10953540
97089270
10122750
5140821
48850134
8996807
73536
47364122
21914520
9534906
6917340
545490
5734191
21067422
1303305
7646005
5230995
1649836
648091
50886380
11817091
4134250
21227146
2166321
9493903
853471
1959210
1097421
83292785
1514670
9303141
6684996
1242676
3741480
6739956
10781046
11297881
74305
18915
5724036
1756875
1041846
10743930
3332071
12313203
27176163
1057785
5586153
2452005
19233249
3520531
26949779
16593245
9466987
6681340
6036075
6438666
675703
6973245
4549636
11212480
60378
1738180
98555019
8592585
25819529
39872211
236328
8485140
891780
41361679
9890128
3885078
33915837
2390391
714610
2630071
12723490
82067680
12078552
3208342
9476481
733866
89511057
15827223
39117083
3436131
28203
12467521
102378
13311994
60412428
5341546
10967586
5671
10642191
197506
543403
11919403
12502500
3915801
41041
9541896
4576825
1313010
197506
58075770
31226492
1675365
14084778
10753203
3779875
1604736
2108431
3239785
163306
94988645
48984542
35795548
447931
1422141
1271215
4282201
11734590
83997552
65045092
37943304
1237951
1330896
60624311
98266914
424581
1393615
15048365
268278
88831
1830
69351761
11802511
11783085
346528
39062416
5430160
2195560
3184026
1065070
5026035
87799125
33276730
6828360
27756734
12602710
24893061
6872899
61046716
1082656
426426
3257628
74033384
2893215
5351356
50568321
4676599
12051595
4420851
3151305
97412053
10967586
693253
2263128
67799704
92531642
9753864
36646072
3389106
4528545
9796951
5693625
372816
42861853
34890697
27028
99956643
95285137
93873295
10476753
686206
23256384
3189075
7618656
6338580
1076778
4270503
6406410
82743465
3893445
41811830
474825
7244721
20339117
8268211
1375311
2474200
2088751
6161805
2509920
6338580
5029206
4042746
10408203
5995
23094335
9152781
1766260
1906995
149331
10221981
1781328
52148443
68265
10203903
50607453
13181545
13439520
36167591
59816920
1226961
7506411
1532125
7502001
44940686
4884375
6932226
8464555
2210253
5407116
4078486
1090026
7157860
1220703
13804885
6382658
1010331
50664539
588070
65237363
5013361
961988
5977153
4022866
12698280
1476621
218791
6980716
65737921
43991142
5022865
4984903
309291
13068828
12997351
74108957
4984903
8191128
1723296
10235550
62990732
1690041
8443995
2703975
12308241
7922190
9084453
18304473
738720
776881
11274126
1007490
6965778
4664985
9294516
78606
5010195
8642403
93649438
2092035
9989928
41523610
13868011
12249418
35754336
19700195
66849310
539241
71041402
7451730
1263255
10916128
12738628
12393835
51023042
191890
9602304
752151
10967586
84430467
3667986
200661
10605315
21660130
62128
2098176
3640951
14005278
11817091
13181545
63394375
13217511
33186713
10298991
3943836
49923301
6313681
70412070
7367041
817281
7858630
697971
85715877
90426989
77616552
6032601
1353835
10326240
32244622
83860510
1544403
13590291
12683166
14081177
2436528
10458451
775635
83046562
561270
2329561
15028903
11762486
10303530
3465028
16089996
11160450
48890816
8158780
14362120
45753
2838153
79314625
736291
1189653
5891028
1610115
14924916
8859945
10976955
78807325
51849298
12293361
4937653
213531
4925091
11325
142845
280126
40825548
60031
8972728
31621518
1396956
11331180
84292560
2051325
326836
3046746
2641551
87153
3601709
59405628
4516515
4928581
109278
64610804
2403528
18520384
56117190
7018131
239086
3935415
36678049
13962970
810901
9208486
9867903
24460309
8158780
3093828
191890
3101295
6324346
14127270
96593150
13351528
10426461
690900
5502903
1290421
53640338
4959675
1628110
2790703
3041811
2850078
13778625
82322734
75478804
10739295
9894576
77550217
37146955
7700850
1427205
10495071
585903
53085594
553878
4229686
1572651
10258185
57556223
5815755
2155897
8684028
88935663
2011015
5436753
12248775
5656013
82305988
87496842
14501805
4546620
87945390
10190355
5636403
13786288
5045076
52925568
81887521
7755891
8638246
69378
2116653
4020030
69006
5673396
1500778
5473086
1567335
463203
4229686
1442451
13658151
20109595
89550642
72100395
14255130
75898892
3659865
11657206
24387253
68773466
1186570
6561253
5221296
4616241
15570990
81713545
36383297
10064341
66
5401005
95473105
43513813
914628
13176411
4305645
32022203
73380412
57271064
2053351
11141560
243951
4513510
8256
12342996
2286591
86224066
8235711
7830903
2248260
2864022
15952776
98544428
10006101
1961190
11359761
10808925
9511341
1906128
3821230
11982960
45372151
2507680
151525
15100260
80632847
68468180
852165
505668
20888776
49273972
61708748
109278
3064050
25262977
28569087
47862313
88196481
3555111
45051182
16173828
67367323
40002381
24818323
2883949
50693401
6445845
77218618
44551
2170486
1807851
14079471
10697625
4232595
3876720
5338278
36875605
10818226
78343089
4471545
3469799
12698280
14448000
1691880
47192720
3997378
823686
83916248
72309771
2323090
3066526
625521
597342
24577177
4543605
15459580
11464866
8472786
7854666
887778
14068860
3459765
400960
14615121
3491403
951510
2149701
13530
14177648
877150
88012385
15276628
34191
62404755
8978203
43265554
29172059
6015246
93111358
62481
46360
5189031
90715897
846951
34391427
674541
686206
32227237
64565539
14196456
16678200
1572651
1805950
46523332
14756028
4622320
13315380
16356340
10582300
13336030
4379320
1594005
13962970
84858475
92136939
174345
97706253
550725
116403
1581531
261726
7827352
462241
2500966
30042510
100128
12567591
13757635
16950753
10055370
4108411
38995431
1177345
2009010
94723531
80601
26106
15089271
2995128
11532003
30742908
11070865
44770122
14028
5147236
10113753
1544403
19956195
4456605
3235751
6965778
2900436
1504245
10190355
827162
5466471
1166628
21115
7397781
3544453
802011
4134250
62411984
64956286
3587181
3350166
8357916
618828
137550
8174946
6728946
118341
18522089
18745550
18958991
6924781
73403789
2723092
5562780
68265
3022111
8796915
4273426
16179516
640146
10127250
1378630
47895
8231653
13328325
6011778
9217071
3004926
15012460
5413695
96439678
10822878
15570990
9528795
50220288
15935835
2042375
1865346
2141415
45023880
8501626
21341906
6402831
64867824
649230
2222886
5980611
26796
18963089
15924546
1261666
80735306
15409576
15282156
54285
966745
7575778
76019949
12204270
90301790
1319500
5338278
12834711
22159318
3600586
99369930
3303735
25639725
3436131
9999308
95300252
87885000
74150127
1095940
8264145
9294516
7838992
53956
14588101
3815703
8394753
4777295
36901482
2666895
14946778
65915674
52912446
80141471
335790
2786218
306936
73705942
16643565
232903
6081328
16840306
30868504
291466
15441654
13320541
8796915
10522578
4011528
17787630
17190316
10743930
13084170
14366558
10100265
79911774
15348570
53041689
67791318
99681
5795310
3275520
6119751
41029559
8296701
4047933
2346861
4408965
1000405
72480654
8763391
974443
558096
4546620
228150
55734308
157080
39692101
11724903
2917320
24255005
58232104
12238878
8515
2316628
12748725
11935
17178591
28277050
82781491
14090086
5977153
91529815
17133694
74305
2678455
16817100
35280521
36191159
4840716
1326
42387644
3014740
74770827
2871606
5048253
9161340
16447980
3272961
9620691
4680270
82667433
34088941
468028
15733245
46798400
17846742
4459591
46735947
71523097
13941840
695610
10878780
2104326
9242850
6950856
9925740
14878
129286
2790703
3298596
69534457
5798715
371091
1497315
145530
76636105
4760155
706266
9616305
5994453
97160310
11987856
6980716
6637546
820
9178470
34389826
5683506
53967099
89199636
3091341
33847137
9603153
56662286
41064859
120
435
952890
5443350
11864
5670028
121278
2790703
75744853
43645335
11094405
35778
55219565
66200009
3267846
4165420
9337681
329648
45813573
6499815
59997277
7850703
31293885
310078
17686378
65974804
86483957
678030
7391572
1106328
74125450
125250
158203
13022856
91512027
37219505
41718550
18492321
257403
69733331
9419970
7108335
5970721
2618616
1403650
95116408
4252986
12799270
76170966
3667986
4076940
12844846
8530515
86253887
66117641
5747745
559153
28655804
765703
94547038
936396
85207036
51621650
39359245
15576
84840345
3483480
902496
1606528
7100796
85078
47890438
11440936
10271778
6539536
8806003
19774408
8971238
9629466
73866743
40619303
65597387
122760
398278
15398475
8667366
15738855
165025
7759830
201930
4160170
1836486
604450
14996026
86318853
13866355
240471
35778
7982010
15051
32788400
6032601
9779253
2174655
6331461
214840
38503
94898301
2280180
33411
10086786
20039235
6161805
26719225
30617072
7390090
7168791
2512161
4165941
18547095
227475
5639761
47690407
558096
58328070
43413675
4900015
35879034
15376285
16336950
9311770
19316220
18711903
1131760
171991
62566088
4180386
28263683
87335366
46672437
98216275
5253661
2530125
87691906
91662203
8082210
39603645
7492437
15304278
3915801
4652775
19671709
7092803
28355756
29686948
16080576
13512201
13590291
16145403
84596502
66900087
70412088
3980431
130305
4215156
80524543
4692516
3957891
67896
108345
1360425
3166386
7751953
19216900
21723236
9208486
15265575
90997431
35271203
6677685
73153
895791
15565410
46837568
1355481
11464866
74218965
8792721
6926416
621055
80296175
399171
19403335
41054075
41328
97175756
1010331
8419356
93580644
8709051
71956933
3811840
15535143
76563103
6070870
8759205
64009208
79234659
8058105
17207911
3651753
96756004
10068828
656085
13579866
27588097
8931651
8742471
37829428
82820073
9385278
12748725
15477082
5795310
8709051
1537381
14566503
11871703
4501500
93608081
10235550
2767128
55923455
19254115
10925475
2025078
1514670
50857006
1024596
61523180
7401628
83066470
7906276
80157128
9071670
339900
20934582
2440945
3241522
16817100
5443350
14028
32888348
29283434
703891
128271
10614528
52326
709198
72059059
8965495
63903
86529853
92941253
17823435
96310986
18455850
6575751
76245
23463514
13668606
2081820
18938935
19297578
9997156
3376101
52305548
58485556
69617514
562330
14143221
832695
73457565
3219453
16037616
4947085
87129408
6256953
19804071
1030330
15750078
1036080
5260146
66464874
9063153
17991001
97443153
1708476
49629204
1642578
93113782
30715484
52530177
2174655
413595
4909411
498501
2669205
182710
2126953
791911
45839899
31668035
4288056
2308026
82989399
2346
99134055
17716128
50728319
99355053
42195
213531
14223111
45500123
9029125
501501
1373653
5663295
7140
29977604
46792126
483636
93999636
680361
29847938
13387725
11331180
11326420
48328488
4519521
2812006
15643621
10253656
19204503
15392926
3136260
18951246
7142310
8094276
33288875
11000395
6165316
990
6278196
4943940
71289603
20188671
7886406
48893899
856086
4361581
6460215
3071481
1255320
59702686
38776390
8918976
38296932
34952045
4408965
2525628
19797778
28
12534445
8374278
4005
15122250
928203
9247150
76277973
48386836
80353708
1425516
19210132
15298746
35309665
39206951
11421810
18342493
140185
20412855
15941481
9294516
10559310
6200481
47728983
5092836
49073073
78606
6349266
726615
6750975
27824904
19477140
1264845
62189363
1070916
19198306
230181
15811876
171991
18286128
40630834
31299233
3319176
23389495
8404125
16707090
20830285
73689104
1418770
33653355
85515502
432915
44834660
44575511
10568503
15947128
7370880
8709432
4028541
72900775
86956081
6283354
15282156
19634511
87689840
1539135
935028
10440
6590265
9541896
296065
23393165
20547255
147153
67640272
22044032
94002777
13150756
20804475
9459075
2318781
3689686
4329153
37919760
16003653
70768943
3136260
9988215
7767711
12090
94456577
7653828
1581531
882456
3088855
2673828
42354778
1092981
6546740
10688376
88860595
753378
16817100
96580
49770
58504232
17213778
19521876
18165378
41893750
2263128
1131760
54612279
7826946
16528375
805815
72150548
18531055
2416701
4255903
21408696
39673053
666
7866251
51125950
5176153
4320330
10697625
9485190
3483480
2274152
24000187
26106
73443482
13022856
7127200
69473881
36856
176121
47700502
26228752
41962133
10725396
88421741
31094043
93046536
5115201
94621191
57692457
14652991
7138531
3810180
98036590
55336252
1777555
2653056
45927368
17348374
3031953
177906
8317081
4513510
6895041
61462306
67634842
16880955
92388833
460320
12713403
3924201
6820971
9663374
20643525
9717436
103740
15431790
1666225
758296
3232153
1395285
12022156
1977066
2790703
62356105
52374132
7689081
10827531
83037111
11958495
1500778
22982991
34717760
56458693
1913946
3706003
97020
12357906
4099816
21944456
19043706
2489796
45116136
2523381
16425046
13590291
1764381
8621628
6579378
83965637
3573801
19056051
4937653
12976965
99235
862641
2429910
15666003
35365272
18797646
895791
987715
50219820
2625486
6876486
6352830
144991
54714415
149878
42852264
4717056
29633090
2189278
12799270
8030028
22206308
102831
10930150
498501
31279553
21045689
548628
36071995
11532003
1059240
20707830
81125678
16465191
70876
3391710
4373403
16488153
17543926
338185
18328485
1821186
54418058
14367480
1116765
20444574
18231741
537166
13726180
54028954
20202546
289180
8686645
75401849
26856156
96123513
39416604
2566245
14239116
361675
8146666
8439886
16459453
3368310
5096028
84351227
7363203
88689216
890445
10508820
6932226
22068046
1026028
17514321
3571128
17871231
87903128
36048467
5802121
257403
95675178
173166
21899813
12652965
3425653
22489678
13294746
102378
89540300
64232467
5649841
40093973
18589753
11570455
48784550
2760075
1370340
19428261
88893159
14620528
1130256
14979601
9217071
1745646
4373403
11108541
20374536
57289313
95946184
74475312
428275
11836545
14963185
15570990
13899628
1324378
11997651
720600
232903
13315380
14058253
92842522
14015865
3365715
80014890
87348660
98731220
3757911
7359366
223446
1857628
16213665
17102476
40659940
14908530
1393615
82697026
7313400
1590436
38532010
9007890
16253551
1842240
671061
89327912
3394315
6105765
93717708
6145641
18908175
58095035
29646
4258821
14307268
16649335
12081070
7854666
70227218
4994380
3039345
9050385
9459075
1715878
21796503
11686195
18638565
22562403
4278
38719960
7063161
826255
59962162
1817371
17573556
17732484
18865153
53346166
540280
6922920
4261740
62864710
4570776
1519896
13900354
46423076
5522826
539241
2364225
14180475
55176775
1792671
1821186
17455186
7036876
9080191
19068400
8826301
43379757
2871606
21349845
3232153
22757631
30061739
13022856
173166
31185747
2290870
7990003
14859426
13936560
34101999
4494690
18975880
8183035
4189065
7583565
1714026
40097706
3868371
16128360
67160375
16836
6921060
5076891
46882693
188191
17213778
8596731
10683753
4747821
2541385
10939503
77800971
4447653
4438710
58931702
45294461
3899028
92020814
571915
48481292
311655
5312170
88291803
8094276
3509925
9459075
85905
96867688
59071835
7463316
489555
2172570
5546115
322806
97066543
18902026
14394295
12779040
78485143
1252153
229503
8382465
97020
3196656
12582636
10517991
10730028
39060
9316086
5832820
15442903
754606
2602621
17579485
27876957
624403
343206
775635
11731771
21461076
6095286
32056658
4358628
21763503
51943630
61710344
302253
30674053
86368268
1844160
91484336
18932781
15699606
103285
1271215
9704215
20953101
2496495
1556730
13904901
11739435
1688203
21995028
822403
15415128
9708621
32136870
17763780
2790703
12163313
23567545
81731550
16933290
10231026
57031797
535095
6029128
40568605
4784871
686206
18413346
25831548
20476648
5697000
13186680
42540644
7244721
83404870
87215425
5915080
18656886
14191128
258121
22209983
2047276
123256
65163153
11982960
34958260
433846
17038203
14063556
65223158
5483016
25425
13658151
13196953
68396927
7381
218130
14647578
10743930
4713371
11943828
347361
365085
80281646
8788528
12833342
47306680
9708621
385061
15896341
22906296
7422602
275653
13815396
584821
1975078
69778810
95227847
12824580
14304200
9921285
3399528
3358413
79726198
115921
81042917
8675695
21763503
7363203
10642191
1253736
20746461
35585976
36987501
64759666
795691
25237901
3106278
2280180
6615703
22054761
8034036
6750975
58970861
20266161
713503
24882985
2609470
6861660
5492955
8542911
98790
4946992
63106940
19446966
149331
17038203
45736885
580503
18370891
3404745
39975746
66430
13212370
1675365
92279480
623286
1941435
2557191
17638830
82418879
307720
9997156
22535541
17925078
19459441
17985003
231
4405996
10986328
81916280
24587578
44994033
10136253
85905
830116
503506
56947147
96851149
57405417
40235176
10131751
21869191
8122465
8567730
25109241
67039929
6123250
25251171
14957715
96968667
5179371
79215205
13799631
10911456
23601885
9148948
4483515
21776700
21389070
5870451
42802608
97806907
3051685
78826826
64657729
23409903
6762003
944625
1269621
12784096
2485335
405450
3507276
33847870
46022408
6521466
24742095
61167898
38503
14968656
108345
10185841
17061561
12890503
23974350
3086370
20624253
11652378
94303351
87907652
840456
6420736
51392655
533028
63522533
82067655
10697625
79843174
3670695
66276141
13941840
6367096
8439886
3280641
4640581
45914596
10568503
14990550
70076669
18675216
77942252
16753366
18099136
97576691
16580161
2776546
12408166
2114596
77167366
1608321
22314540
12492501
24791361
54224359
73153
21009287
970921
9316
91972043
87964646
1815465
93019557
81003
48828
1081
3736011
4119885
4232595
4438710
7700850
4337985
90503167
11953605
13372206
6
22582560
7214301
594595
15952776
2401336
19553131
13804885
284635
9660210
24091647
22287826
93108501
17615080
9717436
9568125
51350445
25131603
22194453
10163286
20374536
30211553
6441
72689684
64625023
7463316
83652848
2210253
11580799
51681
23519511
3118753
22236803
66905723
3438753
4909411
26273479
98001074
13033065
26610933
5364450
302253
612171
70745440
16219360
3579150
13752390
7970028
71808635
71324516
84050156
10095771
688551
97975672
75151685
68471349
27376476
24461515
13684296
12673095
191890
78647336
54906369
16396401
4683330
10100265
22845420
12041778
526851
578350
103740
77604428
12956595
4900015
555985
1186570
26473726
99697708
61925862
8805306
57545832
17722081
15823125
4370870
232221
53220337
11538692
16528375
10771761
8058105
364231
18843391
2845305
21690991
1082656
4037061
15470703
24071391
59445919
12813369
14625936
38641770
5894461
4640581
18237780
101475
40026188
6692311
1145341
10051683
14131560
11455291
20714266
19760041
13351528
16310616
62543614
16551016
75857294
31662104
3009831
90978377
83837076
5997916
60005473
22081335
20221620
15089271
11758825
58784365
26075031
2425503
10730028
2805007
13222653
9572500
55992731
14875785
35225956
21323715
17243128
2816751
3846151
666
66654122
21428331
38828518
24489501
24840676
18975880
9221365
2598060
14324628
40550444
94131792
98088395
4747821
8763391
15570990
21046427
2229216
1214461
25173060
44023133
517653
642411
27935696
6077841
21343311
5676765
12748725
94057073
90653539
8448105
12051595
289941
14756028
13783875
2750685
23974350
7822990
74892290
73836157
8239770
22946925
11536806
14750596
4552653
7986006
90737369
19247910
87389024
85491
15149760
11647551
78210
19198306
241165
26772903
25180156
52629059
94268123
2917320
97483439
41885798
5453253
233586
12328095
10702251
3779875
1532125
20617831
91378
20496003
451725
56786334
1802151
6947128
27141497
1008910
26386480
1036080
2876401
58442390
11212480
3525840
42183240
4252986
8272278
23974350
34587274
1195831
6036075
993345
25700865
8576011
6154786
4068378
6950856
17311540
428275
799480
539241
61271393
26430085
37843243
90182024
11880375
3451878
9238551
3695121
52207328
6674031
44370734
12733581
93874495
24897096
47854417
39416528
45779147
3288330
6780403
509545
13424176
93291571
5230995
17020
99755100
5599531
51251413
26750955
3221991
17079090
12149985
16776528
2699326
27103203
25686022
6008311
83637520
97461
73385373
6789691
84152561
217470
24217320
10481331
2267385
600060
17296021
24819535
820
8514001
21017886
21836136
39604972
4668040
715806
1094460
3807420
98365015
1480060
36023967
530965
4145760
11407476
491536
3148795
52987133
1163575
45988646
4619280
6564876
224785
19132518
20018628
33153
12452545
232221
14555710
12367851
1082656
12900660
53662037
23817343
3949455
3605955
40198687
382375
10522578
4812753
6539536
6225156
67433988
24058447
28924970
27095841
65006058
6070870
2764776
2854855
67133528
18153325
4311516
47248574
210
2438736
5973696
20139031
24092211
3128751
190036
659526
22676745
27014925
18601950
23326789
10408203
235641
18914325
8407050
2015028
20746461
89854448
8158780
74312010
95615341
2063496
20617831
7317225
1882770
11108541
2399145
21803106
440391
159895
63815487
58738689
67664226
4241328
1977066
14582700
18207595
27628461
3919999
18057045
44897074
81315740
10759285
4241328
35990807
53296745
41070148
21829528
25902003
25729551
125751
57855149
59581369
29345454
4091311
1756875
76085081
23055445
12115503
25300088
3404745
7168791
20164425
14496420
4750903
103285
2874003
81104407
1101870
1838403
28550346
154846
47962652
19353531
13679065
29545145
13926003
1499046
20521391
90407609
4235505
885115
14448000
7418871
29188620
33863061
35046022
903840
6528691
49838963
3298596
2791686
315615
25837266
748476
6471003
78068798
67604236
1937496
1658931
7237110
29303340
24833628
773146
13699995
31084006
8489260
866586
21704166
2664586
12597690
364231
230181
4962825
82891636
22522116
25287703
460320
19703503
3478203
528906
57217069
5623743
668746
80948736
25844455
6659425
1725153
3946645
13434336
10038174
1977066
24706935
9506980
49475592
15930190
25507653
93961
29005536
59172048
23533230
5118400
16088628
6732615
1875016
1391946
58024117
87029943
69801446
11580078
15947128
54813090
16384950
98981237
17067403
32618860
369370
2164240
88097817
63343333
6442255
16442245
334971
89180683
40853588
5122166
539241
15061816
20823831
9157060
376278
4492503
9459075
28678951
980700
73587883
80140112
4978590
3517878
15039870
92271197
5660970
566580
21219355
49141
23232336
12100740
51165375
24897096
28678951
16225056
7775596
13642353
20349010
28361151
24777280
1171215
19303791
397923
2158003
27358298
9281586
1613706
585903
24482503
12773985
6630261
4329153
25700865
72771
17067403
27988976
17751861
89568531
32553374
8191128
52539111
61839637
578350
5166505
3865590
3512575
12367851
29020771
1082656
11084986
24307878
82171043
16730220
5105610
2122326
33108130
4065526
6339227
25700865
14015865
1004653
83969703
82778143
604450
63190
95663882
1127251
16253551
20329876
36243502
33848432
569778
27088480
3433510
6633903
48551601
3832296
24503500
6144265
90463388
14106016
25425
27613596
90514482
17585415
16185205
22301181
57531138
7066920
3396921
30603576
8622082
43211643
1303305
16764945
3240
22428253
1178880
19741186
45139721
91283693
42853853
6747301
30159261
78444133
40757912
56580741
43602250
55214322
5569453
18177435
40097635
41457196
78614242
20920347
954271
15459580
3730546
5348085
26444628
73723155
36513682
9144226
14881240
26670556
13408431
26824150
22398002
28115241
207046
46404345
240471
12885426
31567551
75634945
12944784
19804071
96346925
12582636
16122681
35288004
46406319
6349266
21382530
28278960
20765790
1057785
25315170
2907666
61882833
87739107
9594390
1711
5341546
37685092
207046
1205128
85521202
4582878
2269515
8086231
67979874
81643486
53325927
34995245
30996001
30988128
22906296
97960300
38079813
495510
54445965
5205151
19892278
11469655
20139031
332520
81135766
13542183
60203459
8349741
594595
748476
4769416
91031757
7298110
7180119
205761
5356
1345620
21441426
38409964
29610360
20444815
24410169
27294966
12051595
68976865
22678111
21781491
7226860
78749545
16921653
23601885
12046686
95686399
10679131
18009621
26809503
15941481
7350469
4504234
9633855
25023425
5413695
60424126
3173940
21402153
95164602
77292086
40418301
4385241
73714171
55499312
3810180
2468180
88278612
962578
28812082
4355676
17549850
8468670
10403641
120786
25988445
4757070
12804330
16921653
30948778
10628355
1469755
70322634
18383016
1985028
37762479
5359094
166176
12412653
34568691
6095286
11108541
7638186
13361865
2151775
22994371
8638246
165025
65224532
11823036
5292631
6445845
25815196
8571679
30003270
1601155
33071415
3684255
142311
23670640
13434336
17255651
23533230
54210836
73147994
1330896
7517503
70722076
5003866
79700652
62217758
4367490
7968611
3076440
21108753
76630730
9012135
605550
76497083
32823112
18334540
240471
8792721
28429570
22014930
72010
4414906
2201069
97309491
31422628
12061416
28754736
99505163
18033015
62775321
16362060
7626465
66655423
26596471
436510
4417878
532110
20503
427708
25349426
1088550
10403641
52003
258840
22602726
9088716
9783676
13522600
14707176
14329981
23307378
2821500
932295
77453869
21289712
443211
59685
30980256
20227980
21271503
6151577
2126953
27824179
26729016
65964503
36542083
31565485
22214445
86398434
1653
502503
16545628
39903
3771631
7982010
326836
27635895
29790082
91509163
5003866
1254371
1666225
51136615
63566550
1951300
21789901
2785980
63904768
45774598
4382280
9748320
86859736
22260726
85055213
90100
15249003
44334327
21095760
60676763
4206450
20566491
49277675
84702557
6843150
29005536
30447306
5390686
31043260
11981818
30998463
36071114
30667207
32550346
23918986
9024876
10804276
21855966
9642636
50183167
66847907
6105765
1873080
12527515
1495585
234955
19974360
11551221
2131080
9264360
23382541
8976021
22008295
29996385
822403
9836830
73944963
1539135
8684028
21154260
4273426
91756547
10154271
10739295
30595753
24782503
6249880
17196180
180901
14908530
2079780
23546953
229503
5492955
2978020
15021357
12961686
25047490
696790
16367781
3280641
67553087
8398851
5243941
79170366
2299440
28648665
83486989
10734661
6489003
3465028
30252531
1023165
57291
76191334
7393935
875826
14821290
61600737
1186570
4438710
35292301
33223476
55109643
3403
243253
8538778
10244601
63464068
196251
3394315
29687365
30054149
5273128
10339878
23866391
63672829
5185810
31820253
11739435
68815921
6409990
31972006
88829420
11278875
97020958
6147771
24773293
32542278
26082253
2910078
20075616
91278246
14658405
181503
572985
3643650
28406953
55934743
97083777
3156713
16587001
5639761
446040
40598549
44905453
9180
230860
30408301
75725709
1651653
92874754
402753
2584401
2995128
26882778
32501953
43409076
20881953
23794651
1842240
27419938
12617776
10458451
6706953
13346361
44850
32162889
15072795
12110581
6070870
30891286
24580566
4781778
20662806
2778903
167910
24552528
845650
678030
6575689
21321
24601605
72199182
8067066
78257646
4787965
7819035
34191
28573020
3491403
5928846
33085045
33599503
31303828
26473726
29533455
4723894
18327070
508536
27717735
183921
3017196
71731952
86786616
80473009
53869374
25747024
48268388
4223871
8443995
37732364
59312023
431985
77694002
12012351
395605
31878
9885681
93074631
14631345
63443231
2550411
91996057
10212940
5757921
7830903
3788128
8473341
7521381
143380
2611755
833986
4647508
14175150
12392731
13590291
22953700
102378
58974937
8479765
46858341
22121226
8923200
37462253
1191196
1180416
5619628
6754650
4068378
4546620
77533881
34366195
11724903
570846
53185129
98315554
66652909
6497291
19728621
5282875
15811876
8010003
21024370
23225520
7536903
15083778
354903
5747745
8855736
30674028
58940597
155961
7540786
250986
99175010
9012135
914628
8542911
21251940
11973171
79022923
16430778
21770101
7704775
8034036
12572558
16430778
13382551
15098150
26401011
1857628
11080278
17763780
8002000
4828278
556897
2431202
22845420
580503
19365976
1857628
77421
31405724
26634051
34642378
12393997
4716089
33676270
1530375
5102415
285390
29084922
1401975
12085986
34915546
19154955
3376101
20031285
119805
3486
8746653
2650753
60352944
7274347
4871881
26111151
101475
60435537
16179516
22174470
83160564
29888046
332520
49828388
7132034
16511131
5057790
43439081
13652630
32849565
19603191
2566245
32550346
6364112
14658405
5516181
1026028
17686378
30121344
24446336
274911
47733826
8985321
30854440
33052515
759528
19512937
16151086
176715
19553131
471906
11546415
13413610
7838820
7548555
15316135
30236976
7097028
11498410
22061403
33994135
1826916
93029529
24918270
2193465
15539131
6965778
17184453
25493370
10212940
31414701
291466
32784753
259560
56575689
1875016
14919453
2280180
47624173
71919254
30213651
28858817
3066526
4285128
530965
1134771
42147511
552826
15918903
4429776
1110795
1342341
18528
72800724
1303305
36146253
251695
173166
16955576
81072170
28813817
14437251
31964010
10024003
311655
791911
3491403
23967426
73816657
61216421
25584728
87153
4079796
28106253
40379876
12066328
2463090
230181
4157286
27202502
27206376
25500511
1673535
6655776
8995161
24161676
68750444
32373081
25386375
55748529
15492961
83138620
40470
15817500
79438896
58311
68345454
1959210
33599503
12189453
58370225
69901204
24932391
46105540
3832296
29051253
39962755
34349616
16956576
7704775
31357005
71062060
32883500
13048386
44452622
2278
4778686
248160
25916400
276396
542361
62368845
33895261
264628
26794860
2343300
19540626
36876450
65985866
15163196
39824544
16299195
21789901
2015028
72850672
1128
586986
45053269
8398851
97835117
2965830
26597571
20230361
80173159
475800
11943828
28361746
18189496
25329403
5260146
24594591
419986
24475506
52056865
6507028
854778
22341270
88543780
1842240
12245
1551441
35116390
76314142
8203275
63396170
68834719
2425503
98192522
2102275
93572503
58512897
3592540
1805950
45753
10881746
925480
2631028
44410248
22101276
10380846
86232827
79654418
33930
42703879
36585
21024370
380628
86389208
12467521
15941481
50569268
16811301
25005321
5886
7218100
15083778
76641983
3019653
94904519
33052515
6102271
35536665
6641190
31852171
39269225
95703
88760381
742371
588070
997578
13833336
21395611
17219646
17692326
15063795
19621980
64451061
12115503
82874389
30174713
78432453
36632520
11647551
5128003
8634090
26154528
152076
112101
558649
49306625
13600720
68023950
11948616
7478778
7100796
14365
34150980
67962093
64315483
28113751
1786995
31676820
23987981
30744561
20566491
15705210
59444143
31956015
22629628
35917050
17290140
24008985
67160731
3308878
13878546
26197941
3983253
21513520
15931
28769905
7351695
51360
21533203
2405721
637885
36154756
3929806
11802511
79884960
45674681
2011015
1335795
86105738
784378
13068828
20669235
21803106
10172305
31125
1390278
23684403
19942770
46597796
32914441
22394778
20752903
659526
11369296
8362005
4323270
7603050
8755020
31597275
88660672
1502511
7894351
92940918
34076640
10836840
21102256
280126
1056331
75251967
1951300
5057790
49455
43784194
77844309
1511191
31059021
5240703
8203275
3676116
25657866
2840536
53113717
34515586
20062945
5096028
74884261
84326885
6102271
20298006
10444735
171
2697003
8780145
83825131
76402577
36812490
22508695
37950
21289574
27302355
56531786
4468555
78211207
43660
25059660
29500584
23286900
14086899
3138765
31900078
19297578
10064341
32518080
68305777
7294290
32028006
23739495
33345861
15487395
50448414
9576876
30799476
55668216
786885
5697000
19167336
15326416
35359845
46582149
650370
33254507
2781261
23205078
802011
7018131
32704495
7894351
30527051
8054091
33601798
69150133
35443990
14010571
3595221
97455389
19980681
25557675
1691880
61784100
32091902
2807265
97037316
16179516
21017886
17131731
24160210
35790030
13989405
23055445
406
4394130
38531031
84576817
37432878
20830285
9695406
84923915
4984903
5747745
57779182
94771736
27140028
22414860
77427979
28967466
35511378
26777457
1755001
9752736
23711941
4750903
6754650
93309521
86142163
80238071
7657741
15802802
45451
99182483
4137126
1247410
93383
4048435
26978185
6427905
25773189
4008174
10463025
29356953
26067810
5227761
13112443
1884711
2019045
39602952
29346180
14491036
8231653
29903511
9881235
3024570
52577853
20241412
7886406
5983655
9625078
35842736
15756519
695610
2301585
2873934
7344028
14410396
57598899
12026190
59007886
6619341
16270660
137550
12372825
52337611
13634264
6489003
21402153
98124936
36426738
24071391
18754750
1727011
57113863
60421212
17490655
1154440
14979601
17419753
40370976
4367490
34532205
35815416
3046746
92448925
33453160
29518086
20502406
58996
14680071
68248169
9441685
4560
33101316
89015398
2288730
766941
10702251
23368866
32744278
69982619
34355028
26875446
87848338
78772608
3581826
77815
39060
95610302
8082210
36504240
22791
18522741
39334015
95611255
94094245
608856
11556028
11198278
2183005
21389070
1941435
1699246
38006121
503506
60107624
31804300
7112106
23608756
89590999
36735306
41153700
13947121
10513405
18639380
11938941
20572905
39234576
10596106
68571069
17621016
19322436
12652965
79390904
28709882
73580383
10906785
4510781
56700333
4088370
27472578
3148795
67084078
3504628
766941
22994371
30213651
40360620
1026028
1853775
21227588
8700706
22034841
27366172
491536
8671530
3579150
60774630
14985075
35462894
8249173
45785147
12743676
22926606
20400078
8296701
58725629
9546265
2286817
2201851
4859403
6546771
3436131
6666726
477753
95739405
18693555
3347578
18147300
16419315
55545055
48202863
53642971
65884953
598965
23581278
97920629
12130275
31726017
74472998
4661931
93860478
13673835
7525260
68004698
78531121
31637035
9590010
2823876
26255881
60275286
6442255
3611328
2710956
21232386
6869071
3632105
14191128
24461515
3163870
1234806
3565785
18256834
83743329
54553913
1245831
5576130
88722011
15977348
30104920
16485698
87968805
11354995
894453
212226
42879549
26277625
1732591
26473726
16276365
74487944
10298991
865270
1342341
979933
15282156
958420
84283083
20047408
27339315
15913261
19266528
3347578
10892778
89484926
839160
3662571
94859877
40522503
92576314
31074786
23954898
655246
1459486
64980
22334586
38693177
65703
36709596
16814573
8580153
5734191
1971105
64711230
25593435
47789016
28256403
7544670
32373081
10651420
59572528
10869453
18742503
20690785
954271
226128
26488281
10799628
9909352
1255320
23089410
33345861
6027172
29542338
2812006
14685490
50153369
1673535
395605
14680071
6112756
58464348
196251
95136637
15738855
5893180
6954585
7854666
4504501
36376185
8476903
8390656
9161340
4017195
12123978
27383700
1292028
4851
23184645
29920849
50877285
28859520
17425656
147696
8822100
31780378
343206
27045552
28115188
26956153
27495
18785385
963966
543403
634501
30846585
61384245
30020763
14965522
8126496
5479705
9713953
17716128
39520495
27717735
317206
7471045
19040604
2850
15654810
4822065
12600292
29425956
48476033
44973656
8243830
2236969
139656
7340196
64535805
42260221
53641289
74507130
15116751
2306943
18693555
5096028
28588141
15263976
1476621
89693265
821121
1012901
887778
11417031
569778
5802121
40064676
3019653
4125628
12920986
6846850
37277295
35140652
13202176
20227632
67227376
30797023
39921580
21304128
34882128
89225842
11695866
18718021
7929235
39440521
25651
34200585
22121226
29756755
7263766
78284704
26357430
42709097
11633821
4500129
85292794
69225613
17549850
83858466
15800631
32914441
39094903
1277601
853471
8772396
1908081
743590
57213717
67830419
2838153
7359366
97123633
8170903
9752736
19879665
442270
9086460
8018010
1997001
9550635
17290140
32465194
40506998
69934501
94674171
25400628
52050192
20772235
24678703
5829405
28959855
861328
34144029
12176143
45721587
30852269
69725993
17038203
21975135
16006897
32066039
476776
28441
3499335
95127140
72720794
84290964
784378
13962970
27090866
78512464
58068974
1848003
14244453
609960
3306306
9144205
3991725
79401
4828278
14561106
12992253
79028878
28982691
36214305
1786995
67528
54272667
79231914
1586871
821121
69681134
75359353
9832395
17757820
25194351
36299339
89620373
65395533
2767128
2166321
81872915
7626
3373503
27199000
15199341
2485335
40051530
11132121
31154511
83304111
81310919
23877505
92307632
33837651
30275871
54662579
9899421
45291584
1717731
23520625
9165621
84444263
1635336
2646150
14821290
15750078
14090086
84593196
31964010
32914441
77684091
822403
10143200
13699995
79401
33280561
148240
30322578
70874014
14810403
63169779
32809050
37666860
12189453
99133167
41019153
17763780
8872578
40793028
10253656
34060131
17961021
73497244
12169711
90969657
31540935
38763700
11250396
16974051
32489180
21899372
10267246
3531153
879801
6913621
4825171
16111326
1533876
90962784
22314540
15226921
96138747
85250432
32421378
21132100
10669890
10939503
1355481
37884160
7525184
21336778
19415796
39209940
86368296
15006981
639015
32655321
73140142
60772064
70134238
58721491
10024003
5863600
75474835
15621255
81635659
23526370
43454503
8646561
23368866
4784871
39582753
16918015
54183304
29464326
28089004
9598771
8325240
93441815
88643077
18742503
781875
94438097
26816826
98547062
12268581
28906606
29980896
28391880
6786
70550890
27643330
88548006
22009405
90562955
21160765
27221131
44269345
34126191
8696535
3597903
23382541
24446656
31900078
5279625
9713028
464166
86130247
2267385
7195321
13569445
23829156
820
258840
607753
5713890
34060131
43314778
9559378
6259772
24573555
38645236
7025626
16499640
68175012
2512161
21693261
3262053
16707747
25489857
5798715
34700407
555985
20075616
32084055
47759532
24960645
703891
149878
14609715
3689686
19483331
5140821
7774365
8817900
11184899
33509391
1640766
22087981
34772454
85903372
13299903
94385021
44655975
886446
2963395
89301728
40702753
7898325
28588141
4900015
93017656
46103313
17296021
65317156
3980431
140185
66125015
2980461
20081953
26956153
12389965
68888170
34150980
4224511
14453376
15771025
1762503
277885
81083485
31003875
98597756
14132586
1758750
38882971
10472176
1081185
15576571
68627372
36585
35074500
22304458
58679749
466095
22845420
90920566
38950224
16276365
192510
95951756
1680273
43753335
15237960
45768528
24182535
21330750
1177345
6246778
16591680
13181545
8126496
253
5734191
11860885
5984070
2164240
8775955
40439077
7393935
18705894
47851164
40416005
23464675
31248465
12228985
59801999
34999161
817281
54937493
30580054
30353303
68782723
7811128
70750008
56763658
8014006
40774965
78664487
8775955
22845420
97073701
15868161
28830621
29853921
13915272
27881778
5026035
13699995
99642963
65341
59537106
41146285
8830503
74980004
30144693
34945802
8868366
351
48288206
44792397
17384356
91140165
9576876
41160886
267546
24820414
58130123
34742149
62205108
38578865
34748616
6161805
23691286
5310379
83684134
10897446
3821230
7587460
3407355
6320790
36209809
37450185
22865703
35387288
10646805
45672903
75798696
30011878
42632893
19465680
31604954
3221991
30771514
1057785
9441685
94629214
39554830
2762425
23334696
1321448
31420851
171991
1717731
1388611
40186
39291158
10032960
404550
64989238
26466450
2724945
793170
4474119
26415546
43059983
6112756
76903614
4203550
9673401
43529833
4373403
557040
89777125
25493370
624403
5151
10485910
35730674
633204
16134040
3749691
36924121
30857008
11071426
7982010
1711
86482815
81162639
31937656
40916032
83378813
93274726
14212446
12723490
30580110
654940
24924381
13232940
2436528
17155153
4278
25157779
64714301
24671800
946
77886483
3301165
2467531
9783676
10019526
29395370
41944198
7478778
22347955
1026028
8610546
27001070
49301095
41904088
26530289
80774309
10358076
69269075
4543605
25161896
10799628
1125750
26660819
87039709
20593667
17578
15722028
29446955
50400303
3616705
218791
66234610
113050
73409531
4051281
16003653
32036010
39415547
19403335
37805860
37597456
709836
3918600
27687961
12487503
937765
10104760
301476
14501805
5237466
11647551
20624253
69309701
5921961
21586060
3184026
98716812
6211267
64097529
41336778
23157415
27934075
47578734
20113653
9930196
3106278
42131610
3752430
27162135
1781328
88508548
35083831
21093995
3627471
3290895
63221797
1721440
25336521
34857075
13783875
1828828
10348533
84818152
5000703
566580
8086231
2636956
62570032
24946516
25651
10888111
28401522
301476
42122431
13429153
11464866
1198926
30500419
1139295
73740664
5045076
5108806
141246
18389080
12740814
89790141
81164885
37113420
40422687
12561677
20227980
5195476
18312252
633375
11388378
149878
40387578
8855285
33961185
42591835
12145056
31881065
528
46450341
20966050
6367096
144991
44495461
205761
11493182
67690037
88547213
34882128
67766331
30213651
27807376
85905043
13825911
11488821
73913043
29934453
65703
31208950
6211050
14718025
2320935
28633528
8357916
14636755
7748016
4426800
40163203
1512930
18547095
7771653
7180155
1649836
36863991
922761
16678200
83671446
21533203
99481227
40648150
39041476
38355661
47156616
1461195
37684221
46296253
350703
25095070
2112540
90737064
13253526
27525246
7882402
13232940
4570776
70570489
70313747
10087656
19936455
99915467
5774901
5453253
8776712
690900
21461076
13720941
10720480
1023165
88184380
1615503
35099631
2673828
76777992
33484252
3804661
38995582
90457607
3285766
21278026
132355
31692741
9380946
3350166
48345999
31948021
37281315
10586901
11753976
5029206
2098176
673380
92657473
35528235
63567182
27376300
15171786
84167839
16360458
14701753
21789901
35957889
20694961
2263128
54780063
54491391
21658071
16105650
3576475
8411151
1640766
666
2898028
9823528
57128088
26342911
19898586
1158912
7271391
36112251
16048945
17079090
11207745
3301165
21238903
28784187
9677800
4276350
4772505
26466450
35806953
3963520
8738290
22974031
31035381
35099631
4003035
14388930
3121251
50195615
39742199
19241706
28572104
1507716
3082096
3507276
1090011
38671615
19553131
2727280
90322139
5646480
1128
44510576
