4000
1
3
42059731
84591380
15
21
28
36
13789995
55
15754895
51091522
91
7158587
120
27751623
9162112
171
190
210
231
253
12101236
300
87320393
33429483
73648993
406
96067441
29426101
496
528
561
595
630
666
53863614
87907619
780
820
861
903
946
990
44786588
1081
1128
28739532
1225
1275
1326
3365329
13568029
55226030
1540
1596
36570575
1711
1770
1830
1891
32969521
2016
2080
2145
2211
2278
80763159
2415
2485
2556
8277263
2701
4235160
2850
2926
56098938
64775173
3160
3240
3321
3403
3486
3570
3655
3741
26272903
3916
4005
4095
4186
4278
69973183
36501941
41934212
4656
86860288
4851
7107515
44715096
1252028
5253
5356
25234448
5565
5671
13955418
5886
5995
6105
6216
92576821
6441
6555
6670
6786
35179557
81877250
7140
7260
7381
96497564
7626
13745988
16396584
8001
8128
8256
8385
8515
99530188
23261116
8911
9045
65469292
9316
28233252
21201228
88769836
9870
4626997
90225260
35579920
24515681
27570773
10731
5789839
11026
11175
10472369
11476
41749346
11781
11935
12090
12246
12403
12561
12720
12880
53172392
13203
13366
13530
94233237
13861
93840000
14196
14365
14535
57100868
14878
15051
4444530
40319668
15576
15753
15931
51004429
16290
16471
16653
4372355
65947721
17205
17391
65510039
17766
71939919
18145
76585952
18528
46785277
17216531
82312609
43949455
99922936
55060093
15797511
74562226
17341421
20503
21602055
82214891
21115
55063948
10141027
86399187
21945
54796657
22366
3032619
22791
23005
23220
23436
83342362
23871
24090
24310
24531
35702169
24976
53342039
25425
25651
25878
26106
70276430
26565
26796
27028
27261
27495
29348816
17631326
88535615
28441
28680
28920
29161
29403
29646
29890
30135
30381
25292866
30876
31125
31375
31626
31878
32131
32385
72791731
32896
33153
33411
31148730
33930
42232410
34453
45843956
63459332
35245
35511
35778
36046
8477513
36585
49864678
37128
37401
37675
33638399
38226
38503
38781
84454026
39340
66359688
39903
40186
40470
32984370
41041
93135633
7206041
41905
7964281
46283557
42778
43071
43365
43660
65055341
44253
34087549
56433481
69571574
45451
52032822
62628266
46360
46665
20000692
47278
47586
47895
89682704
48516
5844408
49141
49455
49770
50086
50403
50721
51040
52854836
28757529
60321324
52326
52650
52975
11048724
53628
53956
54285
54615
16989873
55278
55611
19555359
56280
56616
56953
78373307
14736028
57970
58311
58653
51913952
59340
59685
60031
60378
60726
61075
61425
61776
62128
62481
58959890
63190
63546
32972909
64261
64620
12831278
65341
65703
66066
66430
95131447
67161
67528
93947400
68265
80411326
69006
69378
69751
70125
70500
70876
71253
71631
16299198
72390
72771
73153
73536
69646661
74305
74691
75078
75466
75855
76245
93497078
77028
94485484
77815
78210
78606
79003
79401
79800
80200
51471511
77718358
81406
77451709
54490810
82621
83028
83436
83845
84255
84666
85078
85491
85905
86320
86736
49483636
87571
67272020
27038985
63556534
89253
89676
90100
76538935
90951
91378
91806
92235
92665
93096
33319836
35434290
94395
94830
23143957
16963079
68609393
96580
97020
97461
97903
18883877
98790
99235
156351
100128
100576
101025
5504463
101926
102378
102831
103285
103740
28405766
45387413
105111
105570
106030
106491
94063116
107416
107880
108345
108811
51994763
109746
54346345
2414237
111156
111628
112101
42845333
113050
113526
114003
114481
114960
115440
115921
116403
62984521
117370
117855
118341
118828
119316
76193790
120295
120786
121278
1388172
122265
122760
123256
19953621
124251
81339579
125250
125751
87123992
126756
89914357
50572410
128271
128778
129286
129795
43046384
130816
131328
99859453
132355
77095986
133386
133903
134421
134940
135460
75865522
136503
137026
137550
89486586
138601
139128
139656
39864250
68593102
141246
94889992
84476602
69029302
71243929
143916
144453
144991
145530
146070
146611
77274014
84132345
148240
148785
149331
149878
150426
88295776
151525
152076
152628
153181
153735
20200635
154846
155403
20486139
156520
75159921
157641
158203
31153993
159330
159895
160461
161028
161596
162165
162735
163306
35177900
164451
165025
165600
166176
34675878
58623803
68902120
168490
169071
99695536
170236
170820
171405
13674233
172578
173166
173755
174345
174936
175528
26330495
67169732
177310
177906
178503
41194593
179700
180300
77807231
181503
182106
182710
183315
183921
184528
185136
62911079
19297050
78708192
187578
188191
188805
189420
190036
11620659
40430259
191890
192510
193131
36531706
194376
195000
98826341
196251
59154062
197506
7291197
49501028
42348942
200028
200661
49500914
201930
202566
203203
203841
24924241
75997709
44381695
5749741
207046
207690
208335
63916985
209628
47533300
210925
211575
212226
212878
51123615
214185
70700079
215496
216153
216811
63290822
218130
218791
219453
220116
220780
8467905
222111
222778
21386944
8040219
55267632
225456
41200151
226801
56522340
61528029
228826
229503
230181
230860
231540
47376317
232903
233586
234270
85171475
235641
236328
237016
60201827
5949701
239086
239778
240471
241165
241860
242556
243253
243951
244650
245350
246051
53990494
247456
248160
40700601
249571
250278
250986
251695
252405
9253973
253828
254541
81117531
48623892
256686
257403
258121
258840
259560
260281
261003
261726
262450
59823574
35044478
264628
265356
266085
266815
267546
268278
269011
952785
13768319
271216
271953
272691
273430
89273711
274911
275653
276396
71451413
277885
278631
279378
280126
280875
72210430
282376
283128
11216827
284635
64248503
87674466
286903
287661
288420
289180
91200398
290703
291466
292230
7274957
293761
294528
65598653
296065
296835
36797694
298378
299151
299925
300700
301476
302253
303031
11995982
304590
305371
306153
306936
307720
308505
309291
310078
25088883
1223563
312445
313236
22366140
314821
315615
316410
57545229
318003
318801
319600
320400
321201
35502377
12569040
323610
6697777
325221
47070892
326836
327645
328455
64398499
37237111
330891
331705
332520
333336
334153
334971
335790
54331147
337431
338253
339076
339900
340725
341551
342378
343206
27040156
344865
345696
54345246
347361
98564611
349030
91324162
43930059
351541
352380
353220
354061
354903
58647178
356590
357435
38442594
359128
359976
51099733
361675
362526
363378
364231
365085
66600001
366796
367653
79339099
10964744
370230
371091
371953
372816
373680
33920620
375411
376278
67957572
378015
378885
379756
25717449
99139291
382375
383250
384126
385003
385881
960270
97596879
388521
389403
390286
391170
7412017
50691616
63084627
394716
395605
70701805
397386
91023375
74042261
400065
2416968
401856
402753
96848006
78983116
9463444
98059225
53229225
29014625
78245461
409965
410871
411778
412686
413595
414505
415416
68631032
19001010
90205261
419070
419986
420903
421821
61862207
423660
424581
425503
426426
85295225
428275
429201
430128
65598638
20316183
39589093
433846
434778
435711
436645
437580
51455997
439453
4251366
441330
442270
443211
444153
445096
446040
446985
78582756
20648463
449826
450775
3686959
452676
453628
454581
455535
456490
457446
458403
459361
47989234
461280
91742457
463203
464166
465130
466095
467061
468028
468996
469965
470935
471906
34737997
473851
48994205
475800
476776
477753
478731
479710
23070996
481671
482653
483636
484620
485605
81080119
69487731
488566
489555
490545
59250979
71536149
42288372
69441162
1277486
496506
63797485
498501
17583820
500500
501501
502503
503506
87892446
35759891
506521
507528
508536
509545
510555
511566
43700325
513591
64734465
7942237
89417799
517653
518671
36047809
52790238
521731
28873517
523776
524800
525825
526851
527878
528906
42620177
530965
80800614
15109345
88461311
535095
536130
537166
16021467
539241
540280
541320
49114740
17149378
544446
545490
95548755
25059477
21114105
77886282
38407268
551775
67159517
553878
25879776
40630702
557040
558096
559153
560211
561270
562330
563391
564453
565516
566580
2104268
5834395
569778
570846
571915
572985
574056
34656873
576201
15187536
17379025
579426
67031321
581581
582660
583740
44694848
585903
586986
588070
589155
590241
591328
29564898
593505
58857101
595686
596778
597871
76246949
600060
601156
602253
17804628
604450
605550
606651
607753
608856
40905801
88934537
612171
613278
11512509
615495
616605
8886282
5054135
619941
621055
622170
623286
624403
625521
626640
59492320
628881
630003
23084121
632250
633375
634501
635628
636756
33125263
34165661
640146
641278
89799856
643545
644680
645816
646953
648091
649230
650370
52155714
652653
653796
654940
656085
657231
658378
659526
660675
661825
662976
12495085
97626023
666435
667590
668746
669903
671061
2673985
673380
674541
675703
676866
37440524
21275281
680361
681528
682696
683865
685035
686206
687378
688551
689725
690900
692076
17325643
694431
15874136
696790
697971
9230505
98121771
701520
702705
74960271
705078
706266
707455
47586231
99081454
711028
712221
713415
714610
715806
1714163
718201
37683920
720600
721801
723003
724206
725410
726615
727821
2955151
730236
731445
50572139
733866
86142255
736291
737505
738720
739936
741153
34647881
66510292
744810
746031
43834646
748476
749700
750925
752151
73288214
10389750
755835
13298409
71594577
15370284
760761
761995
87795896
20361008
765703
52231747
768180
769420
770661
771903
773146
774390
775635
776881
64775098
779376
780625
781875
44335145
784378
785631
34034954
788140
789396
20421950
791911
793170
794430
74786508
67247599
79776152
799480
15349
802011
89254876
29283249
805815
32283886
808356
69522528
810901
50745023
813450
814726
816003
817281
818560
35457386
821121
96678262
823686
824970
826255
46202718
828828
13981331
5976418
832695
833986
835278
98104172
1524052
839160
840456
841753
843051
21063022
845650
846951
848253
849556
850860
852165
853471
2906011
856086
17523871
858705
860016
54064341
862641
14774182
865270
63461177
38244308
11459040
870540
77821217
873181
91791809
875826
30778171
878475
879801
881128
882456
66428319
85896932
98513186
887778
889111
92303442
891780
893116
14784764
895791
83797214
39721073
899811
74602023
902496
903840
905185
3854456
62635643
909226
910575
911925
913276
47332856
915981
917335
66641586
920046
6439845
21969605
3537039
925480
926841
928203
57245211
49362601
28524453
933661
9047080
2887631
937765
939135
940506
53938875
943251
41340026
946000
947376
948753
87016245
4383039
952890
86688671
955653
957036
82464407
959805
961191
962578
963966
60075209
966745
968136
94060301
970921
59975577
21277183
975106
29961070
977901
979300
980700
982101
89582779
984906
15736339
66676880
989121
990528
991936
993345
994755
996166
997578
998991
1000405
1001820
1003236
1004653
1006071
1007490
1008910
1010331
1011753
1013176
1014600
3436334
1017451
1018878
1020306
36384739
1023165
1024596
1026028
91219302
1028895
79072076
1031766
1033203
1034641
1036080
1037520
1038961
12873011
1041846
1043290
96353070
1046181
1047628
1049076
1050525
1051975
1053426
28984249
84215333
1057785
99840964
1060696
1062153
37769199
1065070
1066530
1067991
99601472
92442725
1072380
1073845
1075311
1076778
1078246
16028592
1081185
1082656
3488053
1085601
83769699
1088550
1090026
28642540
1092981
1094460
1095940
1097421
76908313
1100386
82270974
1103355
1104841
1106328
1107816
1109305
1110795
1112286
1113778
1115271
28675345
1118260
1119756
1121253
86166454
1124250
1125750
1127251
26387291
1130256
1131760
26098861
1134771
1136278
1137786
25334155
49670034
1142316
68632501
61477104
23443290
3055531
1149886
1151403
1152921
1154440
1155960
30812418
1159003
1160526
1162050
77321888
27356324
1166628
37388913
59717627
25895111
1172746
1174278
1175811
1177345
1178880
1180416
1181953
97999786
1185030
62853767
58462829
1189653
1191196
1192740
38700528
1195831
1197378
53101322
1200475
1202025
1203576
73187456
1206681
1208235
1209790
22419587
78644370
1214461
1216020
1217580
1219141
77679897
1222266
1223830
1225395
24581236
1228528
1230096
66114459
38057252
1234806
1236378
1237951
1239525
1241100
29704299
1244253
1245831
16135497
1248990
1250571
1252153
1253736
1255320
1256905
1258491
58962722
93676678
48420465
11848419
1266436
1268028
28230497
1271215
1272810
1274406
1276003
1277601
1279200
1280800
1282401
1284003
1285606
1287210
81442753
1290421
1292028
1293636
46940098
1296855
60843086
1300078
16643312
1303305
1304920
9705298
68016242
95234021
88931424
1313010
1314631
71754959
90589090
19205178
1321125
1322751
24280943
1326006
1327635
1329265
1330896
1332528
1334161
60651070
1337430
1339066
2337764
1342341
1343980
1345620
1347261
1348903
1350546
1352190
1353835
10045768
65953263
1358776
5514041
1362075
81312267
1365378
1367031
74261404
1370340
1371996
1373653
1375311
62965189
6007959
4067293
1381953
1383616
1385280
1386945
1388611
1390278
72645943
1393615
1395285
1396956
1398628
1400301
57004594
1403650
1405326
17089061
1408681
53747619
67511572
79096877
1415403
1417086
55584681
1420455
1422141
1423828
1425516
1427205
1428895
1430586
90656420
1433971
1435665
1437360
1439056
1440753
1442451
33027180
1445850
1447551
1449253
94537001
68059063
18771488
1456071
88683495
99782266
1461195
1462905
1464616
1466328
72321509
23968940
1471470
1473186
1474903
1476621
5335850
1480060
1481781
69653575
1485226
1486950
1488675
91845547
1492128
1493856
9888220
1497315
16236525
1500778
1502511
1504245
1505980
42603614
1509453
95796276
1512930
1514670
50058266
91200969
41873103
1521640
1523385
1525131
1526878
44195164
1530375
1532125
1533876
34043186
91535369
1539135
88963040
80777214
81373632
1546161
1547920
1549680
97684012
9350917
1554966
1556730
20406853
1560261
1562028
1563796
1565565
1567335
1569106
1570878
1572651
1574425
3807077
1577976
1579753
1581531
1583310
48903216
1586871
1588653
1590436
75472505
1594005
1595791
1597578
27426639
1601155
1602945
1604736
1606528
1608321
1610115
1611910
96060889
22990276
1617301
17574551
24094245
9561924
1624503
91092080
75273990
1629915
1631721
1633528
1635336
1637145
27185290
1640766
1642578
1644391
1646205
1648020
90228299
1651653
1653471
1655290
1657110
23162858
27273947
1662576
1664400
1666225
1668051
1669878
1671706
1673535
1675365
66855861
97309940
1680861
1682695
1684530
1686366
1688203
1690041
28023766
1693720
8539338
37997105
1699246
1701090
1702935
1704781
18993650
1708476
1710325
1712175
23484995
1715878
1717731
19038735
60875801
1723296
1725153
13017560
8380437
1730730
1732591
1734453
30829369
1738180
89311906
1741911
5786670
1745646
51215598
88550328
44700237
95919119
1755001
1756875
1758750
77646504
1762503
69887910
76137272
1768140
1770021
1771903
57996237
1775670
1777555
1779441
1781328
1783216
1785105
96641517
1788886
1790778
1792671
1794565
6861185
1798356
1800253
1802151
1804050
43201285
1807851
45438870
24404997
1813560
99290689
1817371
1819278
1821186
1823095
18687031
43841784
1828828
17464849
1832655
1834570
1836486
1838403
1840321
1842240
88885832
1846081
1848003
1849926
1851850
1853775
1855701
1857628
1859556
33440687
1863415
1865346
1867278
9357567
1871145
95264609
1875016
61279623
1878891
1880830
1882770
20493311
1886653
1888596
1890540
74931894
1894431
1896378
42477428
51316098
9090759
5491201
12248213
97283632
1910035
40921525
1913946
1915903
1917861
22678128
1921780
1923741
61647425
12402430
1929630
1931595
1933561
31068330
1937496
1939465
1941435
1943406
1945378
1947351
1949325
1951300
39042491
1955253
1957231
1959210
1961190
1963171
1965153
26681471
51380570
19455721
1973091
31927702
1977066
1979055
15886622
1983036
72593720
1987021
1989015
1991010
1993006
1995003
1997001
1999000
71292844
89061134
2005003
67430164
37165054
70824607
2013021
56995811
77919975
51818975
77564599
2023066
2025078
64299490
2029105
2031120
2033136
82238846
28019698
2039190
2041210
2043231
88829051
2047276
2049300
28744261
33336528
2055378
2057406
48640574
2061465
2063496
36348100
2067561
2069595
1212386
73846061
2075703
2077741
2079780
2081820
33184076
64158129
2087946
92504163
36711140
2094081
2096128
2098176
2100225
2102275
94145851
2106378
2108431
2110485
58274017
2114596
2116653
74169507
2120770
55184567
2124891
58337741
2129016
2131080
25512290
5623316
2137278
2139346
2141415
2143485
36612954
2147628
2149701
2151775
2153850
98611824
2158003
2160081
2162160
2164240
2166321
2168403
25863295
2172570
6056707
2176741
2178828
75375003
2183005
6664392
2187186
60947811
18197765
2193465
10281121
2197656
2199753
2201851
93247715
16684566
75772417
2210253
2212356
2214460
2216565
2218671
2220778
63266681
27589821
2227105
2229216
2231328
44234817
2235555
2237670
2239786
2241903
34795155
2246140
30493320
2250381
87508441
2254626
2256750
57192496
63939326
94799865
2265256
2267385
37512474
2271646
2273778
2275911
2278045
86299161
36600031
31676990
6661110
2288730
2290870
2293011
2295153
5625103
86369405
2301585
66860327
2305878
2308026
2310175
2312325
2314476
2316628
57985496
2320935
2323090
2325246
2327403
2329561
2331720
2333880
39948997
24786839
2340366
17700547
2344695
65846586
2349028
2351196
2353365
2355535
2357706
2359878
83015795
2364225
89296642
9887435
2370753
2372931
26903095
83943590
2379471
2381653
2383836
2386020
48081929
2390391
2392578
2394766
19328317
2399145
2401336
2403528
2405721
2407915
90851391
2412306
2414503
2416701
2418900
78292682
2423301
2425503
2427706
2429910
2432115
31563262
2436528
2438736
88308333
2443155
2445366
2447578
22946187
2452005
65021538
2456436
70073495
2460871
2463090
18522888
24099476
2469753
2471976
2474200
2476425
2478651
2480878
21718476
2485335
17311865
2489796
2492028
18267239
44975565
2498730
2500966
20850100
2505441
2507680
2509920
2512161
2514403
2516646
45328159
2521135
57386333
2525628
2527876
2530125
2532375
2534626
2536878
2539131
2541385
2543640
2545896
2548153
33579849
2552670
2554930
10399193
22412580
2561716
92015019
2566245
2568511
12009236
2573046
2575315
2577585
50799857
39099269
2584401
2586675
2588950
33703136
2593503
2595781
35873567
41426831
2602621
51635426
2607186
2609470
2611755
2614041
2517158
93832272
2620905
2623195
2625486
24059998
2630071
37179709
67295218
2636956
2639253
2641551
42108242
83316083
2648451
7368458
60888186
10977323
21658646
2659971
1770847
2664586
2666895
2669205
56696201
2673828
2676141
14060135
2680770
10634927
38085806
2687721
2690040
2692360
2694681
2697003
2699326
2701650
28394237
2706301
2708628
53233669
2713285
2715615
14352942
2720278
2722611
64978407
2727280
2729616
10544745
67356065
754290
2738970
28450053
2743653
2745996
2748340
19930785
23977633
2755378
17940990
2760075
32152021
2764776
77843351
58026401
65513146
2774190
2776546
2778903
2781261
89309499
5987133
2788341
6176700
2793066
2795430
2797795
2800161
2802528
2804896
2807265
2809635
2812006
2814378
2816751
2819125
71792438
52725291
2826253
2828631
2831010
46412711
59437482
61076712
2840536
40643998
2845305
2847691
45885787
2852466
2854855
97067745
23941396
2862028
61178388
2866815
2869210
2871606
66527479
75054856
2878800
2881200
2883601
2886003
2888406
2890810
2893215
84602193
2898028
24185805
81710481
2905255
45278534
97725995
70691449
2914905
13501295
2919736
99337293
2924571
2926990
21511090
2931831
3364715
2936676
2939100
2941525
41174475
59564385
2948806
2951235
2953665
2956096
71401906
2960961
84121679
2965830
74981833
2970703
2973141
8780384
15301168
2980461
2982903
26920950
2987790
2990235
80298174
2995128
62378380
3000025
3002475
18935541
3007378
84243808
3012285
80341838
40478683
3019653
3022111
3024570
3027030
98690677
3031953
3034416
3036880
3039345
3041811
52786838
35242197
3049215
84734249
61259067
3056628
3059101
3061575
3064050
3066526
40580753
3071481
3073960
3076440
50048903
3081403
68132435
91574706
3088855
65410430
3093828
87600255
3098805
3101295
3103786
3106278
3108771
3111265
3113760
3116256
3118753
98802991
34844788
43669690
3128751
77411578
3133756
3136260
53174381
3141271
661370
3146286
3148795
3151305
3153816
3156328
3158841
3161355
3163870
22979976
3168903
3171421
3173940
3176460
3178981
85875190
23926741
15826706
3189075
29101228
3194128
85592924
3199185
3201715
3204246
3206778
9265315
3211845
3214380
94865022
3219453
3221991
3224530
18768213
3229611
3232153
2103830
29002315
3239785
3242331
3244878
3247426
26794010
21051968
3255076
28374259
3260181
64374750
3265290
3267846
54963837
3272961
43426725
3278080
65242144
3283203
3285766
84316419
91711172
3293461
3296028
3298596
3301165
3303735
3306306
3308878
2692485
3314025
3316600
66339252
3321753
3324331
3326910
3329490
51760994
3334653
3337236
3339820
3342405
3344991
3347578
3350166
3352755
3355345
3357936
3360528
77096885
59953558
3368310
3370906
3373503
3376101
3378700
3381300
59281510
18209076
3389106
3391710
3394315
3396921
3399528
3402136
56321051
3407355
3409966
3412578
32836070
21250159
3420420
3423036
3425653
49801494
3430890
3433510
3436131
99362401
3441376
47792203
9930428
55866047
55123512
79914468
75538560
3459765
57682174
3465028
3467661
3470295
3472930
14966446
40020786
3480841
3483480
3486120
3488761
78590998
44225201
3496690
3499335
3501981
3504628
3507276
34310238
3512575
3515226
3517878
3520531
34781634
3525840
3528496
56501959
3533811
3536470
3539130
3541791
3544453
64584700
3549780
3552445
3555111
3557778
7653244
80441703
3565785
41758083
3571128
3573801
3576475
27994794
5184805
3584503
76405097
3589860
75449042
3595221
91801480
3600586
3603270
3605955
3608641
3611328
36274200
3616705
3619395
89333994
76847358
53229629
3630165
90796974
68003640
3638253
44227098
3643650
3646350
3649051
3651753
3654456
3657160
22620909
3662571
19957910
3667986
111892
3673405
3676116
3678828
92529140
3684255
41340113
3689686
3692403
69066985
63115421
3700560
3703281
3706003
3708726
73280206
33351880
3716901
3719628
3722356
3725085
3727815
3730546
19855740
3736011
3738745
3741480
3744216
3746953
3749691
3752430
42092186
3757911
71643433
3763396
94043834
3768885
3771631
27867130
3777126
3779875
93189664
59915856
3788128
3790881
3793635
13338778
3799146
57052624
3804661
52149525
50077765
71058946
3815703
3818466
3821230
25819834
3826761
71853270
3832296
3835065
66148861
41036369
5341272
3846151
28708587
31958544
14414744
3857253
58573454
3862810
83692180
3868371
3871153
3873936
3876720
3879505
46325930
3885078
3887866
3890655
3893445
13591071
3268929
3901821
3904615
50460867
3910206
3913003
3915801
3918600
3921400
17572350
3927003
3929806
3932610
3935415
87906952
3941028
87759927
3946645
3949455
3952266
99314142
4119041
3960705
3963520
3966336
3969153
3971971
3974790
3977610
3980431
3983253
3986076
3988900
93966127
3994551
3997378
4000206
4003035
4005865
4008696
4011528
4014361
24664852
4020030
4022866
4025703
4028541
616962
4034220
4037061
4039903
4042746
670368
4048435
57366868
4054128
4056976
4059825
46552175
4065526
4068378
4071231
4074085
4076940
21898648
4082653
605762
74246134
4091230
91254054
4096953
68620318
77196017
4105545
39880807
88802448
4114146
4117015
93543882
4122756
89190005
35194396
4131375
4134250
7325600
4140003
4142881
4145760
38502737
79505386
4154403
4157286
87565847
87062384
38506552
93934015
4171716
4174605
4177495
56802575
4183278
30666499
86589214
4191960
49975901
35250089
94244738
4203550
42945246
4861025
4212253
46796698
28273861
4220965
4223871
4226778
4229686
4232595
4235505
81642608
96937761
4244241
4247155
4250070
4252986
4255903
2990307
4261740
97461173
4267581
99609908
4273426
4276350
4279275
4282201
7412171
4288056
4290985
7262510
4296846
65285119
4302711
72349951
4308580
4311516
42389454
4317391
4320330
4323270
4326211
60051296
4332096
89259144
4337985
35993396
4343878
4346826
79977879
4352725
4355676
4358628
4361581
4364535
91315806
4370446
4373403
88483271
77412607
30186172
4385241
4388203
4391166
7407907
4397095
4400061
21582864
4918506
48411144
72446900
4414906
4417878
54838244
4423825
4426800
4429776
33077269
4435731
62257326
54225852
4444671
85579670
4450636
22520866
4456605
4459591
4462578
4465566
4468555
4471545
4474536
4477528
4480521
4483515
66765584
4489506
71022746
4495501
4498500
4501500
4504501
4507503
4510506
20907122
4516515
4519521
4522528
4525536
4528545
4531555
24961921
4537578
4540591
4543605
4546620
4549636
4552653
4555671
21736354
9308403
4564731
4567753
76677350
4573800
4576825
44585428
53704861
4585906
4588935
4591965
76060463
4598028
4601061
4604095
62868713
4610166
4613203
4616241
4619280
65543062
4625361
4628403
80763974
4634490
4637535
4640581
4643628
4646676
42339893
84985854
4655826
99388753
4661931
4664985
4668040
4671096
4674153
4677211
97048138
4683330
4686391
26548484
59738982
67758718
4698645
4701711
4704778
4707846
4710915
4005091
4717056
4720128
4723201
29212714
86359848
4732426
4735503
4738581
4741660
62277719
4747821
75081311
4753986
28572324
4760155
4763241
4766328
31209878
4772505
4775595
4778686
4781778
34428610
4787965
67961715
7897256
4797253
84046495
4803450
45318822
4809651
84542564
4815856
4818960
32046673
4825171
78640955
4831386
41151097
54775301
4840716
4843828
4846941
4850055
21040387
30286280
4859403
93029679
4865640
65968698
55173656
18753184
48341372
83319567
4884375
11682533
67059215
30067698
4896885
4900015
4903146
4906278
4909411
4912545
4915680
14609504
4921953
97136250
99244884
4931370
4934511
4937653
4940796
4943940
11295802
4950231
4953378
4956526
38449425
4962825
46148719
4969128
4972281
4975435
4978590
36008300
4984903
4988061
94836653
4994380
80006010
12111043
57243555
5007030
5010195
5013361
5016528
5019696
26501631
13008977
5029206
23539301
5035551
5038725
5041900
79809228
5048253
40820217
5054610
5057790
5060971
5064153
28808729
5070520
3085090
35194794
5080078
5083266
5086455
5089645
5092836
5096028
5099221
5102415
5105610
5108806
5112003
25441025
5118400
28987050
5124801
5128003
5131206
5134410
5137615
5140821
5144028
5147236
21717679
5153655
29717052
38038317
52956531
5166505
5169720
5172936
51633758
5179371
5182590
5185810
60070418
65284968
5195476
5198700
19804709
5205151
75527935
49375391
5214835
83834516
19152006
80928649
5227761
5230995
53634703
34267377
5240703
5243941
5247180
5250420
97040314
21952433
5260146
5263390
5266635
5269881
5273128
5276376
5279625
5282875
5286126
5289378
5292631
66191196
80422817
5302396
86738960
5308911
5312170
32024076
5318691
66371561
5325216
5328480
74259802
5335011
41784754
5341546
2382807
48458199
39591540
5354628
89356813
5361175
5364450
33432333
31262327
56559605
5377560
5380840
5384121
5387403
5390686
5393970
5397255
5400541
47063539
5407116
5410405
5413695
5416986
5420278
5423571
5426865
5430160
5433456
5436753
5440051
5443350
873791
5449951
5453253
5456556
5459860
5463165
48139085
5469778
54125882
5476395
45263016
5483016
5486328
5489641
5492955
5496270
24823631
5502903
5506221
5509540
5512860
5516181
5519503
85948946
5526150
5529475
5532801
5536128
1644216
5542785
5546115
5549446
5552778
5556111
91029951
83038114
43810354
5569453
28638377
5576130
5579470
5582811
5586153
10873202
5592840
5596185
5599531
32674010
75493727
24014671
5612925
5616276
5619628
5622981
5626335
5629690
5633046
5636403
5639761
5643120
50407807
2446900
86487625
52176990
13340300
5663295
13458896
5670028
5673396
5676765
5680135
5683506
5686878
5690251
88626397
5697000
5700376
89494028
5707131
5710510
5713890
5717271
647588
5724036
29787876
5730805
57736591
5737578
80039627
15676578
5747745
5751136
97150867
5757921
99363965
5764710
5768106
5771503
18227907
4325710
5781700
84006339
5788503
67099577
5795310
5798715
5802121
21813783
5808936
5812345
82278264
28991656
5822578
52442138
5829405
5832820
5836236
5839653
30335675
5846490
7822823
7565444
5856753
51567059
5863600
5867025
5870451
50774639
83167787
5880735
5884165
5887596
5891028
5894461
34875869
5901330
973694
2495235
5911641
5915080
5918520
5921961
5925403
5928846
5932290
93626881
5939181
5942628
5946076
5949525
5952975
5956426
5959878
5963331
29953053
5970240
5973696
7060326
22564794
43835385
5987530
5990991
1205120
5997916
6001380
98222107
6008311
6011778
84055578
6018715
6022185
6025656
6029128
6032601
6036075
6039550
6043026
6046503
6049981
6053460
6056940
6060421
28962356
28925729
6070870
6074355
79901274
6081328
6084816
6088305
6091795
6095286
6098778
6102271
6105765
6109260
17906363
6116253
89830640
88050251
16642216
6130251
6133753
6137256
6140760
6144265
6147771
6151278
6154786
6158295
6161805
6165316
6168828
6172341
6175855
6179370
6182886
6186403
6189921
6193440
58315049
17808648
6204003
60062643
6211050
6214575
70161531
71113374
6225156
6228685
6232215
6235746
96348303
17812614
20088803
81789252
6253416
6256953
6260491
23454426
6267570
6271111
90601463
6278196
47848420
6285285
6288831
6292378
6295926
38467517
6303025
6306576
14667219
6313681
6317235
6320790
6324346
6327903
27078412
40833102
6338580
6342141
6345703
6349266
6352830
6356395
83790954
6363528
6367096
6370665
12307004
6377806
6381378
6384951
6388525
6392100
6395676
25701118
6402831
6406410
46360720
6413571
6417153
6420736
6424320
65875671
6431491
6435078
35467749
6442255
780525
40912710
6453028
69991124
85566953
73229945
6467406
6471003
6474601
6478200
6481800
6485401
6489003
6492606
6496210
43596462
6503421
6507028
2922835
6514245
6517855
6521466
6525078
6528691
6532305
6535920
6539536
6543153
6546771
6550390
6554010
6557631
6561253
6564876
6568500
1874630
22652901
6579378
6583006
6586635
6590265
6593896
85673868
6601161
15923595
78965269
6612066
73366922
18273226
6622980
39302380
6630261
85328608
71720217
39692117
6644835
6648481
78834127
93316257
84013198
6663075
6666726
6670378
47672006
6677685
6681340
6684996
6688653
6692311
6695970
6699630
6703291
68810197
9288815
6714280
49484579
81739799
6725278
6728946
6732615
6736285
6739956
17541843
6747301
28054020
68786379
6758326
6762003
6458545
6769360
1126030
6776721
6780403
6784086
6787770
6791455
6795141
6798828
71693562
6806205
28826114
6813586
6817278
6820971
1635155
6828360
6832056
27239917
6839451
6843150
6846850
6850551
6854253
82468451
25739903
6865365
50565838
23337034
6876486
26013662
12126274
12988756
6891328
6895041
81388320
6902470
6906186
14355470
6913621
6917340
48114451
6924781
13388354
6932226
6935950
33736860
56274103
6947128
54441407
6954585
6958315
6962046
6965778
6969511
6973245
6976980
65692689
92412825
6988191
6991930
76154800
6999411
7003153
7006896
7010640
7014385
7018131
41083848
7025626
24060016
7033125
7036876
7040628
7044381
7048135
74760558
7055646
7059403
7063161
21813786
7070680
7074441
58484885
28655500
7085730
7089495
90955502
7097028
7100796
7104565
7108335
7112106
7115878
31226626
7123425
40254447
7130976
83417142
21907241
7142310
7146090
7149871
7153653
7157436
7161220
7165005
5664731
84618527
7176366
7180155
7183945
7187736
16760725
7195321
7199115
7202910
7206706
35425471
16018099
88773623
78618046
60160204
7229503
7233306
7237110
7240915
5956440
76412345
16668808
77950143
7259955
94435746
7267578
7271391
42857320
7279020
7282836
7286653
7290471
7294290
7298110
7301931
43882402
7309576
7313400
7317225
7321051
7324878
7328706
7332535
7336365
7340196
70581723
72377595
7351695
7355530
7359366
7363203
22055414
7370880
7374720
7378561
56961185
7386246
7390090
7393935
7397781
7401628
7405476
67970921
25112386
7417026
35258998
7424731
7428585
30002442
7436296
7440153
7444011
56784855
7451730
7455591
7459453
7463316
7467180
14464632
7474911
7478778
7482646
7486515
7490385
7494256
7498128
7502001
7505875
7509750
7513626
7517503
7521381
7525260
7529140
7533021
7536903
7540786
8657723
82758134
82668604
37114754
7560216
7564105
91126747
7571886
2644769
7579671
7583565
38900199
7591356
7595253
7599151
7603050
7606950
7610851
7614753
27047985
30163378
7626465
7630371
17059727
7638186
7642095
7646005
7649916
32022761
7657741
7661655
7665570
7669486
68209667
7677321
7681240
23955514
7689081
7693003
7696926
7700850
13455787
7708701
52944820
7716556
7720485
83314165
83171350
7732278
78200612
44142550
78013093
99821208
7751953
17297496
7759830
74057555
7767711
7771653
7775596
29957753
7783485
7787431
44112633
7795326
42187987
7803225
52907200
7811128
30281639
44298726
7822990
7826946
7830903
22689922
7838820
7842780
7846741
7850703
7854666
48579367
7862595
73500789
7870528
7874496
57238890
91139403
37037769
7890378
694681
7898325
7902300
7906276
7910253
31420877
7918210
7922190
7926171
7930153
7934136
7938120
1638417
7946091
7950078
7954066
7958055
7962045
7966036
3684295
68590414
7978015
7982010
7986006
6443396
60420408
7998000
8002000
