6000
1
3
6
10
87695017
21
28
108073
45
11179652
66
78
44807953
73801559
120
136
153
171
14890261
210
231
253
276
52867386
17339948
351
378
406
435
18464056
82718651
528
561
48267503
630
666
703
741
780
820
861
903
946
990
1035
1081
1128
1176
1225
1275
4951557
22830149
1431
1485
3379305
1596
1653
1711
15499117
1830
81375194
1953
2016
74315577
2145
2211
2278
2346
2415
2485
2556
6064496
2701
2775
2850
16998287
75235881
3081
3160
3240
3321
3403
32518006
3570
3655
66748329
40531237
3916
4005
4095
4186
4278
4371
4465
4560
21510915
66156602
4851
35735949
5050
93340055
5253
5356
5460
5565
5671
5778
5886
5995
82518656
6216
60991894
6441
6555
6670
10990556
6903
95565471
85243447
64884226
7381
55122950
66685246
7750
7875
8001
86569944
8256
8385
8515
5596225
28547070
13871658
9045
9180
9316
9453
2390144
52666643
83611992
10011
10153
62665944
86276339
10585
10731
10878
11026
11175
11325
26110316
11628
11781
11935
98915655
12246
12403
12561
12720
12880
13041
13203
79862750
71413850
13695
13861
14028
27325324
49117945
48935986
14706
39516942
15051
87152018
15400
15576
15753
15931
9508705
16290
16471
71842602
16836
11381610
55359056
17391
17578
17766
17955
11710132
18336
18528
56931105
3425079
82456375
42279885
13700288
65143880
52501219
20100
20301
17276598
20706
20910
14916222
21321
30218065
21736
21945
22155
94737050
30237411
93185412
91727026
23220
23436
23653
64199316
24090
24310
24531
24753
24976
25200
25056776
25651
25878
26106
66695023
49788005
26796
47289025
27261
27495
27730
27966
28203
28441
66481821
28920
29161
83982363
68866908
29890
30135
30381
30628
30876
5652925
31375
31626
31878
32131
32385
32640
32896
33153
33411
33670
33930
34191
34453
34716
34980
20740600
35511
35778
53371897
36315
36585
36856
37128
99877651
37675
37950
38226
38503
38781
47855629
39340
37828715
11959569
40186
40470
40755
41041
41328
38611315
41905
41699786
42486
42778
43071
43365
43660
43956
44253
44551
66137327
45150
45451
45753
46056
46360
46665
46971
24251512
47586
47895
48205
48516
22914672
49141
49455
49770
91378199
50403
50721
51040
51360
89752019
52003
52326
84798965
73036593
53301
53628
53956
54285
54615
54946
55278
24866014
66750178
56280
56616
56953
84025725
57630
57970
90345053
58653
21909778
59340
46909356
94828092
60378
34977741
61075
61425
61776
62128
22610169
69585803
63190
63546
63903
43608709
64620
64980
37982096
99611091
66066
66430
52960484
67161
15651962
67896
68265
68635
9406002
69378
69751
70125
70500
37789863
71253
1140450
72010
72390
72771
73153
25389763
73920
74305
74691
75078
35808213
85142997
84613189
76636
77028
72406239
61619750
37028467
78606
79003
47041881
47740517
23134418
80601
7745735
81406
81810
8906299
84750867
83028
83436
83845
84255
84666
84909397
85491
40510235
86320
86736
72587639
87571
87990
50199083
88831
89253
51996925
90100
90525
90951
18204565
54213548
92235
32421666
28485164
93528
93961
94395
94830
80534635
30218002
16478571
96580
36786178
92104991
65625052
98346
98790
99235
2023090
100128
100576
18849771
101475
38031294
102378
102831
103285
23943419
44996347
19046655
105111
105570
73341395
106491
67683816
70757780
107880
108345
108811
49571539
80151170
110215
110685
89851819
111628
8353303
83838187
113050
113526
22403395
114481
114960
115440
88337131
116403
116886
117370
11887594
118341
118828
119316
119805
74957008
56470279
121278
61962927
122265
122760
29649189
22042606
25370044
124750
29217627
30758419
126253
126756
127260
127765
128271
128778
73633353
129795
130305
130816
44534828
28286671
132355
98265385
29651932
40928731
481906
134940
135460
135981
98346136
137026
137550
138075
138601
51052588
139656
140185
99445989
19416969
141778
99873532
142845
143380
47780963
18893792
60668194
33362579
146070
146611
147153
147696
148240
46997229
96066938
149878
74399462
150975
26735114
152076
152628
153181
8754749
154290
154846
155403
155961
156520
18315998
157641
88683530
158766
84474326
88839544
160461
75464155
24869177
162165
60418766
163306
1937402
82992086
165025
165600
166176
52322493
167331
167910
168490
169071
169653
170236
51655279
171405
171991
172578
173166
5563897
174345
79079757
51085340
176121
23975609
177310
177906
178503
179101
179700
180300
55256924
181503
182106
182710
183315
78747865
184528
185136
185745
9686030
186966
97520256
188191
188805
189420
190036
190653
191271
191890
192510
193131
193753
21131864
195000
2568759
196251
196878
49395467
198135
198765
39128264
45996433
200661
7216748
55359422
202566
203203
203841
65280964
205120
205761
47970239
207046
207690
909901
7755936
209628
210276
210925
211575
80926827
212878
213531
42294549
214840
41626394
216153
216811
84791188
218130
218791
71559368
220116
220780
221445
222111
222778
223446
224115
49628165
225456
18607963
226801
93464675
228150
50906046
229503
230181
94681615
231540
232221
38541539
52282283
234270
234955
235641
236328
237016
237705
238395
463124
239778
240471
241165
72237397
84286744
243253
85536514
244650
37138933
246051
246753
247456
81575579
248865
249571
250278
92097845
83012673
252405
253116
80559254
254541
255255
255970
256686
257403
82204825
13293423
3040694
84835393
261003
261726
262450
65006841
263901
11748829
51769634
99544221
266815
267546
268278
269011
269745
2985370
87189016
271953
29636765
273430
274170
17613147
275653
276396
277140
79943101
278631
279378
280126
43552406
281625
282376
9440754
30261125
284635
285390
286146
286903
39641036
99427958
289180
289941
290703
9064781
292230
292995
293761
294528
295296
296065
296835
297606
298378
89437413
30846594
300700
301476
302253
303031
303810
49080199
8097953
306153
306936
13769589
308505
309291
310078
21378606
78063215
69050350
82518380
88765164
78702729
49271210
316410
317206
318003
318801
53862336
320400
321201
322003
322806
323610
51972836
73587653
86866773
326836
327645
328455
15506569
27373885
30973871
18705598
75417633
333336
91988072
334971
91131901
70373540
337431
59697442
67825286
77510094
340725
341551
40264494
343206
344035
344865
345696
45927783
3697886
348195
349030
349866
350703
351541
352380
353220
354061
354903
355746
356590
78446348
81859707
359128
359976
360825
361675
362526
363378
364231
64372301
365940
85861093
91817590
368511
369370
3627098
371091
371953
372816
58551360
47695752
375411
376278
377146
378015
50770785
379756
380628
381501
382375
383250
384126
7317931
385881
41123905
22922208
388521
389403
89063048
79851201
84970193
392941
393828
394716
395605
396495
67347634
398278
399171
400065
400960
401856
64159701
403651
404550
405450
406351
12522766
408156
409060
42665075
410871
44025332
412686
413595
81775918
32230621
416328
417241
418155
90834653
419986
420903
421821
51634836
423660
30929792
425503
34651228
427350
428275
5951360
75071596
431056
431985
432915
22286979
434778
435711
71405646
75931222
438516
439453
440391
441330
2992015
443211
43252765
445096
446040
446985
447931
448878
24964579
76449622
451725
452676
34639421
454581
455535
54743624
457446
458403
61883610
27881226
461280
42275708
463203
70969106
465130
466095
467061
468028
468996
16101372
470935
471906
472878
473851
474825
475800
476776
477753
478731
479710
19237081
481671
482653
483636
95245351
38058483
486591
487578
488566
489555
490545
491536
492528
493521
87564731
495510
496506
497503
498501
81558717
500500
501501
83067359
48795851
504510
505515
506521
507528
28598954
39789209
510555
511566
512578
35640172
514605
515620
29158873
77234932
75613831
94482576
520710
521731
65187862
52218366
524800
525825
2241323
527878
528906
529935
83809988
531996
63752635
9459122
535095
78987967
537166
538203
539241
540280
541320
542361
543403
544446
85262660
546535
98917402
548628
9810084
550725
551775
552826
553878
554931
555985
99611861
558096
60362042
560211
76087120
84815098
563391
564453
565516
566580
567645
568711
569778
570846
3149081
56978173
80907828
575128
62913865
32899530
578350
27719730
24674007
581581
582660
583740
584821
585903
20651801
588070
4272968
590241
591328
592416
593505
594595
94333538
596778
27238676
598965
98460225
88191479
602253
603351
604450
605550
606651
27978359
608856
18944453
611065
87336154
613278
614386
615495
41749588
77763313
20335790
619941
621055
41919031
623286
624403
625521
626640
627760
628881
630003
98578975
632250
58176832
634501
635628
90463357
637885
639015
63963813
641278
17342113
643545
644680
645816
52580131
648091
649230
650370
10660435
652653
4062524
654940
69474825
657231
26123355
659526
46803919
50958859
662976
46996109
51984631
666435
667590
668746
30598867
671061
672220
74687658
674541
675703
676866
94270943
679195
54534357
681528
682696
683865
26416049
95143429
687378
688551
689725
690900
692076
693253
70560507
695610
696790
697971
44691839
11461968
701520
85595303
95571857
705078
56763148
707455
86061921
709836
711028
31996009
34903344
714610
72622088
8657034
718201
719400
3510585
721801
52181185
14938727
725410
726615
727821
76560380
730236
731445
744542
97426031
735078
736291
737505
81327590
16305353
82085399
59009101
18251135
744810
746031
29469587
75795716
749700
60840093
752151
31141309
754606
755835
22877033
758296
14755380
760761
761995
22821196
764466
765703
766941
768180
769420
770661
24574387
773146
774390
775635
776881
778128
779376
94470260
71957941
783126
784378
785631
786885
788140
81087107
790653
791911
793170
81614318
795691
97915537
70783699
799480
21429102
802011
803278
17491989
805815
807085
808356
88440256
810901
812175
813450
814726
816003
48041144
818560
819840
821121
36368535
823686
22214423
826255
827541
48159190
830116
61005261
17529624
833986
835278
44873661
43280648
839160
840456
50479924
843051
844350
845650
846951
76292546
849556
850860
852165
59310681
854778
60637820
15144735
858705
860016
861328
30926689
39909453
865270
17519629
867903
869221
870540
871860
873181
874503
875826
877150
93450285
879801
881128
882456
64666535
73239228
886446
887778
889111
890445
891780
893116
894453
58044434
11657766
898470
899811
901153
902496
33177993
39805623
52549801
43388510
909226
910575
94248146
913276
914628
915981
63264595
39885520
920046
921403
922761
1174030
925480
98922278
928203
97856352
930930
932295
933661
49281392
936396
937765
939135
13684648
941878
82682490
70305777
946000
68282742
52461680
58360962
60824910
952890
6509032
955653
957036
958420
25490626
84827915
962578
963966
965355
966745
968136
969528
970921
972315
973710
48183008
976503
977901
87128236
980700
982101
983503
37568936
32386257
987715
989121
990528
991936
993345
994755
19920345
997578
998991
48189826
1001820
1003236
25500150
10019855
70897506
1008910
1010331
1011753
52303801
1014600
46754224
1017451
1018878
1020306
1021735
74221457
10180566
38077427
1027461
1028895
87451794
1031766
57094215
94904390
1036080
1037520
1038961
1040403
1041846
1043290
1044735
1046181
99802536
1049076
91854435
78947969
35328270
1054878
30573281
1057785
1059240
1060696
97398538
1063611
1065070
91707509
1067991
1069453
78562802
1072380
1073845
1075311
30124434
1078246
1079715
1081185
66128651
1084128
1085601
1087075
1088550
1450145
56809735
1092981
1094460
1095940
28460394
11064083
1100386
1101870
347343
26449271
59455067
1107816
1109305
38058500
98948895
1113778
1115271
1938320
65996815
1119756
44770908
1122751
1124250
1125750
1127251
1128753
80074227
62175003
1133265
1134771
1136278
10314306
1139295
1140805
1142316
1143828
1145341
1146855
33281739
95119427
1151403
1448074
78885624
10698687
1157481
1159003
1160526
1576037
1163575
523224
12485313
3479646
1169685
20956292
1172746
64537118
82536243
1177345
1178880
1180416
29093585
18785401
78121713
1186570
78989495
1189653
98079875
1192740
33619018
1195831
11956898
1198926
1200475
1202025
1203576
1205128
1206681
1208235
72922213
84776819
1212903
13218730
1216020
91296589
1219141
74531605
1222266
1223830
1225395
1226961
1228528
24294027
1231665
1233235
41823192
1236378
77863560
1239525
1241100
1242676
80563431
25486556
1247410
1248990
1250571
1252153
1253736
60556897
1256905
1258491
30698063
1261666
19619936
33062966
78948877
1268028
1269621
97903655
1272810
1274406
1276003
1277601
1279200
60861641
1282401
1284003
46444820
1287210
65181051
12075828
1292028
63326096
56765128
1296855
1298466
1300078
56640140
1303305
56449596
1306536
1308153
1309771
1311390
68001171
1314631
14224617
41218648
1319500
39971224
56612578
1324378
1326006
96677572
1329265
72919859
1332528
98587789
76751012
50532889
1339066
1340703
1342341
1343980
1345620
90711801
1348903
1350546
1352190
57469193
1355481
1357128
7677564
83430925
1362075
96632460
1365378
1367031
1368685
1370340
1371996
1373653
1375311
1376970
1378630
1380291
17347138
1383616
1385280
1386945
1388611
1390278
1391946
48666679
1395285
1396956
1398628
1400301
1401975
1403650
1405326
44227638
1356717
73295456
41706303
29247902
1415403
88414004
1418770
1420455
1422141
1423828
1425516
1427205
1428895
64147030
1432278
1433971
1435665
1437360
31710794
37894236
1442451
64701392
1445850
1447551
57481893
90114893
1452660
1454365
90961018
42356496
1459486
7534555
1462905
1464616
1466328
1468041
1469755
1471470
1473186
1474903
1476621
72024895
1480060
60650871
84465063
1485226
2123872
1488675
1490401
61746547
54595922
1495585
1497315
1499046
1500778
1502511
1504245
1505980
1507716
1509453
1511191
1512930
32997141
1516411
1518153
85280117
62395038
90068063
1525131
1526878
10834658
96685111
1532125
17056352
1535628
46021696
1539135
1540890
1542646
57343237
1546161
1547920
29116330
1551441
1553203
16720901
14896079
75274819
11092471
74442539
1563796
1565565
1567335
67923205
1570878
1572651
79489422
76676221
1577976
1579753
1581531
96712018
1585090
17716370
1588653
65775338
92868060
18170701
6406416
5408717
1599366
1601155
69067179
1604736
80649279
12175359
62225312
1611910
1613706
1615503
1617301
1619100
1620900
1622701
1624503
1626306
34349277
94008988
27638438
1633528
1635336
77440224
52163032
1640766
1642578
1644391
1646205
15121770
1649836
1651653
27803690
41907056
1657110
1658931
1660753
15933765
28282851
1666225
1668051
1669878
1671706
1673535
1675365
65618475
1679028
50815207
1682695
1684530
1686366
1688203
2141301
1691880
76219663
11209738
76204304
1699246
15107171
73418159
1704781
56555569
1708476
41390771
1712175
1714026
95460958
1717731
1719585
46782830
1723296
1725153
1727011
32316776
1730730
50175827
13771700
47617959
1738180
72201769
1741911
9338018
79219375
25467754
11843386
70505095
46750406
1755001
1756875
1758750
1760626
93358098
51949599
16616865
92596758
32167007
1771903
85377159
1775670
1777555
1779441
1781328
1783216
1785105
1786995
1788886
44126303
36177621
35487525
1796460
1798356
1800253
1802151
46410706
94739858
1807851
1809753
1811656
1813560
1815465
1817371
1819278
22554985
1823095
15881863
1826916
1828828
26482020
39517298
1834570
12479050
1838403
1840321
772686
1844160
35706594
1848003
1849926
1851850
44270153
89349342
1857628
1859556
94499976
1863415
1865346
1867278
1869211
63208772
1873080
35434172
1876953
1878891
1880830
1882770
1884711
24916108
18617825
1890540
73179461
1894431
1896378
1898326
1900275
1902225
35446444
1906128
91697966
40475365
99921078
15043296
1915903
1917861
43997320
1921780
1923741
1925703
1927666
1929630
92222462
1933561
41725698
1937496
21186813
78910322
1943406
1686106
1947351
1949325
76904051
1953276
1955253
1957231
1959210
14109934
1963171
96327432
37028149
19397736
1971105
27279288
1975078
1977066
1979055
1981045
96114374
1985028
1987021
1989015
1991010
1993006
25605793
51199049
1999000
4089327
60811501
2005003
2007006
2009010
2011015
46626527
2015028
11306348
2019045
6664670
2023066
2025078
96528722
2029105
2031120
2033136
2035153
2037171
84355215
2041210
2043231
2045253
88235238
77260739
2051325
2053351
2055378
2057406
2059435
2061465
2063496
8160062
2067561
2069595
2071630
2073666
2075703
2077741
69785250
2081820
47015976
2085903
47794082
69015276
88035726
13116204
11975949
2098176
2100225
2102275
2104326
2106378
75397051
73334485
2112540
2114596
33404018
2118711
58271188
2122830
32292211
12806581
2129016
2131080
2133145
2135211
37479003
2139346
94798763
974436
2145556
2147628
2149701
2151775
73601797
2155926
2158003
2160081
2162160
2164240
30644966
2168403
2170486
2172570
2174655
2176741
2178828
44536612
2183005
55776722
90404396
2189278
2191371
2193465
2195560
2197656
2199753
32515035
2203950
2206050
2208151
2210253
2212356
88086037
71548876
2218671
94142343
57089733
32884301
2227105
2229216
2231328
46835352
97242925
2237670
2239786
53863286
2244021
2246140
2248260
29311961
2252503
2254626
2256750
2258875
18994472
2263128
2265256
2267385
2269515
2271646
2273778
2275911
33055529
2280180
65265950
2284453
2286591
2288730
2290870
80551526
12129220
2297296
2299440
2301585
2303731
2305878
2308026
2310175
39549287
2314476
84219980
32597769
2320935
2323090
72521919
2327403
2329561
2331720
2333880
20660018
2338203
2340366
52198304
2344695
8002428
41702078
2351196
2353365
73723771
2357706
51804858
2362051
2364225
63974621
2368576
46338857
2372931
12804951
2377290
2379471
2381653
2383836
2386020
2388205
97127054
42942182
2394766
32775018
22325108
2401336
2403528
2405721
14911289
2410110
2412306
2414503
68969651
2418900
30710846
32386478
2425503
2427706
78405031
2432115
2434321
2436528
77788418
86473416
13798756
2445366
3045610
1731523
2452005
15485811
2456436
43112479
28164820
2463090
2385867
29177379
2469753
29236705
2474200
2476425
2478651
2480878
2483106
78336160
38489417
2489796
2492028
2494261
2496495
2498730
2500966
2503203
2505441
2507680
2509920
2512161
2514403
2516646
2518890
2521135
2523381
75250696
2527876
86924280
2532375
38186233
2536878
76369754
2541385
2543640
2545896
89393911
2550411
2552670
2554930
35529598
2559453
27675826
55118106
55270317
2568511
81667182
2573046
14950643
2577585
60554293
96207475
2584401
2586675
53208994
2591226
2593503
2595781
2598060
60327673
2602621
88386411
45733708
2609470
2611755
2614041
60376695
57520037
2620905
33543436
81825063
2627778
64880126
2632365
2634660
2636956
2639253
12194403
2643850
2646150
95654992
2650753
2653056
75505788
2657665
2659971
2662278
70656031
2666895
53307807
2671516
2673828
2676141
2678455
2680770
62775812
2685403
2687721
2690040
66353980
2694681
2697003
2699326
2701650
2703975
34257330
2708628
2710956
2713285
2715615
86222892
2720278
2722611
54939627
2727280
45383378
2731953
2734291
2736630
74163726
71267243
2743653
2745996
2748340
2750685
2753031
2755378
2757726
2760075
22824147
21765388
55480796
2769481
2771835
25115870
2776546
2778903
2781261
2783620
2785980
2788341
2790703
52929353
2795430
2797795
38830062
2802528
2804896
2807265
2809635
2812006
2814378
2816751
2819125
2821500
2823876
2826253
2828631
2831010
2833390
2835771
82027603
2840536
2842920
2845305
2847691
49521050
53322370
2854855
2857245
2859636
2862028
8751072
2866815
34717869
2871606
2874003
2876401
29010487
2881200
91033261
2886003
2888406
2890810
51264374
2895621
91500274
2900436
2902845
2905255
2907666
99578241
2912491
23956333
7686447
86105389
2922153
2924571
14691775
2929410
51721073
2934253
2936676
2939100
2941525
73393237
2946378
2948806
98195424
2953665
86312892
57253279
2960961
2963395
2965830
10940795
2970703
11646865
2975580
2978020
2980461
75229399
2985346
13977660
45372020
2992681
2995128
2997576
34966733
3002475
3004926
3007378
3009831
67258557
40026858
3017196
3019653
95956238
3024570
38150855
3029491
3031953
3034416
3036880
57462101
3041811
33501336
3046746
3049215
3051685
3054156
72401755
3059101
3061575
3064050
3066526
3069003
3071481
3073960
3076440
3078921
3081403
51242557
3086370
3088855
3091341
8356704
64657709
75061308
3101295
3103786
3106278
97993338
3111265
3113760
3116256
3118753
7452990
3123750
60850772
3128751
3131253
6395325
3136260
6568844
3141271
3143778
3146286
63227931
3151305
3153816
1183721
3158841
3161355
3163870
3166386
3168903
3171421
45915329
3176460
3178981
3181503
3184026
77459506
3189075
97747844
3194128
3196656
3199185
69766234
3204246
3206778
3209311
22689667
23551740
3216916
21978016
76901385
3224530
3227070
3229611
3232153
3234696
35564691
10516468
3242331
3244878
3247426
3249975
3252525
3255076
3257628
74719437
3262735
3265290
3267846
3270403
3272961
3275520
3278080
3280641
3283203
2375382
3288330
86697986
3293461
9157405
3298596
24605045
93635691
3306306
3308878
3311451
3314025
3316600
66154705
17241839
3324331
3326910
3329490
3332071
3334653
73694066
65496875
3342405
3344991
3347578
1572224
3352755
3355345
3357936
3360528
28300401
3365715
62287277
64728863
3373503
3376101
3378700
3381300
3383901
3386503
3389106
3391710
60372761
74236139
41603741
3402136
3404745
3407355
3409966
3412578
17125790
3417805
3420420
3423036
3425653
3428271
3430890
51579709
3436131
3438753
3441376
3444000
83777147
93926266
30497535
3454506
3457135
24691111
3462396
50867118
3467661
16809963
3472930
3475566
47624291
47929093
90041171
3486120
3488761
3491403
3494046
3496690
3499335
3501981
3504628
3507276
3509925
3512575
59927365
3517878
3520531
3523185
3525840
3528496
3531153
70319648
46286880
3539130
3541791
3544453
3547116
27940702
57889818
3555111
14730850
17784487
3563115
47514097
3568456
3571128
3573801
74324245
78944958
3581826
3584503
3587181
3589860
3592540
3595221
3597903
59489248
3603270
55504196
3608641
3611328
3614016
40708146
37895075
4973584
3624778
3627471
3630165
3632860
3635556
3638253
73020413
3643650
11964932
16629118
3651753
3654456
3657160
10446459
3662571
80785584
16043956
3670695
3673405
3676116
3678828
3681541
3684255
3686970
3689686
3692403
3695121
3697840
3700560
3703281
3706003
79990067
3711450
3714175
3716901
3719628
91457561
89528623
3727815
3730546
77275142
3736011
3738745
3741480
67400755
3746953
3749691
3752430
3755170
3757911
3760653
66806726
7803990
7166340
91642323
5183650
3777126
58280511
3782625
66734110
3788128
3790881
93917767
3796390
3799146
39185988
3804661
3807420
3810180
3812941
3815703
35279754
3821230
3823995
639220
3829528
3832296
43496653
3837835
3840606
91046337
3846151
3848925
85712738
58673568
3857253
3860031
55994333
3865590
3868371
90572288
81665959
3876720
3879505
21632063
3885078
3887866
3890655
3893445
3896236
3899028
18134909
3904615
3907410
3910206
3913003
90520239
3918600
3921400
3924201
3927003
50874462
160018
3935415
3938221
3941028
3943836
49445020
3949455
3952266
26461716
3957891
3960705
3963520
3966336
3969153
3971971
3974790
3977610
23341965
3983253
3986076
3988900
3991725
63764989
3997378
4000206
4003035
77086337
4008696
4011528
39955417
4017195
4020030
4022866
4025703
4028541
60840492
36149473
4037061
4039903
4042746
68290709
47943699
4051281
4054128
56067505
41562985
4062675
4065526
4068378
4071231
4074085
4076940
4079796
4082653
4085511
4088370
4091230
4094091
4096953
55551641
4102680
38995568
4108411
26665645
4114146
4117015
4119885
4122756
4125628
4128501
62414731
30511290
4137126
4140003
17193179
4145760
97690863
4151521
38871345
69556700
4160170
4163055
68675061
4168828
4171716
4174605
79066253
4180386
4183278
4186171
20815624
29704660
4194856
4197753
4200651
4203550
50273670
4209351
4212253
4215156
4218060
4220965
4223871
21767515
67044855
48892446
4235505
4238416
4241328
4244241
4247155
4250070
4252986
4255903
60452963
4261740
4264660
4267581
4270503
4273426
5115635
4279275
4282201
96588026
43813037
4290985
4293915
66208425
4299778
53593699
86781923
92623067
4311516
12769790
4317391
4320330
4323270
59339670
4329153
5821308
4335040
4337985
63496554
4343878
98768311
35113238
4352725
74919854
56659462
4361581
4364535
4367490
4370446
4373403
4376361
4379320
4382280
34960163
4388203
16957512
4394130
4397095
4400061
4403028
4405996
4408965
34523175
4414906
4417878
11446370
4423825
4426800
4429776
4432753
46201451
4438710
57514762
4444671
4447653
89557739
4453620
42039233
54219207
4462578
4465566
4468555
4471545
4474536
56591435
4480521
4483515
23505901
4489506
4492503
4495501
4498500
4501500
42576894
4507503
4510506
91647365
19454942
4519521
4522528
42878563
49521627
4531555
4534566
58419783
29215847
12665255
10837691
4549636
4552653
3054639
60429102
4561710
4564731
46635227
4570776
95228111
10493884
4579851
4582878
23548848
44890641
75602596
82540150
83469908
19572346
83243900
4607130
4610166
17789921
4616241
4619280
4622320
4625361
21620436
4631446
4634490
4637535
4640581
4643628
4646676
4649725
63062021
4655826
4658878
4661931
98370133
65673584
4671096
4674153
4677211
11608457
4683330
84555808
77998557
26062111
4695580
4698645
4701711
4704778
4707846
4710915
4713985
4717056
4720128
18649488
4726275
4729350
4732426
4735503
26558461
4741660
4744740
4747821
6693700
4753986
4757070
63024799
65542069
25157209
4769416
4772505
4775595
86221207
4781778
4784871
4787965
69324657
4794156
42929788
4800351
4803450
4806550
18704209
4812753
33492931
4818960
98124846
31076720
4828278
4831386
4834495
4837605
4840716
4843828
1199081
4850055
4853170
29521840
4859403
58656784
68591495
4868760
35412981
4875003
4878126
67677208
4884375
39789627
4890628
4893756
4896885
4900015
56533337
4906278
81595076
4912545
4915680
13034524
4921953
18403833
20785366
4931370
4934511
4937653
4940796
4943940
4947085
4950231
4953378
4956526
4959675
4962825
22194225
4969128
4972281
18396635
46279026
23748728
86949909
33719002
4991220
4994380
4997541
5000703
5003866
5007030
5010195
5013361
77252323
4754584
64869595
5026035
5029206
2493305
5035551
5038725
5041900
5045076
5048253
1267173
5054610
5057790
5060971
5064153
5067336
5070520
5073705
76779855
5080078
5083266
79105010
5089645
5092836
5096028
98153588
5102415
39105796
5108806
5112003
5115201
5118400
38939303
5124801
2901221
21415381
96742965
5137615
4755198
5144028
5147236
64993453
5153655
5156866
5160078
18352460
5166505
73218351
84602908
5176153
5179371
7972908
96544402
5189031
25743205
5195476
5198700
5201925
54356181
5208378
48014213
5214835
5218065
5221296
5224528
5227761
65037580
5234230
5237466
12968851
5243941
5247180
10066077
5253661
5256903
5260146
5263390
5266635
5269881
99401192
5276376
84363263
5282875
96978973
5289378
5292631
16835770
5299140
5302396
5305653
5308911
5312170
5315430
11837232
16483671
5325216
5328480
86158766
5335011
5338278
5341546
5344815
13795344
5351356
49208390
6637968
5361175
1148186
5367726
5371003
33394083
36630906
5380840
5384121
5387403
5390686
5393970
5397255
5400541
5403828
55288378
5410405
62448753
5416986
5420278
90829144
77271741
5430160
5433456
5436753
12765314
5443350
19078908
5449951
5453253
42584151
5459860
23247358
5466471
5469778
92189871
5476395
22952952
5483016
5486328
2386573
5492955
5496270
5499586
5502903
5506221
84007628
15084182
5516181
5519503
5522826
5315179
5529475
89048226
5536128
37440110
5542785
5546115
5549446
5552778
5556111
5559445
5562780
78046741
5569453
58374828
59555698
5579470
81492998
22959782
5589496
5592840
5596185
5599531
63671656
5606226
5609575
5612925
5616276
84385662
5622981
5626335
1311073
5633046
5636403
5639761
19138880
5646480
5649841
17754825
5656566
5659930
5663295
98756135
34291333
57293376
5676765
5680135
5683506
39338528
5690251
5693625
5697000
5700376
5703753
5707131
5710510
5713890
5717271
54958924
53179225
5727420
5730805
5734191
5737578
5740966
5744355
5747745
5751136
5754528
19072844
5761315
5764710
5768106
5771503
5774901
5778300
5781700
5785101
5788503
5791906
13432982
77882250
5802121
5805528
86134130
5812345
55878272
5819166
5822578
5825991
5829405
5832820
5836236
5839653
5843071
5846490
5849910
5853331
5856753
53799827
5863600
50246144
35491470
5873878
5877306
5880735
5884165
5887596
55540304
5894461
5897895
35629899
5904766
5908203
5911641
5915080
5918520
44345858
5925403
5928846
5932290
5935735
5939181
5942628
5946076
5949525
70679723
5956426
5959878
9936606
5850849
19447417
5973696
63374607
5980611
5984070
5987530
5990991
5994453
5997916
68026135
4379423
6008311
89456039
81195332
27260497
6022185
6025656
4139884
63485771
6036075
6039550
6043026
7306888
6049981
27974525
6056940
6060421
79563261
6067386
6070870
48316342
6077841
23772074
6084816
65512611
6091795
6095286
6098778
6102271
6105765
6109260
6112756
6116253
6119751
39644328
6126750
6130251
6133753
6137256
6140760
77022045
56751707
6151278
25567131
6158295
6161805
6165316
6168828
6172341
6175855
6179370
6182886
6186403
96877652
6193440
6196960
6200481
6204003
6207526
73363544
80676677
92437854
6221628
6225156
6228685
34232731
6235746
6239278
6242811
6246345
6249880
6253416
72257053
50295894
6264030
6267570
44088978
89335998
16832140
79243613
89532991
66949022
6292378
86672433
6299475
63964919
6306576
65296878
6313681
6317235
6320790
6324346
62082336
6331461
75876141
98979570
6342141
6345703
6349266
6352830
6356395
6359961
6363528
6367096
67746036
6374235
15324975
52038242
6384951
33004117
6392100
6395676
6399253
6402831
6406410
6409990
6148543
6417153
6420736
18777117
20806639
6431491
73083408
6438666
3064151
59332829
17736900
90134518
10400094
6460215
6463810
13991424
6471003
6474601
85565484
47786999
56800352
6489003
37127298
18532625
6499815
6503421
6507028
6510636
7194453
24616335
6521466
6525078
65128587
49430441
6535920
81185903
6543153
6546771
6550390
6554010
88055917
78832927
6564876
6568500
6572125
6575751
6579378
6583006
57216570
6590265
6593896
6597528
10022299
1432792
6608430
20307951
6615703
6619341
6622980
30855661
6630261
6633903
6637546
89327890
40023451
48564176
6652128
12449330
6659425
31653438
6666726
55147633
6674031
89889427
6681340
74310288
6688653
36047317
6695970
6699630
63922729
6706953
6710616
23344145
6717945
6721611
6725278
6728946
34556431
6736285
62006878
6743628
38148850
6750975
6754650
6758326
6762003
34940050
6769360
78295209
48831629
6780403
6784086
43790802
6791455
6795141
20585414
6802516
38227354
6809895
6813586
6817278
6820971
6824665
6828360
6832056
6835753
6839451
16356027
86598189
6850551
6854253
42246034
6861660
6865365
92612170
6872778
6876486
9372254
81836566
6887616
6891328
6895041
80811728
6902470
6906186
6909903
39854191
6917340
6921060
6924781
6928503
6932226
63803750
61660588
6943401
6947128
6950856
6954585
6958315
6962046
6965778
6969511
70621639
6976980
6980716
6984453
6988191
6991930
95747059
6999411
96912636
70543565
58908475
7014385
7018131
54406137
7025626
7029375
7033125
7036876
7040628
9561826
88295895
7051890
30137478
7059403
7063161
7066920
16255374
7074441
7078203
7081966
7085730
58001131
44599429
7097028
7100796
63788744
69552994
12690965
7115878
39428620
7123425
7127200
78199257
7134753
7138531
7142310
7146090
7149871
7153653
7157436
44592775
7165005
7168791
7172578
4980369
7180155
7183945
7187736
7191528
61031013
7199115
7202910
7206706
65853319
80005817
7218100
7221900
53690743
75829737
7233306
7237110
6194989
7244721
7248528
7252336
32558735
7259955
95502338
58476274
7271391
95604356
7279020
7282836
49495448
48717947
7294290
7298110
23070142
97587024
7309576
89933334
7317225
7321051
7324878
55068269
7332535
7336365
7340196
29727903
7347861
7351695
80789642
7359366
73792790
7367041
98746980
7374720
77727989
40423470
58151811
7390090
7393935
7397781
7401628
27319997
7409325
27227619
7417026
7420878
7424731
7428585
7432440
7436296
7440153
7444011
7447870
7451730
7455591
7459453
7463316
25586193
24868578
49107587
7478778
6643655
7486515
7490385
76292762
7498128
49371679
7505875
21664747
7513626
43660060
7521381
7525260
7529140
70788718
12670996
7540786
94907263
83226146
35262843
53225394
7560216
7564105
7567995
68306211
53247329
7579671
7583565
7587460
7591356
7595253
3342865
7603050
7606950
7610851
7614753
7618656
7622560
7626465
7630371
7634278
7638186
7642095
38674108
7649916
46261071
7657741
27960920
22293926
19862303
7673403
7677321
43945415
85591522
7689081
7693003
7696926
68357810
90715654
7708701
7712628
7716556
7720485
7724415
39543334
3386036
7736211
7740145
7744080
35212744
7751953
7755891
55252054
7763770
7767711
7771653
25048542
7779540
7783485
24497271
7791378
7203524
57157275
7803225
7807176
3237021
93957464
7819035
7822990
7826946
48423949
7834861
7882091
7842780
7846741
7850703
7854666
7858630
7862595
13228162
60869615
7874496
7878465
7882435
7886406
7890378
7894351
7898325
7902300
7906276
7910253
72505869
19109774
7922190
7926171
7930153
7934136
7938120
7942105
7946091
7950078
7954066
61112760
7962045
7966036
7970028
11374943
7978015
74016370
27101479
7990003
7994001
85568881
22042666
8006001
8010003
8014006
8018010
95185680
8026021
81387896
90776022
8038045
8042055
8046066
85907624
8054091
8058105
8062120
76900435
8070153
8074171
8078190
8082210
25900921
40714353
28871171
59371949
8102325
8106351
78709953
8114406
8118435
8122465
8126496
8130528
26397184
96089734
8142630
8146666
8150703
8154741
8158780
8162820
33753082
76875436
24930069
51776442
8183035
8187081
8191128
8195176
60223450
8203275
66551376
8211378
8435142
8219485
8223540
52133981
87963922
83675738
8239770
89133964
8247891
8251953
4516293
8260080
8264145
2492942
8272278
72794465
45445021
8284485
8288556
96071812
4934262
87454282
8304850
41673269
8313003
8317081
8321160
47249575
73827073
63571133
48236235
8341570
8345655
8349741
8353828
8357916
8362005
63923785
1343734
8374278
8378371
8382465
87894528
8390656
13672004
8398851
8402950
30660166
60331815
8415253
70918799
8423460
8427565
38912568
8435778
8439886
8443995
8448105
8452216
79201646
8460441
77056290
8468670
8472786
49645546
71664812
8485140
8489260
8493381
8497503
8501626
39284516
8509875
8514001
8518128
8020350
8526385
8530515
8534646
93301433
8542911
86261915
8551180
8555316
38805495
97877947
8567730
8571870
17890054
8580153
8584296
2952901
8592585
8596731
8600878
92310512
8609175
8613325
8617476
8621628
8625781
8629935
8634090
8638246
35426080
8646561
8650720
8654880
85263394
75890059
8667366
8671530
8675695
8679861
8684028
8688196
7167929
23846680
8700706
94580831
9061884
8713225
8717400
62733619
10311717
8729931
8734110
8738290
8742471
52642424
8750836
70927215
50125674
98628374
8767578
15352198
44639783
8780145
8784336
8788528
8792721
8796915
8801110
8805306
8809503
8813701
8817900
8822100
95054182
8830503
96296905
8838910
12735907
8847321
8851528
8855736
8859945
8864155
8868366
8872578
8876791
11933870
8885220
28307215
8893653
8897871
8902090
8906310
8910531
19845537
8918976
8923200
8927425
8931651
55875903
92033722
8944335
96662346
8952796
8957028
8961261
66961031
8969730
8973966
8978203
38566020
8986680
65566149
8995161
27681493
55214959
9007890
9012135
9016381
9020628
9024876
9029125
28877988
9037626
9041878
9046131
53463017
9054640
9058896
9063153
9067411
9071670
80680910
9080191
9084453
9088716
9092980
70977629
9101511
99096635
9110046
41168456
9118585
30487260
93577011
66479967
9135675
9139950
28986794
90891642
66096459
85611534
3472219
9165621
9169903
9174186
68788339
51537961
9187041
23640215
9195616
58597879
9204195
9208486
9212778
9217071
9221365
9225660
9229956
105399
9238551
9242850
9247150
61009974
9255753
9260056
9264360
97154629
9272971
9277278
9281586
36598921
9290205
9294516
9298828
9303141
9307455
9311770
9316086
63850516
9324721
9329040
78655792
18031385
46170726
82259522
71290791
9354975
5268314
9363628
9367956
9372285
9376615
9380946
9385278
72338676
60886602
9398280
38040999
34395657
30660906
9415630
9419970
9424311
9428653
9432996
9437340
9441685
9446031
45380748
9454726
9459075
9463425
83218910
9394305
9476481
9480835
9485190
9489546
9493903
61452242
9502620
9506980
9511341
9515703
9520066
9524430
38749849
9533161
9537528
9541896
54238740
9550635
21637160
39644876
92786817
9568125
9572500
9576876
9581253
9585631
9590010
72561690
50825180
43111413
44109063
9611920
9616305
9620691
9625078
9629466
9633855
93204113
9642636
9647028
98164746
9655815
1002639
36720960
30373923
9673401
9677800
9682200
9686601
9691003
18839865
9699810
35448406
9708621
9713028
9717436
67909150
9726255
9730666
9735078
35899204
9743905
10861311
18426930
9757153
54687046
9765990
9770410
6696853
9779253
9783676
67667732
9792525
62205614
9801378
49032780
9810235
9814665
9819096
9823528
9827961
47510070
9836830
9841266
9845703
9850141
78455967
9859020
9863461
9867903
52102474
9876790
9881235
9885681
97465433
9894576
9899025
9903475
46961173
48740021
9916831
9921285
9925740
32474862
21722051
9939111
9943570
9948030
8014731
9956953
9961416
9965880
2231995
55766670
9979278
9983746
63366378
9992685
91491388
10001628
10006101
10010575
68861944
10019526
10024003
10028481
74658692
10037440
91545325
10046403
67201732
33117209
10059855
10334025
10068828
49848611
10077805
484540
10086786
61714495
10095771
10100265
10104760
10109256
10113753
3514829
66967786
10127250
10131751
10136253
10140756
10145260
10149765
18967785
10158778
10163286
28136713
78792233
10176816
10181328
10185841
10190355
10194870
10199386
10203903
10208421
10212940
72381613
10221981
87817629
10231026
1798220
10240075
10244601
20520089
10253656
99728153
12011508
10267246
10271778
10276311
28764320
10285380
10289916
10294453
10298991
55783392
15153968
95303749
81143518
10321696
10326240
10330785
84969551
10339878
10344426
78374210
10353525
10358076
69606262
71304029
82165079
10376290
10380846
52277767
11959053
10394520
10399080
41171917
10408203
55060785
80225344
10421895
10426461
10431028
10435596
10440165
10444735
10449306
62307702
10458451
10463025
59042039
10472176
10476753
93780042
10485910
10490490
10495071
33931019
10504236
10508820
3481662
72561274
10522578
10527166
10531755
24375605
10540936
10545528
10550121
90044808
10559310
10563906
10568503
37338996
15826009
10582300
10586901
10591503
10596106
10600710
10605315
16042308
10614528
10619136
10623745
10628355
11014928
10637578
10642191
10646805
10651420
10656036
10660653
10665271
10669890
10674510
8451311
10683753
10688376
59500499
32707039
10702251
42743719
10711506
10716135
10720765
90408442
38197030
10734661
10739295
53496597
10748566
10753203
10757841
10762480
32549517
10771761
10776403
10781046
10785690
10790335
95621159
10799628
10804276
10808925
10813575
10818226
10822878
64663270
27077498
10836840
10841496
10846153
10850811
2711806
18140373
10864791
10869453
10874116
10878780
80708502
10888111
23155512
10897446
10902115
10906785
10911456
10916128
10920801
10925475
10930150
10934826
60359859
10944181
10948860
10953540
22914461
10962903
88390235
10972270
10976955
51343590
24339005
10991016
82200510
53834144
8848018
11009778
11014471
11019165
11023860
11028556
11033253
11037951
11042650
11047350
20691879
11056753
11061456
11066160
11070865
11075571
11080278
11084986
67463200
11094405
11099116
22639360
84876222
11113255
11117970
11122686
30052452
67519452
11136840
11141560
11146281
11151003
11155726
11160450
1192414
11169901
48948678
50169721
3334394
11188815
11193546
11198278
11203011
11207745
11212480
25710840
11221953
11226691
11231430
57082837
11240911
11245653
11250396
11255140
11259885
63362915
11269378
11274126
11278875
73284139
11288376
25600578
11297881
11302635
5092736
11312146
11316903
56015137
11326420
11331180
11335941
31938461
11345466
12212907
11354995
11359761
11364528
11369296
11374065
11378835
11383606
11388378
11393151
7120447
11402700
11407476
11412253
11417031
11421810
11426590
11431371
11436153
11440936
11445720
34033789
11455291
11460078
2380219
11469655
11474445
11479236
11484028
17398569
11493615
11498410
11503206
11508003
51384323
11517600
11522400
11527201
11532003
11536806
11541610
11546415
5362642
11556028
11560836
11565645
54257784
32874916
11580078
11584891
97515141
11594520
11599336
56606659
11608971
29703629
11618610
11623431
11628253
11633076
11637900
11642725
69398674
11652378
11657206
11662035
11666865
11671696
62275464
53406822
11686195
11691030
82581693
11700703
11705541
11710380
11715220
27770815
11724903
11729746
92294456
66307626
11744281
11749128
92140041
36116763
11763675
11768526
51754378
62669906
11783085
14066349
11792796
11797653
44011214
11807370
86669401
11817091
5639526
11826816
4403497
11836545
12842618
11846278
11851146
6966861
11860885
18846952
11870628
11875501
55799628
98833816
11890126
11895003
90167002
1849120
28879307
11914521
11919403
11924286
11929170
11934055
11938941
78741321
64875967
11953605
11958495
40710324
10601523
11973171
11978065
11982960
11987856
16970447
35207249
12002550
12007450
80395341
12017253
12022156
12027060
92150532
12036871
60414334
12046686
38219131
12056505
83886477
12066328
12071241
41734215
12081070
12085986
12090903
12095821
12100740
12105660
71240955
12115503
12120426
12125350
97947463
12135201
12140128
12145056
12149985
12154915
12159846
12164778
44861333
12174645
12179580
93029668
43248569
12194391
12199330
12204270
12209211
54717989
46994906
12224040
71775905
12233931
38807291
12243826
12248775
12253725
12258676
48467421
12268581
12273535
12278490
49356215
12288403
12293361
12298320
12303280
12308241
82256676
12318166
12323130
78815318
12333061
12338028
12342996
12347965
12352935
12357906
29540024
53177454
12372825
63786895
12382776
12387753
99671589
12397710
62814477
72982225
11526798
12417636
12422620
12427605
47907335
12437578
12442566
12447555
12452545
12457536
12462528
12467521
51783605
32079328
12482506
30866129
28942472
9190345
12502500
12507501
12512503
12517506
46966973
12527515
12532521
12537528
57070592
57951170
12552555
12557566
12562578
12567591
12572605
54732256
12582636
79677096
12592671
12597690
12602710
74412846
12612753
12617776
12622800
25960833
12632851
12637878
12642906
12647935
82269575
12657996
65788385
49585804
86235648
69364735
12683166
12688203
12693241
12698280
53111007
80217755
83772912
12718446
9392348
12728535
12733581
12738628
12743676
12748725
12753775
12758826
93809070
12768931
12773985
12779040
12784096
12789153
31575428
25661921
12804330
85802819
12814453
12819516
12824580
12829645
43764537
33823993
98401557
12581162
72107355
74249824
12865128
73683274
84735102
43672689
12885426
12890503
69167614
12900660
78299243
12910821
95489475
12920986
69039083
12931155
12936241
12941328
12946416
12951505
12956595
23196104
12966778
12971871
12976965
17861224
12987156
12992253
27593031
13002450
13007550
27321326
13017753
13022856
13027960
2521050
13038171
7917647
13048386
22067046
13058605
27013373
68371157
9397636
13079055
13084170
13089286
13094403
13099521
13104640
15141956
13114881
13120003
33517111
31171365
13135375
82766463
57213991
13150756
21718062
13161015
13166146
13171278
35719237
13181545
10318816
13191816
13196953
27437626
13207230
48475974
13217511
13222653
59796654
13232940
13238085
97695046
13248378
13253526
3676750
13263825
3788442
13274128
13279281
13284435
13289590
13294746
13299903
13305061
13310220
13315380
58071406
13325703
6056220
13336030
13341195
44565154
13351528
85621486
13361865
13367035
13372206
13377378
13382551
13387725
47023655
13398076
13403253
13408431
13413610
13418790
13423971
84697649
13434336
13439520
63174758
13449891
13455078
33173919
68040485
13470645
13475836
33727886
13486221
13491415
13496610
13501806
13507003
13512201
93087325
13522600
79905416
58783745
15664281
13543410
13548615
13553821
13559028
13564236
13569445
13574655
13579866
49233241
13590291
13595505
70935559
42688864
82510234
46317931
13621590
13626810
13632031
13637253
13642476
13647700
13652925
13658151
13663378
48666701
13673835
20275696
13684296
13689528
85804402
22880456
13705230
76627754
13715703
66860678
13726180
27929390
46537717
79883155
13747146
31890811
13757635
13762881
13768128
43080182
32515975
13783875
13789126
13794378
38646175
95753278
13810140
27471785
13820653
13825911
13831170
13836430
13841691
13846953
41257625
14928848
13862745
76651909
4893491
13878546
13883815
7344880
13894356
13899628
13904901
54188850
13915450
30891226
75913659
13931281
13936560
13941840
33094666
13952403
9289891
13962970
13968255
13973541
63071662
13984116
13989405
13184977
13999986
14005278
14010571
14015865
6684071
14026456
14031753
14037051
14042350
14047650
14052951
80501793
14063556
14068860
14074165
14079471
67349383
71705338
14095395
14100705
14106016
14111328
14116641
14121955
29768086
14132586
14137903
14143221
14148540
14153860
73898704
14164503
14169826
14175150
14180475
14185801
14191128
14196456
14201785
14207115
14212446
64771014
14223111
49351998
14233780
14239116
68037259
47958908
53251009
84599000
14265811
14271153
13295739
14281840
14287185
14292531
14297878
14303226
34906569
14313925
56468741
98876390
2495544
14335335
14340690
14346046
14351403
14356761
14362120
14367480
14372841
14378203
14383566
14388930
78926227
14399661
45085131
14410396
21603468
59741544
14426506
14431878
14437251
14442625
14448000
14453376
14458753
14464131
14469510
14474890
33775185
14485653
14491036
14496420
83683837
14507191
40782407
14517966
41978100
14528745
26101364
21273604
14544921
45951360
14555710
14561106
14566503
14571901
14577300
14582700
14588101
14593503
14598906
14604310
14609715
81347901
14620528
37193912
62319296
14636755
14642166
14647578
14652991
14658405
69967116
48841349
14674653
14680071
14685490
14690910
14696331
14701753
14707176
51989200
14718025
1439025
68694663
14734306
14739735
14745165
14750596
60688809
27667131
14766895
14772330
14777766
14783203
26908884
49580989
14799520
14804961
14810403
14815846
14821290
6633989
7318582
40856328
14843076
14848525
14853975
14859426
14864878
14870331
14875785
14881240
14886696
91267436
14897611
39098100
86591692
14913991
92649793
14924916
54977688
14935845
72654024
14946778
14952246
14957715
14963185
14968656
14974128
14979601
45211860
14990550
14996026
24836599
89463116
15012460
15017940
15023421
15028903
76474843
52753122
15045355
91567602
15056328
15061816
68420671
15072795
28078508
51789656
29749680
15094765
15100260
15105756
34363076
15116751
69609158
84611738
28651222
15138753
47251227
15149760
15155265
49116441
15166278
77699780
41712136
15182805
15188316
15193828
10815589
15204855
15210370
15215886
15221403
15226921
20930297
15237960
80824622
15249003
87043476
42537620
15265575
15271101
15276628
15282156
90241366
15293215
39861650
15304278
15309811
62399653
30723612
15326416
34445704
18596564
15343030
15348570
15354111
15359653
15365196
15370740
15376285
15381831
15387378
15392926
15398475
15404025
85969914
15415128
15420681
15426235
92327966
15437346
15442903
15448461
46876531
64256744
15465141
15470703
44493354
15481830
23152956
79730075
15498528
15504096
87753059
15515235
72301219
15526378
15531951
14701998
99870402
15548676
15554253
15559831
15565410
55410788
15576571
15582153
35795013
15593320
15598905
15604491
15610078
24542829
86138425
15626845
15632436
15638028
15643621
80357756
15654810
43349386
15666003
59407079
15677200
82314456
8777481
15694003
15699606
15705210
15710815
15716421
15722028
15727636
15733245
15738855
15744466
95576153
7520856
15761305
15766920
15772536
15778153
11272758
15789390
15795010
15800631
81117915
15811876
71054895
34484997
96364679
15834378
15840006
15845635
15851265
15856896
71771922
15868161
78978721
15879430
23272069
4573878
19469926
15901980
15907620
15913261
15918903
15924546
15930190
15935835
88870775
15947128
15952776
99271219
90164207
15969726
97114963
77729538
14701773
15992340
15997996
16003653
16009311
39479864
16020630
16026291
16031953
24544073
94645439
16048945
16054611
50800468
16065946
16071615
16077285
9339264
16088628
8669717
61360463
16105650
39826496
4190863
16122681
16128360
12689575
16139721
16145403
82329780
78635438
16162455
16168141
16173828
96173888
16185205
90413406
16196586
93287155
44962189
16213665
9358291
16225056
16230753
48535336
16242150
16247850
12192618
16259253
72218270
16270660
16276365
16282071
78037596
66775994
16299195
74528583
16310616
16316328
16322041
16327755
16333470
16339186
3283929
16350621
16356340
44000519
50876988
80613706
91336165
84002734
65598741
16396401
61495977
16407856
16413585
16419315
21680998
30040584
16436511
24337877
16447980
74466432
16459453
16465191
16470930
16476670
56765583
29523549
16493896
16499640
16505385
9795926
16516878
16522626
16528375
16534125
16539876
16545628
16551381
89326177
16562890
16568646
84621513
16580161
51788766
79498631
16597441
49266152
16608966
16614730
16620495
16626261
16632028
16637796
22206594
16649335
16655106
99229699
16666651
16672425
16678200
9162310
16689753
43569541
16701310
16707090
16712871
16718653
1572794
16730220
53110724
16741791
16747578
16753366
16759155
16764945
16770736
16776528
16782321
51198492
16793910
2346598
16805503
16811301
16817100
16822900
16828701
16834503
22925929
16846110
16851915
11498558
16863528
16869336
16875145
16880955
16886766
66414075
16898391
16904205
33580943
16915836
16921653
16927471
86968777
16939110
16944931
16950753
83171131
16962400
16968225
16974051
16979878
16985706
16991535
16997365
17003196
17009028
17014861
17020695
17026530
17032366
42344963
34209710
17049880
17055720
76120030
17067403
49063670
17079090
17084935
17090781
93839081
61293987
87908912
34143992
17120026
1757039
17131731
17137585
60951901
11820554
17155153
17161011
17166870
3639980
64309567
17184453
28377766
17196180
88068606
17207911
32745125
52583820
17225515
17231385
67345598
17243128
17249001
17254875
17260750
29394318
17272503
17278381
17284260
17290140
53255105
17301903
17307786
17313670
17319555
17325441
17331328
17337216
17343105
17348995
17354886
17360778
17366671
17372565
17378460
17384356
17390253
31898909
17402050
6189454
17413851
17419753
17425656
17431560
17437465
17443371
73463723
17455186
17461095
17467005
17472916
59435391
22863685
74559468
17496570
17502486
17508403
17514321
1046712
17526160
17532081
7936267
17543926
17549850
67200693
58185334
17567628
17573556
17579485
17585415
17591346
63499203
17603211
17609145
95104272
17621016
17626953
17632891
17638830
17644770
27322222
49494692
80942205
17668540
17674485
23817289
17686378
17692326
17698275
5643753
79941116
14904242
17722081
17728035
17733990
17739946
86530219
17751861
50294356
17763780
17769741
17775703
17781666
28554401
17793595
17799561
89234781
70524712
7015988
17823435
17829406
17835378
17841351
17847325
1625893
17859276
17865253
17871231
61176429
79056605
17889171
17895153
17901136
17907120
17913105
17919091
17925078
17931066
30847543
17943045
17949036
86019655
61348651
17967015
49756052
17979006
17985003
17991001
17997000
48907384
