8000
1
3
6
12378833
15
21
28
36
84044734
55
88585210
78
91
105
33422226
136
153
171
79938439
210
231
253
276
300
325
19362893
4833906
406
80797341
4720465
4753868
528
561
595
18756368
73695309
703
741
780
677198
19175217
903
946
10644629
57502554
1081
1128
1176
88601287
65689818
7493825
1378
1431
5948641
1540
1596
6468134
1711
1770
97953704
62756314
7745549
71005913
1494489
2145
2211
2278
62287899
2415
51575230
33786857
2628
2701
2775
2850
2926
3003
11384865
34569628
3240
3321
44270246
3486
3570
3655
3741
3828
87063098
4005
90252692
60640761
79749051
9612668
4465
4560
4656
4753
4851
82531019
68421257
5151
31222472
5356
5460
5565
5671
75449759
47271014
5995
6105
6216
6328
6441
24881400
6670
92244243
6903
7021
7140
7260
65779521
7503
7626
7750
41693055
8001
69900787
8256
8385
8515
34291568
8778
93812493
9045
9180
94228749
9453
27885742
9730
9870
10011
75868266
61030055
10440
82462644
10731
10878
11026
11175
11325
11476
6045794
31023314
70668115
12090
12246
4257875
12561
12720
12880
13041
56591320
45793765
44213401
13695
13861
31116758
96913039
45997047
14535
67486458
14878
15051
15225
15400
15576
15753
15931
91045881
60841648
16471
16653
7590482
17020
17205
17391
17578
64509777
17955
18145
76102249
18528
18721
18915
19110
19306
19503
19701
19900
20264719
20301
20503
20706
20910
21115
21321
21528
21736
21945
22155
22366
22578
22791
23005
49739043
71687505
23653
82747759
24090
24310
24531
24753
24976
25200
87440750
25651
25878
26106
26335
39798076
32390081
27028
27261
94579631
27730
60210892
90738718
28441
28680
75792971
29161
29403
29646
29890
30135
30381
30628
30876
31125
3969210
31626
31878
32131
32385
32640
32896
33153
33411
33670
33930
57792439
34453
34716
34980
35245
33410323
37869025
75260035
36315
36585
16962329
80452985
37401
37675
37950
38226
38503
38781
39060
39340
39621
39903
58420281
40470
79337730
41041
41328
6154437
72612860
42195
42486
42778
43071
43365
43660
94251645
44253
44551
44850
45150
45451
45753
46056
46360
46665
1885058
47278
24445758
47895
48205
88776899
48828
49141
2959055
54585917
26838506
50403
50721
45103225
51360
51681
63809974
52326
88794413
52975
53301
53628
4091746
12416556
54615
14506098
55278
55611
55945
56280
56616
56953
57291
26530231
57970
66161944
58653
58996
59340
49165844
60031
70161361
60726
26055031
61425
62069281
88700432
62481
11561854
63190
63546
63903
64261
64620
64980
65341
79030288
66066
66430
48769937
67161
67528
67896
77249078
68635
69006
60215706
69751
59058236
70500
70876
71253
71631
72010
74678762
72771
61170770
73536
73920
28815177
79542694
89112734
9596485
19500915
87182581
76636
37241570
77421
77815
78210
78606
79003
40454448
79800
80200
19679271
56264743
81406
81810
82215
45479830
83028
47612339
83845
84255
84666
85078
85491
85905
71948893
79218822
35244818
87571
87990
88410
88831
8169856
89676
90100
90525
90951
91378
91806
81743485
92665
93096
93528
93961
94395
94830
95266
95703
96141
44226679
97020
97461
97903
98346
98790
99235
99681
100128
100576
101025
101475
101926
102378
102831
103285
103740
104196
70119001
16202387
105570
106030
106491
106953
107416
107880
108345
99982627
43081690
109746
89908242
110685
111156
93132532
7582788
112575
113050
13329430
19976794
114481
39806036
82319061
69288571
116403
116886
117370
117855
118341
118828
119316
119805
120295
37354899
121278
121771
122265
58527149
40571912
123753
124251
124750
11784336
125751
126253
126756
85363606
127765
128271
128778
129286
129795
130305
130816
14555111
93285166
132355
18012917
133386
133903
7553923
134940
135460
135981
74296579
137026
36724238
138075
84908584
50470052
139656
140185
57333723
141246
141778
142311
142845
90589176
143916
58256263
144991
145530
82992437
146611
147153
147696
65335263
148785
149331
67612812
150426
150975
61823285
152076
152628
153181
153735
28803199
154846
28114477
64623152
156520
11113635
157641
14444159
82204725
15721487
159895
43538925
161028
161596
162165
76654926
163306
163878
6786377
165025
94304616
166176
166753
167331
167910
168490
169071
169653
170236
170820
171405
171991
172578
173166
173755
66010027
5089518
175528
176121
176715
62055275
177906
178503
59933172
179700
57621507
57933453
181503
182106
28037581
183315
183921
184528
6240319
185745
97463676
186966
187578
95555545
41736197
189420
28896354
15565797
81622006
72866294
192510
19822258
29845237
34970165
195000
195625
196251
196878
197506
198135
84099004
85361033
200028
200661
201295
201930
202566
75959477
30387060
204480
205120
205761
3322588
207046
207690
91484699
208981
209628
210276
44536057
211575
32462732
212878
213531
214185
39688756
93291064
216153
216811
217470
218130
218791
1448065
220116
220780
36243631
68013896
74380928
223446
224115
224785
225456
1850634
226801
29872804
71616919
228826
229503
18707170
91277946
231540
232221
36371327
91264017
234270
63600195
235641
236328
70885459
237705
92823360
59178183
60206405
240471
28671140
17377492
28883465
243253
243951
16826349
245350
246051
246753
43992335
248160
87464212
42885903
88321490
250986
80413336
252405
253116
253828
254541
79292532
255970
256686
4511587
90574151
8456660
259560
260281
261003
75374984
96317632
67824183
263901
61065496
265356
266085
41653756
66700512
77090963
269011
269745
20396425
35042560
271953
37880707
273430
53064186
274911
55779956
15922702
277140
277885
278631
279378
50453702
280875
281625
282376
49827537
283881
284635
75093056
286146
286903
287661
288420
289180
289941
290703
87839070
292230
292995
73137581
11365110
295296
296065
296835
66625521
76152806
86883496
299925
300700
93303384
66055850
303031
61268090
14710805
65229050
54873851
306936
307720
308505
50877087
310078
310866
311655
59735483
313236
314028
314821
315615
316410
317206
57947624
318801
3026123
49802724
15097010
322003
8501404
323610
324415
325221
61148084
326836
327645
328455
329266
330078
40736007
93151911
332520
62846025
334153
72862808
335790
336610
24245000
338253
14319041
2191644
70805328
341551
29273483
343206
287992
344865
345696
346528
347361
84967395
349030
349866
350703
351541
54770888
10660090
62018302
354903
355746
90304071
357435
54694485
359128
14197580
57610587
361675
362526
363378
364231
365085
86259347
366796
77524169
368511
10727012
370230
55706925
22346832
8207532
67511809
75061428
375411
376278
377146
378015
378885
379756
380628
381501
56953246
383250
87725772
91093900
385881
386760
387640
388521
46912053
390286
49333334
81956947
19082679
393828
394716
40469973
396495
397386
398278
399171
400065
400960
401856
402753
22380823
404550
69423751
406351
407253
68379236
409060
409965
3233831
66995359
64930944
413595
414505
14877927
416328
417241
43509306
419070
80186917
420903
421821
422740
423660
424581
425503
426426
50387496
428275
429201
43202141
431056
431985
432915
433846
434778
435711
436645
95679723
3201270
439453
440391
441330
442270
39225971
444153
91983654
59640021
446985
447931
448878
449826
450775
451725
452676
85049968
454581
455535
456490
457446
458403
88600223
460320
66564844
45756238
463203
464166
28488477
466095
85900371
49369018
95346800
469965
470935
18361733
472878
473851
92889273
475800
13354818
477753
62526428
20985402
480690
18918261
482653
483636
484620
485605
486591
77406665
488566
489555
22038824
491536
492528
493521
494515
495510
496506
497503
498501
499500
500500
67003856
502503
503506
504510
86592256
506521
11133708
508536
60605077
510555
511566
63474364
513591
514605
515620
32881257
517653
518671
519690
32401302
98179364
522753
523776
59115407
525825
526851
527878
528906
529935
530965
65499766
533028
534061
86585471
536130
537166
538203
539241
540280
29667466
542361
543403
544446
545490
546535
547581
548628
549676
550725
551775
39731836
553878
97382428
555985
557040
558096
559153
560211
561270
562330
563391
564453
565516
566580
567645
568711
569778
570846
571915
12226329
20497522
49317816
33922673
577275
46239336
579426
42507990
1599301
582660
583740
56830343
585903
13867494
588070
15343268
590241
95393879
592416
46212465
594595
595686
596778
51005765
60876677
74780026
61370085
19834463
603351
604450
605550
33469235
91262110
6043147
25134104
611065
96502071
613278
614386
615495
616605
617716
66736241
619941
621055
73451318
623286
624403
85964009
626640
627760
628881
630003
631126
36740170
40489579
634501
635628
636756
637885
639015
640146
641278
642411
44009899
644680
55113511
646953
82644244
65205062
95470311
651511
652653
2649095
33154330
656085
657231
658378
659526
660675
661825
69862973
664128
665281
666435
41402661
89144186
72224595
671061
672220
60446364
674541
68591437
80384497
87251226
679195
680361
681528
682696
30120899
685035
686206
687378
688551
689725
82240310
23826913
8220725
694431
4383198
696790
80158738
699153
700336
48145657
74955707
45107684
705078
706266
707455
66703154
709836
711028
712221
713415
714610
715806
717003
718201
35556753
720600
721801
72085109
724206
725410
726615
727821
729028
730236
43542305
77398087
733866
735078
30561741
737505
78995957
739936
95662838
26738067
743590
744810
71267223
747253
748476
87710583
37219624
752151
22415894
754606
755835
78253399
93301038
759528
760761
53957661
763230
764466
765703
766941
768180
769420
770661
11611322
773146
73635963
9679634
776881
43795201
779376
780625
40333990
783126
784378
75066157
99637933
788140
789396
790653
77597422
793170
794430
795691
34161010
798216
2189524
800745
802011
803278
804546
805815
807085
808356
37055282
810901
812175
813450
814726
816003
817281
818560
819840
821121
42436292
4847315
824970
826255
827541
50075452
830116
99189932
832695
79490061
835278
38301708
65565818
76518738
840456
841753
30684518
844350
845650
59148442
80488934
849556
850860
852165
46241778
854778
856086
97709424
858705
860016
861328
862641
863955
64158605
866586
67994866
44738860
870540
871860
73264469
874503
875826
97180371
878475
879801
30415430
11034996
4975982
885115
99566659
80009423
889111
890445
891780
64002788
894453
895791
89437490
48930380
56074839
901153
57691238
903840
96467263
5373006
53933911
3194717
910575
911925
913276
914628
915981
917335
13525962
920046
37972764
922761
924120
925480
9037329
93185090
929566
930930
39213032
933661
13857128
936396
937765
939135
940506
941878
943251
944625
946000
947376
948753
950131
951510
95431956
954271
955653
957036
958420
959805
961191
962578
963966
965355
966745
968136
16859243
42011865
94600135
973710
41492924
976503
5845198
41208215
980700
982101
983503
984906
986310
69883783
16318020
990528
991936
49755998
22880338
996166
27030567
998991
1509604
1001820
84269025
1004653
55067106
1007490
1008910
31494735
1011753
1013176
1014600
1016025
1017451
1018878
1020306
1021735
1023165
1024596
1026028
1027461
1028895
1030330
1031766
28826036
1034641
1036080
1037520
1038961
1040403
1041846
2316688
1044735
1046181
1047628
96692774
1050525
71240223
1053426
1054878
76104111
1057785
1059240
1060696
10431428
1063611
1065070
87695342
1067991
52163134
1070916
1072380
1073845
1075311
23114780
1078246
1079715
22893160
25558708
1084128
1085601
1087075
1088550
1090026
1091503
1092981
1094460
1095940
86617523
1098903
1100386
1101870
65587081
33380197
1106328
1107816
12391363
62463314
1112286
1113778
1115271
1116765
1118260
45640689
1121253
80971712
27177458
1125750
1127251
1128753
1130256
70024562
1133265
94898612
1136278
1137786
1139295
13811339
1142316
24434845
1145341
1146855
65431219
1149886
1151403
1152921
1154440
55559247
1157481
1159003
97517700
44306214
61356305
1165101
23245254
26940128
90186297
1171215
1172746
1174278
1175811
1177345
1178880
1180416
46626644
18016552
1185030
1186570
60349908
1189653
68426584
1192740
1194285
1195831
80168903
60760150
1200475
57543235
47229927
1205128
39109252
1208235
1209790
1211346
35921569
1214461
1216020
1217580
1219141
1220703
69919863
78840346
37492290
1226961
1228528
1230096
1231665
14477580
1234806
1236378
15906323
1239525
54742493
1242676
1244253
1245831
1247410
1248990
1250571
74861637
1253736
19830277
1256905
69244530
1260078
48819376
1263255
1264845
1266436
1268028
1269621
1271215
58255195
98082837
1276003
1277601
1279200
29885540
57115358
1284003
1285606
1287210
68611495
1290421
1292028
12832536
1295245
47435992
1298466
29356819
1301691
1303305
1304920
1306536
27116410
61587195
1311390
1313010
1314631
37501502
10879284
1319500
1321125
80549136
94360888
1326006
42387695
1329265
1330896
1332528
25485260
1335795
1337430
4592976
1340703
1342341
37253363
1345620
13621530
1348903
1350546
1352190
1353835
1355481
1357128
1358776
1360425
27899999
1363726
1365378
1367031
1368685
34723210
13725341
1373653
1375311
1376970
97344625
1380291
40806544
1383616
1385280
42075029
1388611
1390278
1391946
46111437
1395285
1396956
1398628
1400301
1401975
1403650
1405326
1407003
1408681
1410360
10948945
1413721
1415403
1417086
92628605
1420455
1422141
1423828
26709451
98564553
93393624
1430586
15701504
1433971
1435665
1437360
1439056
88429116
1442451
53253177
74962107
1447551
1449253
1450956
35697781
30481564
1456071
60317995
17321425
71600572
1462905
1464616
72289588
1468041
1469755
1471470
68876116
1474903
1476621
1478340
1480060
67317134
13601880
77860788
1486950
1488675
1490401
1492128
55422471
1495585
1497315
1499046
1500778
1502511
1504245
1505980
1507716
1509453
21316187
1512930
1514670
48488150
1518153
1519896
1521640
1523385
1525131
1526878
1528626
1530375
1532125
91929385
1535628
1537381
1539135
1540890
1542646
1544403
1546161
1547920
1549680
1551441
64093341
23150644
1556730
1558495
1560261
51068127
79336345
1565565
1567335
1569106
1570878
1572651
1574425
1576200
53341415
1579753
1581531
1583310
1585090
1586871
1588653
1590436
93901382
1594005
21557458
1597578
90482425
1601155
1602945
60376522
1606528
62736743
77345660
1611910
23299364
92778043
1617301
76198234
63864930
1622701
1624503
566156
1628110
1629915
1631721
1633528
94927485
1637145
1638955
1640766
1642578
39090793
1646205
46690611
1649836
13568486
62678498
1655290
34005094
1658931
62228061
1662576
1664400
1505551
85142482
1669878
1671706
1673535
10092498
7037697
70224861
98012902
1682695
22896943
1686366
31876774
1690041
1691880
1693720
1695561
26627275
8187406
1701090
1702935
1704781
68655118
1708476
1710325
1712175
27057730
1715878
1717731
10686118
1721440
46243340
1725153
1727011
44442614
18884763
1732591
37462631
84245752
1738180
1740045
48608894
11212518
46452628
1747515
1749385
78315089
1753128
31449772
1756875
1758750
57656280
1762503
1764381
1766260
1768140
46743997
1771903
29245638
1775670
1777555
1779441
1781328
89250387
28864691
1786995
1788886
1790778
1792671
1794565
1796460
1798356
1800253
72173074
1804050
75707130
1807851
1809753
39232521
1813560
1815465
1817371
1819278
98229332
1823095
1825005
1826916
99627545
65379247
23210167
1834570
41983888
41344625
82260690
1842240
83208787
72909270
77255578
1849926
17080251
1853775
12938844
1857628
6981731
1861485
1863415
1865346
34580128
1869211
1871145
1873080
87787256
1876953
1878891
1880830
99156602
88220125
80492230
1888596
11587026
13366110
71803382
1896378
1898326
1900275
1902225
1904176
49231726
1908081
1910035
1911990
1913946
1915903
68800960
93419096
10080131
41757899
1925703
1927666
76737728
1931595
70627584
71284616
1937496
53585019
1941435
1943406
1945378
41415455
1949325
1951300
1953276
75569576
46880759
1959210
1961190
1963171
1965153
1967136
1969120
1971105
1973091
76120473
71181943
1979055
1981045
1983036
1985028
1987021
19823713
1991010
1993006
1995003
1997001
62353919
2001000
2003001
2005003
2007006
2009010
2011015
2013021
81145378
2017036
2019045
2021055
2023066
2025078
2027091
2029105
2031120
24108614
2035153
69193144
2039190
2041210
19236872
2045253
48511461
11988619
20665071
2053351
2055378
2057406
17536404
2061465
2063496
2065528
44650514
2069595
56492200
2484433
18528952
53538852
2079780
2081820
94956565
51105189
77111868
2089990
2092035
2094081
2096128
2098176
2100225
27184185
2104326
2106378
48093210
52842081
2112540
2114596
27131300
72171343
2120770
2122830
2124891
89857120
28169845
2131080
2133145
84646236
2137278
82537985
78797661
2143485
2145556
2147628
87124363
2151775
92716009
2155926
2158003
2160081
2162160
2164240
2166321
37403163
2170486
36395668
2174655
2176741
2178828
23444717
32666282
2185095
18059142
26402379
64677585
2193465
62104083
2197656
89608703
2201851
48971980
2206050
85263483
26300789
2212356
17478272
2216565
2218671
2220778
2222886
83192743
5869800
95856361
1515846
2233441
2235555
9554241
18972859
2241903
2244021
2246140
4325675
2250381
2252503
5742297
46942711
85034785
2261001
2263128
2265256
2267385
60261795
2271646
58549961
56877411
2278045
8601140
15725112
73900893
82356472
2288730
2290870
88328628
33600536
2297296
2299440
2301585
22163985
2305878
2308026
44112466
2312325
87701245
40811116
2318781
52800366
46475229
2325246
2327403
14484599
2331720
2333880
2336041
2338203
2340366
2342530
2344695
2346861
2349028
2351196
2353365
2355535
2357706
2359878
2362051
5297442
19517049
2368576
2370753
2372931
47799195
2377290
2379471
73613762
2383836
76914011
21991898
2390391
2392578
2394766
2396955
2399145
2401336
2403528
2405721
2407915
2410110
19855378
2414503
2416701
2418900
57144871
2423301
2425503
11099527
2429910
92089922
2434321
81771602
17832053
2440945
77801002
15456413
2447578
42265185
2452005
2454220
2456436
2458653
2460871
62104127
2465310
2467531
24480957
2471976
2474200
2476425
18905968
44456952
51323435
2485335
2487565
2489796
5177876
2494261
2496495
2498730
2500966
2503203
2505441
2507680
50221021
46413149
2514403
2516646
2518890
72499239
2523381
2525628
2527876
2530125
2532375
2534626
93898658
69991022
88552936
2543640
2545896
2548153
20557701
2552670
66818103
2557191
2559453
2561716
2563980
65071558
2568511
6719507
60300282
2575315
14606016
2579856
2582128
69446437
2586675
2588950
2591226
84862175
82180294
2598060
82450302
2602621
2604903
20567253
38215188
2611755
2614041
51451193
2618616
15310458
2623195
69943116
40635638
37528514
15557114
2634660
65108252
46922635
2641551
2643850
2646150
2648451
2650753
2653056
2655360
69965454
71050766
2662278
2664586
90005300
39586619
28829568
2673828
2676141
42762462
2680770
73898542
10994652
61169913
2690040
14028465
2694681
31036871
2699326
81806752
2703975
2706301
2708628
21031131
2713285
67635736
77483436
2720278
61429969
2724945
58278969
53645358
2731953
2734291
2736630
2738970
2741311
2743653
2745996
2748340
2750685
2753031
2755378
2757726
2760075
2762425
70894558
2767128
65623031
2771835
2774190
2776546
2778903
96498464
66096222
76453683
2788341
2790703
2793066
2795430
12858506
94311054
2802528
9602259
2807265
61350213
2812006
2814378
2816751
2819125
2821500
10152555
4316315
20545514
2831010
2833390
30211321
2838153
2840536
2842920
68754014
85874660
2850078
2852466
2854855
2857245
2859636
2862028
88436373
56314117
2717854
2871606
40601509
2876401
2878800
94922032
2441067
2886003
2888406
2890810
98684554
2895621
2898028
2900436
2902845
2905255
2907666
2910078
41243927
96770037
2917320
10423730
2922153
2924571
2926990
47199959
78706394
17062973
36143536
36645371
2941525
2943951
2946378
2948806
2951235
2953665
2956096
63772274
2960961
2963395
2965830
2968266
2970703
2973141
48538876
2978020
2980461
2982903
2985346
13256579
2990235
2992681
68142003
32355995
91136244
3002475
3004926
69793351
3009831
4150401
3014740
3017196
3019653
3022111
3024570
3027030
53333428
3031953
3034416
3036880
3039345
507058
95297481
3046746
3049215
3051685
3054156
3056628
3059101
3061575
3064050
3066526
75473214
3071481
95450175
69872586
3078921
14035361
3083886
3086370
3088855
3091341
3093828
84813521
81255925
3101295
3103786
3106278
3108771
3111265
95722792
3116256
3118753
99605953
31390937
18344459
92397940
3131253
3133756
86996614
38735034
3141271
82043704
3146286
96388742
3151305
3153816
3156328
84466683
3161355
3163870
3166386
3168903
3171421
23833646
3176460
3178981
99453340
3184026
3186550
3189075
3191601
93695221
56005372
3199185
3201715
3204246
3206778
3209311
3211845
5774855
62547049
3219453
3221991
3224530
3227070
3229611
14575174
47350383
3237240
3239785
3242331
3244878
3247426
3249975
3252525
3255076
3257628
3260181
63073953
3265290
69582647
3270403
57027681
3275520
3278080
44911392
3283203
3285766
47894464
13545869
361599
3296028
3298596
3301165
3303735
44939258
3308878
3311451
58131505
3316600
67318060
79507869
3324331
3326910
80955530
64502178
3334653
63234205
40472970
3342405
3344991
52491978
3350166
3352755
3355345
3357936
3360528
3363121
3365715
3368310
3370906
3373503
3376101
3378700
3381300
71830390
3386503
17391521
3391710
3394315
3396921
3399528
34117161
3404745
3407355
3409966
49746124
3415191
3417805
3420420
3423036
3425653
64264850
32037561
85837830
3436131
3438753
3441376
90737139
3446625
3449251
3451878
3454506
785775
3459765
80156522
45595137
3467661
65259141
3472930
86356552
3478203
28984022
3483480
3486120
66323841
6030358
3494046
3496690
3499335
3501981
3504628
3507276
3509925
3512575
3515226
90283303
3520531
73383327
3525840
3528496
3531153
3533811
16546419
38910409
34261526
3544453
53148757
3549780
3552445
3555111
3557778
91650724
3563115
3565785
3568456
3571128
3573801
74188601
3579150
83965818
3584503
27134118
3589860
3592540
93100536
3597903
3600586
3603270
3605955
38459668
99648861
3614016
28959258
3619395
8102398
3624778
95763383
79900995
3632860
3635556
3638253
3640951
3643650
3646350
3649051
15007854
3654456
3657160
3659865
71358183
3665278
3667986
3670695
11194664
4411394
3678828
97347880
3684255
3686970
3689686
3692403
92267415
3697840
74926420
3703281
3706003
3708726
3711450
3714175
3716901
3719628
3722356
3725085
20699585
65691700
60507147
28668504
63605176
3741480
91626414
71718929
3749691
3752430
8220965
82781072
3760653
3763396
3766140
3768885
48751006
67394030
3777126
61923457
99154204
3785376
3788128
3790881
3793635
56834010
3799146
40870415
43022530
83658874
3810180
3812941
20122059
3818466
85490079
3823995
3826761
3829528
3832296
67202081
3837835
3840606
3843378
3846151
3848925
3851700
3854476
26320954
3860031
3862810
3865590
3770706
3871153
6136346
3876720
3879505
71712651
3885078
3887866
7064497
3893445
3896236
3899028
3901821
3904615
3907410
75198202
43620905
16327906
3918600
3921400
3924201
3927003
3929806
31762722
3935415
3938221
75145465
3943836
3946645
3949455
32265149
88732351
95292588
48295693
3963520
3966336
3969153
71799910
3974790
3977610
3980431
64975735
3986076
55554187
19831767
3994551
3997378
4000206
86490029
4005865
4008696
1108462
7274301
83014789
38069801
4022866
4025703
4028541
4917239
4034220
69741342
4039903
4042746
4045590
45656434
4051281
69690176
4056976
4059825
77210600
19424673
4068378
4071231
4074085
14930639
4079796
4082653
4085511
79280413
4091230
4094091
75257259
4099816
4102680
8860093
65986351
74043454
99354369
4117015
4119885
367312
38932088
4128501
52607051
4134250
4137126
97597608
4142881
25311108
4148640
4151521
6128025
87465741
82703971
4163055
4165941
4168828
4171716
4174605
4177495
39623031
4183278
4186171
16007394
4191960
26555967
4197753
29123777
4203550
93256005
96480803
70363894
4215156
4218060
43169879
4223871
4226778
4229686
64041469
39438614
4238416
48806125
4244241
4247155
4250070
4252986
4255903
4258821
4261740
4264660
4267581
910499
94336191
4276350
4279275
4282201
4285128
24542917
4290985
82650493
92118378
95531412
4302711
4305645
90067525
8554232
4314453
4317391
4320330
60670184
10268847
4329153
4332096
4335040
33399230
4340931
79064882
4346826
4349775
54579899
4355676
4358628
4361581
4364535
54205400
78959861
4373403
4376361
4379320
4382280
71248833
4388203
4391166
4394130
4397095
96162164
88628514
4405996
9335135
4411935
98125967
4417878
4420851
4423825
4426800
97842559
11963616
23513897
4438710
10657902
3128665
4447653
4450636
4453620
66638944
79410199
4462578
37407657
63004327
73437182
4474536
4477528
44863869
4483515
4486510
4489506
4492503
4495501
4498500
54230057
75485569
4507503
4510506
61003678
62745718
4519521
4522528
4525536
4528545
4531555
4534566
65068557
4540591
4543605
4546620
4549636
4552653
4555671
4558690
4561710
4564731
4567753
4570776
4573800
4576825
4579851
4582878
4585906
4588935
4591965
4594996
4598028
73404543
4604095
4607130
4610166
4613203
4616241
24082907
79174567
4625361
4628403
4631446
4634490
4637535
29967789
4643628
4646676
4649725
4652775
4655826
4658878
53516907
4664985
4668040
4671096
4804563
4677211
4680270
4683330
4686391
4689453
4692516
4695580
4698645
54966043
4704778
4707846
4710915
4713985
4717056
4720128
4723201
94349387
16779535
4732426
62772145
4738581
4741660
4744740
4747821
4750903
4753986
4757070
60060017
32047501
3418012
4769416
4772505
10125053
68818587
4781778
4784871
4787965
63788569
4794156
4797253
4800351
4803450
4806550
17314133
4812753
4815856
24251836
4822065
4825171
4828278
4831386
4834495
4837605
4840716
4843828
83901191
4850055
10159627
4856286
4859403
4862521
4865640
4868760
4871881
4875003
16891200
4881250
92473803
4887501
4890628
4893756
4896885
4900015
65930478
9213223
4909411
93674755
24287789
4918816
4921953
4925091
4928230
4931370
4777215
4937653
4940796
83114628
4947085
4950231
4953378
4956526
25745488
4962825
4965976
4969128
14552346
9187234
61585434
4807949
4984903
15510508
4991220
4994380
4997541
5000703
5003866
21666391
40888913
5013361
79832802
5019696
5022865
42512457
49441433
5032378
3637742
5038725
61389089
5045076
5048253
5051431
5054610
5057790
87968795
26728508
40087307
34573924
5073705
5076891
5080078
5083266
5086455
8932510
5092836
5096028
84551058
5102415
5105610
5108806
5112003
5115201
5118400
87781160
5124801
5128003
5131206
5134410
5137615
2829696
5144028
5147236
40354094
5153655
5156866
5160078
5163291
5166505
5169720
5172936
5176153
5179371
5182590
5185810
5189031
55486054
67470927
5198700
53552764
59086810
5208378
5211606
5214835
13531381
5221296
80087376
5227761
5230995
5234230
5237466
5240703
5243941
5247180
74210050
8903427
76759990
5260146
5263390
5266635
5269881
5273128
11050683
5279625
5282875
5286126
48807881
17329877
5295885
3743194
33076303
5305653
5308911
5312170
5315430
5318691
10426609
5325216
5328480
5331745
5335011
57938061
64041994
5344815
5348085
5351356
5354628
19939287
5361175
5364450
5367726
60230410
5374281
43963086
5380840
5384121
5387403
5390686
5393970
5397255
5400541
5403828
16953946
5410405
5413695
5416986
5420278
55174196
5426865
5430160
5433456
5436753
32410605
76176129
5446650
82011595
5453253
27748904
5459860
54279896
5466471
5469778
5473086
5476395
5479705
80149316
89828500
5489641
5492955
99347337
73583140
5502903
32629252
5509540
5512860
5516181
5519503
5522826
5526150
92810424
5532801
10803372
96512786
5542785
66926166
5549446
5552778
33476114
50111945
5562780
90611970
5569453
5572791
13592141
24114989
12203258
5586153
5589496
5592840
21899797
5599531
5602878
5606226
5609575
5612925
5616276
5619628
5622981
16085520
5629690
5633046
5636403
71964506
5643120
5646480
5649841
5653203
5656566
5659930
5663295
73070932
87072836
69151586
5676765
5680135
10842622
2078503
92597636
5693625
5697000
23989016
5703753
27288047
5710510
5713890
48518949
5720653
44410327
99540528
83344325
5734191
84605184
5740966
79887574
5747745
5751136
5754528
89466216
92541181
1864166
5768106
66957229
22121645
5778300
5781700
95350400
54160565
5791906
5795310
5798715
5802121
18660559
5808936
74901198
12579024
5819166
86337704
49841534
30112223
63713463
23618154
5839653
5843071
5846490
5849910
5853331
5856753
35383007
6201010
5867025
87697788
35147179
5877306
5880735
5884165
62815085
56740085
20817303
5897895
5901330
79602478
5908203
95833837
13378
5918520
5921961
23253498
5928846
89037993
5935735
6011926
5942628
5946076
5949525
5952975
5956426
5959878
5963331
21043547
5970240
5973696
5977153
5980611
5984070
5987530
5990991
78294807
28317435
6001380
6004845
6008311
6011778
6015246
6018715
58548490
17716041
25201768
6032601
6036075
10938960
40548092
37604236
6049981
6053460
95988990
6060421
6063903
6067386
6070870
6074355
6077841
6081328
91219565
6088305
74181704
6095286
6098778
6102271
6105765
48599498
99313048
6116253
6672172
6123250
49970373
6130251
67562861
6137256
6140760
72994772
3981861
63960959
6154786
6158295
67298175
19667461
32832447
51489474
6175855
6179370
6182886
6186403
6189921
6193440
66871981
6200481
15660678
6207526
6211050
6214575
6218101
6221628
6225156
6228685
6232215
12616137
6239278
6242811
6246345
36958272
6253416
6256953
6260491
73761005
6267570
94715714
61856021
6278196
6281740
64004258
6288831
6292378
6295926
6299475
6303025
6306576
29688156
6313681
72234426
6320790
6324346
6327903
8117917
6335020
85660138
6342141
6345703
92184743
6352830
86904959
6359961
6363528
6367096
6370665
17197421
6377806
6381378
6384951
6388525
6392100
6395676
6399253
6402831
6406410
6409990
6413571
6417153
6420736
6424320
6427905
6431491
6435078
6438666
6442255
6445845
12218446
6453028
6456621
6460215
61943700
61720574
6471003
47142388
51740130
6481800
6485401
74649874
69219004
26145065
11077815
6503421
6507028
26696207
6514245
6517855
6521466
5493710
6528691
6532305
6535920
6539536
43384199
6546771
6550390
6554010
76092578
6561253
6564876
6568500
6572125
6575751
6579378
6583006
12815121
6590265
60585348
6597528
6601161
6604795
6608430
6612066
6615703
6619341
11766391
6626620
6630261
6633903
6637546
6641190
60972200
872303
27863908
6655776
62461183
6663075
52209761
6670378
21940827
6677685
35021261
6684996
6688653
6692311
6695970
9940514
6703291
98329772
98368901
6714280
6717945
42278132
6725278
11973494
27834796
33578229
6739956
6743628
6747301
6750975
6754650
6758326
6762003
29662035
6769360
6773040
6776721
6780403
90271351
6787770
78289398
15783540
6798828
1814133
64492308
6809895
6813586
6817278
6820971
6824665
6828360
6832056
93454113
6839451
19583074
16154973
6850551
6854253
70215787
6861660
6865365
2337354
6872778
71800538
6880195
6883905
10126705
6891328
13912619
6898755
6902470
11496138
37118856
71226530
2840934
6921060
86820681
6928503
48043063
6935950
6939675
6943401
6947128
47533717
6954585
6958315
6962046
61931588
6969511
20755051
6976980
6980716
6984453
69824455
6991930
6995670
6999411
7003153
7006896
36957712
7014385
7018131
7021878
7025626
7029375
7033125
95538336
7040628
86144301
7048135
7051890
37675947
7059403
7063161
7066920
88943571
7074441
7078203
7081966
64632693
71969792
15828845
61180496
7100796
39567242
7108335
7112106
7115878
7119651
7123425
5078744
41778155
7134753
7138531
7142310
7146090
7149871
7153653
7157436
7161220
7165005
7168791
7172578
44834882
7180155
48302241
80675413
17603194
7908067
71999531
7202910
49402437
7210503
74476282
622554
7221900
7225701
21367901
7233306
7237110
7240915
7244721
39778766
56011980
61408116
57917256
22312696
7267578
7271391
49212148
37443046
7800495
7286653
25221140
18295983
7298110
7301931
7305753
99259095
7313400
7317225
7321051
7324878
7328706
3200436
7336365
7340196
55404423
7347861
7351695
7355530
7359366
7363203
7367041
97181587
7374720
99879830
7382403
7386246
7390090
7393935
71644157
77802876
7405476
7409325
7413175
7417026
7420878
7424731
7428585
30689099
7436296
7440153
7444011
7447870
7451730
7455591
7459453
7463316
42401349
7471045
7474911
14448251
7482646
7486515
97292231
86549719
7498128
7502001
7505875
7509750
7513626
7517503
7521381
7525260
7529140
69166709
7536903
82729164
46440771
74688854
7552441
7556328
23667594
3339252
7567995
7571886
7575778
67286941
7583565
7587460
7591356
7595253
82243480
7603050
7606950
7610851
7614753
7618656
13157340
7626465
7630371
7634278
72706078
7642095
42931090
7649916
7653828
35853199
19391441
7665570
54666075
7673403
6505123
7681240
7685160
7689081
92078442
94720699
7700850
7704775
58600581
7712628
20263967
7720485
7724415
7728346
7732278
7736211
7740145
6967569
7748016
7751953
7755891
48240542
7763770
7767711
7771653
7775596
648213
7783485
7787431
7791378
7795326
75241459
53343905
7807176
7811128
39283506
82427490
72970804
7826946
60782960
2291396
7838820
60024629
8124327
7850703
11940313
85184034
7862595
7866561
7870528
45373683
7878465
7882435
7886406
22573220
20383271
7898325
7902300
7906276
7910253
7914231
7918210
7922190
7926171
7930153
67102223
7938120
7942105
7946091
7950078
7954066
7958055
3392904
7966036
7970028
7974021
3685138
68660695
78435812
7990003
43626223
96600059
8002000
8006001
8010003
8014006
8018010
8022015
70755578
8030028
8034036
65344640
94893525
8046066
81168967
90653181
8058105
78541864
8066136
8070153
8074171
19847959
8082210
8086231
24125673
8094276
8098300
8102325
29204715
8110378
8114406
8118435
8122465
8126496
18786976
32413291
8138595
67618405
8146666
8150703
8154741
8158780
8162820
78818788
8170903
30220351
76320849
11602983
93171753
8191128
64776779
8199225
8203275
8207326
8211378
8215431
78917733
8223540
8227596
8231653
8235711
8239770
8243830
8247891
5236785
8256016
8260080
8264145
8268211
8272278
8276346
8280415
8284485
69356819
8292628
95454401
8300775
8304850
8308926
479504
6894978
8321160
8325240
24736347
8333403
8337486
8341570
8345655
8349741
8353828
22727514
8362005
8366095
75243407
34417979
8378371
62130877
97146041
32807183
8394753
8398851
8402950
8407050
52394233
8415253
8419356
8423460
8427565
92035001
159139
8439886
8443995
8448105
8452216
8456328
48571498
8464555
8468670
8472786
8476903
8481021
92372384
8489260
8493381
15862422
8501626
82585527
8509875
8514001
73166609
8522256
8526385
8530515
8534646
72934874
8542911
8547045
8551180
42244042
8559453
8563591
8567730
8571870
8576011
85922833
8584296
8588440
8592585
81407743
44314943
8605026
8609175
71793535
8617476
89387246
8625781
8629935
8634090
55397538
8642403
10135500
8650720
33254528
8659041
51864754
56779665
8671530
8675695
8679861
37525941
8688196
26697328
8696535
8700706
8704878
8709051
8713225
8717400
8721576
1113119
8729931
35694765
44478739
62930144
8746653
8750836
8755020
8759205
8763391
8767578
17512432
46069122
8780145
18624514
8788528
82449364
95441137
8801110
85295643
53225548
8022923
8817900
70792587
8826301
8830503
8834706
8838910
8843115
8847321
1916522
8855736
6533915
8864155
8868366
66124432
8876791
61267410
8885220
8889436
8893653
8897871
8902090
8906310
37349687
35281024
8918976
8923200
24102250
8931651
8935878
8940106
71642380
8948565
96103838
8957028
8961261
8965495
8969730
8973966
96164159
8982441
8986680
8990920
8995161
23181827
94198254
9007890
9012135
9016381
9020628
9024876
57641822
9033375
9037626
9041878
9046131
9050385
9054640
50671534
9063153
70139607
9071670
9075930
9080191
73835237
9088716
9092980
9097245
19604256
91230620
9110046
10407975
9118585
9122856
9127128
46991741
9135675
9139950
9144226
15034959
9152781
9157060
9161340
9165621
9169903
9174186
72610436
9182755
4049136
9191328
67780602
9199905
9204195
9208486
9212778
3930373
9221365
9225660
41464358
9234253
9238551
9242850
9247150
9251451
9255753
9260056
9264360
59878653
81294688
9277278
9281586
9285895
20825199
75933964
73994483
9303141
9307455
9311770
12281756
9320403
9324721
9329040
9333360
9448095
9342003
9346326
9350650
9354975
9359301
9363628
9367956
9372285
73717418
49051820
94223225
9389611
32760075
2813852
9402616
34044247
70143113
9415630
60241155
9424311
9428653
9432996
9437340
9441685
9446031
9450378
9454726
9459075
1731023
9467776
9472128
9476481
9480835
9485190
9489546
44298239
9498261
35515358
9506980
9511341
9515703
53932918
9524430
9528795
9533161
9537528
76930954
9546265
190224
9555006
10681306
566405
9568125
9572500
47085625
9581253
1353514
80498033
9594390
33411426
9603153
9607536
16427988
21421859
9620691
9625078
86966698
9633855
9638245
9642636
55622585
54209162
9655815
57701488
9664606
62227544
12742481
63150161
81034009
9686601
9691003
9695406
9699810
9704215
9708621
1763521
9717436
9721845
9726255
9730666
9735078
9739491
9743905
9748320
35100604
61061669
9761571
9765990
9770410
3569136
9779253
27251491
9788100
8071871
81730124
86097192
67847277
9810235
9814665
65362658
9823528
54600712
85961677
93027994
9841266
90645141
18923163
9854580
9859020
9863461
9867903
9872346
9876790
1643367
9885681
9890128
9894576
43047192
7621430
286164
75209769
20579926
9921285
9925740
9930196
9934653
26150116
9943570
9948030
9952491
9956953
9961416
99210002
9970345
9974811
80474487
9983746
9988215
733256
9997156
65654798
10006101
10010575
26899596
10019526
10024003
10028481
10640167
10037440
7216370
10046403
40942603
10055370
10059855
10064341
38672934
10073316
10077805
10082295
10086786
10091278
39291084
10100265
10104760
5135844
36677498
46412840
89763099
10127250
10131751
47651685
21627734
10145260
7993705
14709494
18782708
10163286
8063776
30093808
10176816
26017243
10185841
10190355
10194870
17218285
39066609
10208421
29804021
10217460
10221981
10226503
10231026
10235550
10240075
10244601
10249128
10253656
10258185
15892854
10267246
10271778
10276311
10280845
14141822
10289916
10294453
10298991
12988071
10308070
10312611
38696041
10321696
10326240
10330785
10335331
10339878
10344426
11368782
10353525
70573943
10362628
10367181
10371735
10376290
70150193
10385403
10389961
10394520
10399080
68956243
10408203
55045295
10417330
10421895
10426461
10431028
43140886
10440165
80763979
10449306
10453878
10458451
10463025
55673891
10472176
10476753
10481331
10485910
55316536
10495071
10499653
10504236
10508820
24031002
55061959
10522578
10527166
10531755
84746048
11701476
10545528
10550121
18568042
2654719
10563906
63873558
10573101
10577700
10582300
10586901
10591503
10596106
10600710
10605315
10609921
7112335
10619136
10623745
80675117
25937632
10637578
10642191
23456257
59838475
10656036
8987525
10665271
95219798
10674510
10679131
90742095
10688376
10693000
97044710
10702251
10706878
20349104
10716135
22671383
96375221
10730028
10734661
10739295
10743930
65200760
10753203
10757841
10762480
10767120
49798771
10776403
10781046
10785690
10790335
10794981
25852553
10804276
10808925
10813575
66248632
10822878
32349482
10832185
10836840
10841496
10846153
13768622
38477274
10860130
10864791
19515190
10874116
10878780
10883445
10888111
10892778
10897446
27800119
49763987
24237108
18717711
53101679
23290760
10930150
13388847
10939503
25078950
10948860
10953540
10958221
10962903
10967586
54099322
10976955
10981641
10986328
81758681
10995705
78396217
11005086
11009778
11014471
75483164
11023860
11028556
68308918
11037951
94173146
11047350
11052051
11056753
11061456
11066160
99277974
11075571
11080278
11084986
11089695
11094405
40060319
11025209
43911243
11113255
11117970
696778
11127403
51990621
82645247
22283113
11146281
11151003
11155726
11160450
11165175
11169901
11174628
11179356
16858271
11188815
11193546
11198278
14738988
11207745
11212480
11217216
11221953
98287933
11231430
11236170
41972666
11245653
11250396
11255140
66733372
72775730
50330343
11274126
54813530
11283625
38557910
11293128
11297881
63788109
11307390
11312146
61040635
11321661
92393201
11331180
11335941
15658344
11345466
10997040
11354995
11359761
11364528
11369296
11374065
11378835
11383606
11388378
11393151
31792827
11402700
11407476
11412253
11417031
11421810
11426590
11431371
41302714
67622224
11445720
11450505
11455291
11460078
11464866
11469655
68091052
11479236
46204541
11488821
11493615
92777190
11503206
11508003
11512801
11517600
11522400
21800177
11532003
11536806
11541610
11546415
59957740
36242937
30530583
11565645
11570455
11575266
11580078
12351691
11589705
53778502
11599336
11604153
12193285
11613790
48066256
11623431
11628253
11633076
18130094
94860136
11647551
11652378
74298492
23863823
11666865
11671696
11676528
11681361
7035473
34144344
11695866
59821115
11705541
11710380
11715220
11720061
11724903
42016347
11734590
11739435
11744281
75543746
11753976
11758825
11763675
95818465
79974654
11778231
11783085
11787940
11792796
11797653
96328843
37101556
11812230
11817091
65171724
11826816
11831680
11836545
11841411
11846278
11851146
41191401
11860885
11865756
11870628
88052337
11880375
54090647
78065245
11895003
11899881
11904760
76128049
11914521
11919403
11924286
11929170
11934055
11938941
11943828
11948716
11953605
11958495
11963386
11968278
7038154
11978065
11982960
11987856
11992753
11997651
12002550
12007450
12012351
12017253
12022156
47438768
12031965
65321523
12041778
12046686
14523526
12056505
12061416
12066328
12071241
12076155
12081070
12085986
59242123
12095821
12100740
12105660
12110581
12115503
20487887
12125350
12130275
12135201
12140128
12145056
12149985
12154915
32569512
61166918
12169711
57193731
12179580
12184516
12189453
12194391
923039
68707858
12209211
12214153
12219096
4181760
12228985
94475680
12238878
80310146
12248775
85274881
12258676
12263628
12268581
17257084
12278490
12283446
12288403
12293361
31974928
12303280
12308241
12313203
12318166
12323130
17676903
12333061
12338028
12342996
58531599
12352935
12357906
12362878
16717433
68109665
12377800
25136126
12387753
12392731
20336933
87783466
12407671
12412653
12417636
12422620
58349680
70116232
83236692
12442566
12447555
38309941
42506473
51804268
12467521
12472515
12477510
12482506
12487503
12492501
30000955
12502500
12507501
99707008
12517506
12522510
1598843
12532521
12537528
12542536
12547545
4652701
30307761
12562578
59431393
12572605
91836361
12582636
12587653
12592671
12597690
12602710
12607731
17483524
12617776
7052875
68142396
55692584
12637878
12642906
33994992
12652965
91741691
98773310
39833912
12673095
57326845
12683166
12688203
12693241
12698280
33742800
12708361
12713403
12718446
74472680
12728535
12733581
12738628
64867737
12748725
69790455
12758826
12763878
12768931
12773985
12779040
12784096
40942415
12794211
12799270
28753523
68241502
12814453
12819516
12824580
1321773
12834711
12839778
12844846
12849915
26676976
12860056
43490891
12870201
33112298
76266877
12885426
12890503
12895581
12900660
34879049
12910821
56749506
12920986
12926070
29851062
12936241
12941328
85451301
12951505
12956595
12961686
43126318
93584009
12976965
41410521
12987156
12992253
34210081
13002450
13007550
13012651
13017753
13022856
78701244
19003760
13038171
57499888
49190056
13053495
13058605
10442354
47166228
13073941
13079055
13084170
13089286
13094403
31438956
78569570
13109760
55440575
13120003
13125126
13130250
13135375
13140501
38395346
13150756
13155885
13161015
28812911
13171278
13176411
13181545
13186680
13191816
13196953
62837719
13207230
1000239
13217511
13222653
13227796
48779609
42182358
19595664
13248378
13253526
13258675
13263825
13268976
5404225
13279281
13284435
13289590
13294746
13299903
91085647
13310220
13315380
13320541
93238200
13330866
58505598
13341195
13346361
13651545
1173402
57976593
13367035
13372206
39465031
13382551
13387725
13392900
13398076
13403253
13408431
43020193
13418790
13423971
13429153
13434336
13439520
13444705
25948005
13455078
30775274
13465455
13470645
13475836
79582811
13486221
55575255
13496610
13501806
13507003
13512201
13517400
13522600
13527801
13533003
53700300
13543410
13548615
13553821
13559028
13564236
13569445
13574655
13579866
13585078
13590291
13595505
13600720
13605936
39778830
13616371
48168743
13626810
13632031
13637253
36196971
13647700
13652925
6565208
70412000
29335765
13673835
13679065
10617473
13689528
13694761
13699995
13705230
13710466
79883168
13720941
13726180
18439871
13736661
13741903
13747146
74158489
43670295
13762881
64365866
13773376
64515388
1812680
13789126
61382437
13799631
13804885
97430948
82193988
13820653
13825911
41816765
13836430
13841691
22345211
66354169
13857480
51020674
13868011
13873278
68308721
13883815
13889085
88585811
13899628
13904901
13910175
22545769
13920726
13926003
13931281
13936560
8280244
13947121
13952403
13957686
91263129
13968255
13973541
13978828
78350488
38043226
13994695
13999986
14005278
14010571
14015865
14021160
14026456
83744739
14037051
62387999
14047650
14052951
59699016
14063556
14068860
14074165
14290577
14084778
14090086
98536439
65375298
14106016
14111328
14116641
49890158
14127270
96305987
14137903
14143221
14148540
14153860
14159181
70474826
96403174
14175150
65871489
77841377
14191128
14196456
14201785
14207115
81322366
14217778
31253021
14228445
14233780
14239116
21493917
14249791
14255130
14260470
14265811
14271153
14276496
62594449
14287185
15411807
14297878
14303226
14308575
14313925
8015416
14324628
14329981
14335335
14340690
18728912
69704238
51495798
14362120
14367480
14372841
14378203
14383566
14388930
14394295
14399661
14405028
14410396
14415765
14421135
14426506
56372669
14437251
14442625
38399279
56585680
25710187
50395650
14469510
68819633
92307639
14485653
14491036
14496420
47828617
95690564
61055536
14517966
14523355
96075499
14534136
19427732
60163145
14550315
7779639
14561106
14566503
40128973
14849371
63694933
81310645
14593503
14598906
52533880
14609715
14615121
14620528
14625936
14631345
14636755
14642166
6967180
22576851
14658405
84131111
14669236
14674653
14680071
14685490
14690910
75375031
14701753
93023889
14712600
14718025
14723451
14728878
14734306
23138549
14307761
36195808
59020582
49722317
14766895
66721605
14777766
14783203
14788641
14794080
82867743
14804961
14810403
14815846
14821290
87667240
50141375
14837628
14843076
14848525
14853975
14859426
14864878
14870331
14875785
14366656
91918959
14892153
14897611
74425403
14908530
14913991
33297320
14924916
14930380
66860224
77281460
14946778
14952246
14957715
14963185
52986494
14974128
14979601
14985075
14990550
68223639
15001503
15006981
15012460
15017940
15023421
15028903
15034386
15039870
15045355
15050841
15056328
85045410
50862682
15072795
5506730
15083778
15089271
42206902
15100260
15105756
69906416
98293686
15122250
15127750
15133251
15138753
15144256
15149760
15155265
15160771
15166278
15171786
72121986
15182805
15188316
15193828
15199341
54260105
15210370
15215886
15221403
30321525
25713039
15237960
15243481
15249003
70810809
15260050
15265575
55692839
65426452
30952941
15287685
78940644
15298746
15304278
15309811
87531199
15320880
78323394
15331953
15337491
15343030
15348570
19495411
20988825
15365196
15370740
15376285
15381831
15387378
15392926
40540416
15404025
64883637
15415128
15420681
15426235
15431790
15437346
31067284
80362227
15454020
30979301
15465141
15470703
19819614
15481830
15487395
15492961
10920697
15504096
15509665
86513707
15520806
70746056
52737950
15537525
15543100
15548676
15554253
15559831
1196355
15570990
18169129
29010165
15587736
98040662
15598905
15604491
717114
15615666
15621255
15626845
15632436
15638028
15643621
15649215
15654810
15660406
15666003
15671601
15677200
6866576
15688401
15694003
15699606
15705210
15710815
15716421
79074789
15727636
86019933
15738855
15744466
15750078
56758743
15761305
37653657
15772536
15778153
15783771
15789390
15795010
15800631
15806253
57839642
15817500
15823125
15828751
15834378
15840006
15845635
99073356
57764887
15862528
15868161
15873795
15879430
15885066
15890703
15896341
15901980
15907620
15913261
15918903
15924546
15930190
15935835
15941481
15947128
15952776
15958425
15964075
15969726
15975378
87519200
15986685
15992340
15997996
16003653
25155027
29418540
16020630
76846164
30052721
16037616
47323392
16048945
16054611
16060278
75318783
16071615
16077285
16082956
16088628
16094301
16099975
16105650
16111326
62834551
37330
25759103
83352972
16139721
52665429
16151086
99221183
16162455
30108890
16173828
30464930
16185205
34675800
2633876
16202278
16207971
16213665
16219360
16225056
16230753
16236451
16242150
16247850
16253551
16259253
16264956
35826905
16276365
16282071
16287778
64821654
16299195
16304905
58445445
16316328
16322041
16327755
16333470
16339186
25045852
16350621
76965706
16362060
16367781
16373503
16379226
16384950
16390675
16396401
36076497
16407856
16413585
16419315
16425046
16430778
65027168
16442245
16447980
16453716
16459453
16465191
16470930
56244414
12507867
91559242
65211761
16499640
16505385
16511131
16516878
16522626
17561226
16534125
22979417
16545628
16551381
16557135
16562890
81334968
16574403
21694085
16585920
50977399
16597441
16603203
16608966
16614730
26365210
16626261
16632028
31687763
16643565
16649335
1764297
16660878
16666651
16672425
16678200
16683976
16689753
16695531
16701310
16707090
19021308
22676757
16724436
16730220
10493294
94673592
16747578
16753366
94616843
44639299
16770736
16776528
16782321
81008416
99155141
5015495
16805503
16811301
50720794
99346428
16828701
16834503
58433128
16846110
17974336
48678950
16863528
81603194
25601536
16880955
16886766
81108594
16898391
51654735
16910020
16915836
16921653
16927471
51032122
16939110
16944931
16950753
41216667
61043910
16757932
16974051
16979878
16985706
16991535
63750175
16961160
17009028
17014861
69095191
17026530
9019584
17038203
41468594
67321593
17055720
17061561
86087904
94675016
61992869
17084935
17090781
57325797
37761839
17108325
95862009
85826574
10071830
17131731
17137585
37460478
17149296
44668376
17161011
17166870
17172730
17178591
63327983
17190316
70005754
17202045
17207911
17213778
57253500
17225515
73746396
47307920
17243128
17249001
85119275
17260750
17266626
17272503
17278381
87388081
8465915
17296021
40175309
17307786
19357807
78813112
17325441
94978802
17337216
54454923
17348995
14243445
17360778
29862766
17372565
17378460
17384356
63960466
17396151
17402050
17407950
17413851
17419753
28335021
88515960
17437465
17443371
17449278
26507016
17461095
17467005
17472916
17478828
17484741
17490655
17496570
17502486
17508403
17514321
17520240
93349562
17532081
17538003
17543926
17549850
17555775
17561701
17567628
17573556
17579485
33005803
17591346
17597278
17603211
68469632
36818939
21527313
48590208
17632891
17638830
91020106
17650711
17656653
17662596
17668540
17674485
17680431
17686378
18671938
17698275
16985298
17710176
19806428
30381609
54104373
99309209
46691149
17745903
17751861
17757820
17763780
17769741
17775703
17781666
17787630
17793595
17799561
93725590
17811496
17817465
17823435
17829406
79034857
17841351
17847325
17853300
17859276
17865253
17871231
17877210
57832744
17889171
75375222
2160759
51042172
17913105
17919091
50181939
17931066
17937055
17943045
33274887
69023272
17912389
76463768
17973010
20361013
17985003
17991001
17997000
38841799
18009001
18015003
18021006
64933534
18033015
18039021
18045028
18051036
18057045
18063055
18069066
39602294
18081091
70515297
18093120
18099136
18105153
18111171
18117190
40939650
18129231
18135253
18141276
18147300
18153325
18159351
18165378
18171406
74745429
18183465
18189496
18195528
18201561
18207595
82039083
18219666
18225703
18231741
18237780
54461721
18249861
18255903
70450948
18267990
18274035
18280081
18286128
18292176
18298225
46591186
18310326
69135914
18322431
18328485
18334540
99839502
13970411
32795169
88894913
18364830
18370891
18376953
18383016
18389080
18395145
18401211
18407278
24534000
18419415
18425485
15548435
48411836
18443701
18449775
18455850
18461926
18468003
18474081
25643343
18486240
18492321
18498403
71557613
18510570
18516655
18522741
18528828
22936985
18541005
18547095
18553186
18559278
18565371
21773198
5474586
18583656
18589753
18595851
18601950
65648583
18614151
18620253
18626356
18632460
18638565
18644671
58145414
18656886
18662995
33407719
18675216
18681328
89321636
47767145
23642097
18705786
18711903
18718021
18034833
18730260
25108453
36579138
18748626
18754750
46267014
18767001
18773128
18779256
18785385
18791515
5451302
62799698
73622846
80431144
18822180
96526340
26177562
53527895
18846730
18852870
18859011
18865153
18871296
18877440
2900901
18889731
18895878
18902026
18908175
18914325
18920476
18926628
18932781
18938935
18945090
35328695
18957403
49519692
60535107
18975880
18982041
18988203
4579440
90160226
52090762
41680582
19019028
19025196
19031365
80855126
35527748
19049878
19056051
19062225
99343613
19074576
19770435
32579152
19093110
38993898
19105471
19111653
19117836
85303071
19130205
19136391
19142578
19148766
19974652
44370217
19167336
19173528
19179721
14666928
74045461
42063159
19204503
19210701
58036275
19223100
31118391
19235503
19241706
72195193
19254115
19260321
19266528
19272736
28549769
19285155
64600947
19297578
95861698
19310005
62742463
19322436
19328653
82707753
96765896
19347310
72166831
19359753
11009703
19372200
40208241
62906589
19390878
96377456
18006012
19409565
51913193
19422028
12580200
19434495
19440730
19446966
19453203
19459441
19465680
19471920
80466370
19484403
19490646
19496890
19503135
45343781
53188762
19521876
82168141
19534375
19540626
19546878
19553131
99458504
19565640
62552496
26380051
19584411
42673240
19596930
64129177
16127816
19615716
19621980
51709015
19634511
65082612
98110583
19653315
19659585
19665856
42449021
19678401
19684675
19690950
19697226
86073983
19709781
19716060
37957513
19728621
19734903
19741186
19747470
19753755
19760041
17769160
19772616
19778905
19785195
19791486
19797778
19804071
19810365
80753230
19822956
19829253
19835551
19841850
5339663
19854451
4994851
19867056
19873360
19879665
55737268
19892278
19898586
19904895
19911205
19917516
19923828
19930141
1045121
85953971
19949086
19955403
15185240
68662737
19974360
19980681
19987003
19993326
38022719
20005975
20012301
20018628
20024956
96030890
20037615
20043946
20050278
20056611
20062945
22992603
20075616
93358560
20088291
60590572
20100970
20107311
20113653
20119996
20126340
35947225
15314656
36293845
20151726
20158075
20164425
20170776
58317939
20183481
11135214
20196190
97720990
20208903
20215261
67264650
20227980
29659359
20240703
62127954
20253430
1576612
20266161
20272528
20278896
20285265
20291635
20298006
37620672
20310751
20317125
20323500
20329876
20336253
20342631
20349010
20355390
20361771
20368153
47181008
20380920
20387305
20393691
20400078
20406466
21027386
78163468
79415479
84112723
40178963
487367
20451210
20457606
52292719
12172686
20476800
20483200
36102006
20496003
18231317
20508810
20515215
20521621
91768381
31772303
19000994
64507763
20553666
20560078
45033789
20572905
85572127
20585736
28339662
20598571
20604990
20611410
20617831
20624253
20630676
78769334
20643525
56900226
20656378
26698828
15720
20675665
20682096
20688528
20694961
83746288
31104507
20714266
42646354
20727141
20733580
56169381
11897669
20752903
20759346
69184377
20772235
20778681
20785128
51506414
20798025
20804475
20810926
84428171
20823831
20830285
77975418
91408897
20849653
33927465
20862570
20869030
20875491
20881953
13821872
21409238
20901345
20907811
41654548
20920746
20927215
20933685
51886879
36094180
20953101
20959575
80086618
93749652
20979003
20985481
20991960
20998440
37820384
21011403
64313368
21024370
65800731
8432931
45582988
21050316
65365489
21063295
21069786
21076278
21082771
21089265
41926842
21102256
21108753
21115251
21121750
67205948
21134751
21141253
21147756
50619235
57336425
21167271
21173778
77388088
21186795
90391609
34953676
21206328
84669788
21219355
21225870
21232386
21238903
21245421
21251940
21258460
14843415
21271503
35059862
21284550
20542618
21297601
8539171
21310656
21317185
66393938
12422363
21336778
93471216
36917919
61521140
21362916
21369453
44224480
58214938
26676331
21395611
21402153
21408696
21415240
21421785
69600136
21434878
21441426
21447975
21454525
16066811
21467628
21474181
21480735
64518123
37239625
21500403
21506961
21513520
53759628
21526641
8192783
21539766
21546330
21552895
21559461
52188150
72574725
21579165
21585735
44923044
21598878
21605451
21612025
21618600
21625176
21631753
21638331
21644910
18956043
86577205
21664653
3734239
21677820
10346321
74467929
8682875
16667595
21710755
85650218
21723936
5997446
21140996
21743715
21750310
21756906
95958468
37096304
21776700
21783300
91943804
34543594
21803106
21809710
51951413
78950454
21829528
21836136
21842745
21849355
29480101
21862578
57275314
21875805
21882420
7540851
21895653
22725670
80625661
61996042
96731556
21928753
21935376
21942000
21948625
21955251
21961878
21968506
21975135
21981765
70335233
21995028
22001661
85631103
22014930
22021566
22028203
66752471
33202556
44207409
22054761
22061403
22068046
22074690
22081335
76280882
22574177
22101276
22107925
22114575
22121226
22127878
22134531
22141185
22147840
22154496
32951832
60483123
75040936
22181130
22187791
39713288
22201116
22207780
22214445
22221111
22227778
22234446
22241115
41609892
22254456
22261128
22267801
22274475
22281150
22287826
22294503
22301181
16910629
47611607
97744362
22327903
22334586
22341270
22347955
22354641
22361328
22368016
91246283
22381395
22388086
22394778
3209482
85108703
22414860
22421556
22428253
25377356
22441650
59490672
22455051
22461753
22468456
22475160
39106855
22488571
22495278
22501986
97748077
22515405
22522116
22528828
22535541
22542255
22548970
22555686
22562403
1644851
81774534
80303078
22589281
22596003
77380166
22609450
22616175
22622901
22629628
22636356
22643085
22649815
22656546
22663278
22670011
22676745
22683480
22690216
80396728
22703691
22710430
22717170
22723911
22730653
99308944
98740888
22750885
22757631
22764378
22771126
23964884
22784625
22791376
22798128
22804881
29328112
22818390
22825146
22831903
22838661
22845420
22852180
22858941
22865703
22872466
22879230
22885995
22892761
20362355
80046890
17160624
22919835
22926606
22933378
22940151
22946925
22953700
22960476
22967253
75462612
22980810
20537565
14684420
77128353
23007936
19172468
23021505
53823207
23035078
28643485
23048655
70974528
23062236
23069028
23075821
23082615
23089410
23096206
23103003
18934669
23116600
23123400
62142833
50772771
23143806
10915078
48457245
64003748
23171028
23177836
23184645
96018752
10089989
23205078
5123843
95488983
23225520
79177521
23239153
23245971
23252790
22980533
23266431
53586943
23280076
58376601
55725620
23300551
23307378
23314206
23321035
23327865
23334696
3171530
816954
23355195
23362030
86828414
10831226
23382541
23389380
23396220
46731177
23409903
28056783
23423590
23430435
23437281
88727732
23450976
23457825
23464675
1049169
23478378
23485231
23492085
23498940
23505796
23512653
23519511
23526370
23533230
23540091
77062362
86478207
9132007
23567545
91427657
23581278
23588146
23595015
23601885
23608756
23615628
33537341
23504651
16619634
23643126
23650003
23656881
23663760
23670640
96143586
23684403
23691286
23698170
34227113
69706302
69032605
23725716
23732605
80016901
76726329
23753278
93078423
23767065
43598968
23780856
23787753
23794651
23801550
71774192
31850259
23822253
17527333
23836060
23842965
23849871
23856778
23863686
50691145
11785675
23884416
23891328
23898241
80097236
69817324
23918986
23925903
23932821
41263687
23946660
71889669
14501408
23967426
38489649
98927884
23988201
23995128
24002056
24008985
60534944
24022846
24029778
10908622
14355392
24050580
24057516
24064453
24071391
8018060
59182337
24092211
24099153
92744873
24113040
19651216
44820423
73443597
24140826
11468093
24154725
24161676
24168628
24175581
24182535
27611548
22371543
60362023
24210361
24217320
24224280
24231241
24238203
24245166
44641866
24259095
24266061
24273028
24279996
24286965
24293935
24300906
24307878
65983696
29755775
24328800
24335776
24342753
28392840
37734988
24363690
24370671
45615928
35948013
47678694
53808004
24405591
93426881
24419566
24426555
31540449
1872275
24447528
24454521
24461515
37024035
24475506
24482503
24489501
32114383
24503500
24510501
24517503
24524506
57685273
24538515
24545521
69685124
24559536
24566545
24573555
24580566
24587578
24594591
85917588
24608620
24615636
90344894
24629671
24636690
59888720
24650731
24657753
24664776
1251853
54109394
24685851
24692878
24699906
24706935
24713965
24720996
22460589
24735061
24742095
24749130
24756166
24763203
63566091
33964942
24784320
24791361
24798403
19776669
24812490
24819535
45088471
24833628
24840676
24847725
24854775
24861826
24868878
48664272
24882985
72935603
24897096
24904153
24911211
24918270
24925330
24932391
4186897
34798215
24953580
24960645
24967711
327390
24981846
24988915
71418052
25003056
25010128
25017201
25024275
25031350
25038426
78993199
7254457
25059660
25066740
95906700
25080903
25087986
18510514
25102155
25109241
14147638
58418536
25130505
25137595
25144686
25151778
25158871
91083953
25173060
83078825
25187253
25194351
25201450
25208550
25215651
61261718
78312071
19978001
9108062
82022341
25258278
52810213
25272495
25279605
49046665
25293828
20622492
25308055
25315170
25322286
25329403
25336521
25343640
25350760
25357881
25365003
25372126
45341016
28985805
58985965
25400628
33491624
59747750
25422015
25429146
25436278
25443411
25450545
25457680
25464816
25471953
25479091
25486230
25493370
62481224
25507653
25514796
25521940
18084941
75084029
25543378
25550526
5705990
59804759
15282160
99882495
25586281
25593435
25600590
25607746
25614903
25622061
33426925
25636380
25643541
39737657
23622765
25665030
25672195
25679361
25686528
25693696
5230580
25708035
19323405
25722378
25729551
25736725
25743900
26748895
25758253
25765431
25772610
25779790
25786971
63955536
24295119
53267626
25815705
99090447
22742517
25837266
25844455
25851645
25858836
42196663
51738784
25880415
25887610
25894806
25902003
25909201
25916400
25923600
25930801
25938003
25945206
91360591
25959615
25966821
89315027
98370714
25988445
89416828
70378766
26010078
26017291
26024505
26031720
58544248
26046153
26053371
35918880
53917966
26075031
39963646
26089476
99592997
26103925
26111151
4099412
26125606
43722306
24402016
46275194
26154528
26161761
55918068
26176230
61485742
26190703
72503835
26205180
26212420
26219661
26226903
26234146
66933614
51594458
45412294
35581228
15497610
46162739
92422293
26292126
92245997
26306631
26313885
26321140
64354359
26335653
98952197
26350170
14280696
26364691
26371953
26379216
26386480
39019998
26401011
26408278
26415546
26422815
26430085
67837419
6687521
26451901
26459175
26466450
26473726
48586005
26488281
26495560
26502840
26510121
77653010
26524686
75863720
17092970
26546541
37935356
59150168
49549966
26575695
38177653
26590278
26597571
26604865
26612160
26619456
3860917
26634051
26641350
26648650
50510167
26663253
26670556
26677860
26685165
26692471
26699778
17044833
26714395
18592106
26729016
37453718
26743641
70729605
26758270
54337583
26772903
26780221
26787540
26794860
26802181
26809503
5015581
64141112
78156139
26838801
26846128
78437453
84764440
26868115
45063904
26882778
26890111
26897445
12756268
26912116
26919453
26926791
26934130
26941470
26948811
26956153
26963496
26970840
26978185
26985531
26992878
27000226
67789330
27014925
27022276
27029628
27036981
97940263
83817821
27059046
27066403
27073761
27081120
27088480
27095841
27103203
27110566
27117930
18054812
27132661
27140028
27147396
66905360
18061744
27169506
27176878
27184251
29401395
27199000
27206376
13864094
27221131
67647936
51196842
27243271
27250653
27258036
27265420
27272805
27280191
27287578
76830204
27302355
27309745
27317136
3715549
27331921
27339315
10637824
27354106
27361503
27368901
64040315
45077151
87624320
27398503
27405906
89425016
93823930
18118965
36479183
93334956
27450345
27457755
27465166
19001974
27479991
27487405
27494820
27502236
27509653
27517071
27524490
27531910
33576875
88966906
90414526
27561600
27569025
27576451
27583878
27591306
27598735
27606165
27613596
72483898
27628461
75921902
76684857
27650766
22092796
89676687
27673080
81501188
27687961
27695403
27702846
27710290
27717735
46081220
27732628
27740076
27747525
41918917
27762426
34291508
27777331
27784785
27792240
27799696
27807153
27814611
27822070
13510176
27700283
27844453
27851916
27859380
27866845
27874311
30531247
35007351
43219510
84973584
57851374
49780469
27926601
27934075
72007824
27949026
83429617
86892268
97956814
27978940
27986421
27993903
28001386
28008870
28016355
28023841
28031328
37456162
28046305
28053795
28061286
38950929
28076271
28083765
25812572
28098756
28106253
28113751
87340340
28128750
28136251
28143753
28151256
28158760
28166265
8962397
13776625
25984437
28196295
28203805
70136265
7862953
28226341
28233855
59658441
28248886
25231132
28263921
28271440
28278960
28286481
28294003
28301526
28309050
28316575
28324101
28331628
28339156
28346685
28354215
84852642
31783185
28376811
91540167
28391880
5155010
28406953
11560630
28422030
98798507
28437111
28444653
42676826
69086526
28467285
28474831
59974875
28489926
28497475
28505025
48242816
28520128
37187608
28535235
44920713
28550346
28557903
28565461
66432318
28580580
60714679
6017699
16592229
59641893
28618395
28625961
28633528
28641096
28648665
28656235
28663806
43141049
28678951
28686525
28694100
70178541
28709253
28716831
28724410
28731990
23234029
85788707
28754736
84943120
28769905
28777491
28785078
95432549
9585149
28807845
28815436
28823028
5857107
84201283
71812143
28853406
5692132
28868601
28876200
46434635
28891401
28899003
28906606
28914210
28921815
28929421
80724141
28944636
68418677
28959855
97314500
63108212
28982691
28990305
28997920
11945897
29013153
47953722
29028390
37944563
29043631
29051253
29058876
29066500
24145002
29081751
29089378
29097006
29104635
29112265
29119896
29127528
29135161
29142795
73838687
91268841
20980125
5471254
29180980
44617500
68125032
61504394
29211546
23975569
29226835
3113359
29242128
29249776
48198195
29265075
29272726
29280378
29288031
29295685
64080789
29310996
29318653
29326311
10378528
29341630
29349291
29356953
29364616
29372280
79420583
29387611
79434731
29402946
29410615
29418285
59979063
58578960
86836943
29448975
21971860
29464326
35536308
42818291
25330113
29495040
29502721
29510403
29518086
29525770
78529155
29541141
29548828
29556516
29564205
29571895
29579586
50220147
38892745
29602665
20628968
29618056
29625753
29633451
29641150
51216025
29656551
29664253
29671956
75258533
18452719
29695071
29702778
29710486
23877399
29725905
29733616
29741328
4728573
62330527
29764470
51090923
29779903
80654490
29795340
29803060
82172611
29818503
39536607
29833950
65916866
29849401
29857128
94351971
33597179
29880315
29888046
29895778
50247797
29911245
72486432
29926716
29934453
29942191
29949930
29957670
29965411
98209336
29980896
72740388
20007684
30004131
30011878
46031706
30027375
30035125
95333012
30050628
30058381
30066135
30073890
65761116
30089403
30097161
30104920
30112680
30120441
66907918
35076163
30143730
30151495
30159261
68113793
30174796
30182565
30190335
30198106
3658984
8982674
30221425
2239059
94499378
30244753
99478865
30260310
30268090
30275871
30283653
30291436
30299220
30307005
41237124
95025968
30330366
30338155
81647331
30353736
30361528
30369321
21530534
80803553
37967673
30400503
30408301
30416100
30423900
30431701
25842490
30447306
30455110
30462915
30470721
30478528
30486336
80052116
30501955
30509766
30517578
30525391
42143648
30541020
30548836
30556653
30564471
30572290
9998858
30587931
30595753
30603576
30611400
30619225
30627051
30634878
30642706
81826077
30658365
30666196
30674028
73862363
30689695
17348354
30705366
30713203
30721041
30728880
72247410
30744561
30752403
30760246
30768090
30775935
19263734
30791628
9085133
30807325
22215270
30823026
87075477
30838731
30846585
87855195
30862296
30870153
30878011
30885870
30893730
30901591
30909453
30917316
30925180
52412731
30940911
30948778
2588464
11192541
30972385
30980256
30988128
30996001
31003875
31011750
1863832
80945905
31035381
31043260
31051140
75262974
31066903
95538526
31082670
91421083
31098441
31106328
31114216
31122105
31129995
31137886
31145778
31153671
31161565
31169460
31177356
31185253
83116196
31201050
31208950
31216851
31224753
66058952
31240560
31248465
31256371
31264278
78604075
31280095
31288005
31295916
31303828
33053157
90578472
31327570
31335486
31343403
31351321
31359240
31367160
31375081
85748885
31390926
31398850
31406775
31414701
31422628
22585260
31438485
25656498
31454346
31462278
31470211
17397543
33588592
31494016
31501953
31509891
31517830
31525770
31533711
38417866
31549596
31557540
88977627
31573431
31581378
1298589
83608695
6979393
31613176
95707400
75260511
27324786
31644990
31652946
12076406
31668861
59001388
75740655
31692741
31700703
68987902
91659149
31724595
31732561
31740528
31748496
31756465
31764435
31772406
31780378
31788351
31796325
31804300
31812276
70166300
41897763
31836210
31844190
31852171
31860153
31868136
31876120
31884105
31892091
31900078
31908066
73032460
46362079
31932036
31940028
31948021
31956015
84725029
31972006
31980003
31988001
31996000
37334261
