10000
1
44577947
3
62143522
55884056
87181232
79686703
6
10
58915899
10
15
15
15
21
94401023
21
80491025
72589272
20786488
36
36
2367705
45
72667069
37148758
55
55
55
66
66
66
78
78
90740341
64261588
91
91
43633221
105
9918174
7555206
39841381
120
136
70102724
136
4733393
153
153
171
14765151
171
190
190
190
210
210
210
48614008
99300920
231
88650111
98488014
253
56700263
276
276
49024864
300
26081371
325
325
22578569
351
80724854
97529433
378
82379901
378
97811096
406
406
435
435
69016033
465
55698109
465
84160112
496
496
528
83320009
29883005
561
561
561
97692805
595
595
64406099
630
630
666
4269244
666
86957606
1997501
703
67603845
55908259
741
780
780
780
83016324
820
820
861
861
861
25101986
9095150
94723557
946
946
946
990
990
990
1035
27195988
2401958
35947040
92103500
1081
1128
1128
1128
37479067
24464273
1176
27552642
5428625
1225
1275
1275
68167668
1326
1326
1326
1378
1378
1378
62092137
1431
2485339
1485
81607298
250280
99965888
1540
1540
86751322
1596
1596
32421579
1653
1653
1711
1711
1711
91056214
46502475
1420789
19357014
1830
1830
1891
21813194
46077282
1953
64596580
10966291
56902760
2016
65114526
2080
40745208
2080
62943336
2145
30363214
2211
3562180
42437808
97195764
21236818
82352016
21897848
2346
2346
97022759
2415
2415
2485
2485
99255583
2556
30753087
2556
2628
57818880
4884501
27545635
2701
2701
2775
2775
2775
2850
53363225
2850
2926
2926
2926
3003
3003
56410807
3081
3081
3081
3160
3160
67466606
3240
3240
3240
67648435
66067288
96879491
3403
3403
28219274
61691735
3486
3486
38736517
3570
3570
3655
3655
3655
3741
92588158
7360501
88319030
3828
3828
3916
3916
3916
61468664
37658925
4005
4095
4095
55176327
17890305
4186
56431425
4278
4278
19756017
4371
4371
4371
4465
94618092
4465
4560
4560
4560
61809505
4656
4656
4753
4753
90668650
4851
4851
4851
4950
4950
4950
5050
31380040
84202556
40448902
5151
5151
5253
5253
82751145
90351896
98078088
5356
5460
5460
5460
32952858
5565
45698955
96948273
56689645
5671
59012216
50393004
5778
99450569
5886
70664898
5995
5995
5995
6105
82097255
68459796
6216
6216
6216
30569316
45691676
6328
16917625
6441
6441
14003335
26837022
17548600
6670
6670
16918317
6786
44585695
6786
58577590
6903
6903
7021
4474386
7021
7140
7140
7140
7260
85984010
7260
7381
7381
78934377
17188056
67887936
7503
7626
57381125
8645548
7750
7750
13065391
10399373
7875
93207156
8001
8001
8001
8128
8128
8128
8256
8256
8256
81156489
71403470
66012313
51733636
8515
8515
8646
95308046
8646
20833817
8778
73372278
8911
8911
9524275
78289524
89466589
9045
9180
3150128
9180
61900496
88111129
9316
44786635
76584281
24465475
9591
9591
9591
9730
41323734
9730
3465371
9870
12908703
10011
16472144
10011
10153
10153
37689809
10296
10296
10296
10440
10440
10440
21337814
10585
15458852
10731
10731
56055277
10878
10878
10878
83306383
19959652
11026
11175
11175
11175
11325
96503549
33975241
79111912
25078110
11476
11628
11628
11628
11781
11781
11781
11935
11935
3190671
25925499
12090
89802315
12246
12246
55409411
60866256
12403
12403
12561
12561
12561
71625516
77463525
12720
12880
12880
12880
82909444
13041
24554460
13203
13203
13203
13366
13366
11725617
13530
13530
13530
35892028
13695
13695
61975097
13861
13861
14028
85380889
12083840
14196
14196
14196
14365
14365
14365
62141329
14535
33185801
8651061
14706
55157931
26640698
14878
14878
15051
15051
15051
15225
15225
15225
58012894
15400
15400
15576
15576
62962863
15753
15753
15753
15931
15931
15931
88472142
39993028
16110
16290
16290
53731082
12062925
16471
16471
29348904
8590410
59251666
50398358
16836
41042382
86302655
17020
17020
93853616
97145109
75242816
17391
17391
17391
60840483
17578
17578
17766
17766
17766
45388809
17955
17955
57274063
18145
18145
18336
18336
17623450
44802401
92315336
18528
86100747
5676148
18721
86361953
76238751
18915
19110
19110
19110
91863791
19306
19306
81474719
19503
43528395
19701
18670848
74907555
19900
12011495
19900
84307004
16332453
20100
20301
47026401
20301
20503
20503
20503
20706
20706
20706
20910
43734055
20910
21115
72415059
21115
21321
21321
21321
50137166
43472024
21528
21736
21736
69040083
21945
47690260
21945
22155
22155
22155
21086588
86463413
86397781
11760994
50567977
46260008
22791
9489519
22791
23005
53674289
23005
70295478
23220
23220
23436
26679099
23436
23653
63227520
23653
23871
23871
47040813
93715270
22860453
47201053
24310
12062196
24310
24531
60590978
33785334
59866738
24753
24753
24976
24976
24976
25200
75998565
60366014
25425
25425
25425
78379632
14688279
25651
64943594
66207707
25878
26106
26106
26106
26335
97944902
4396880
26565
26565
26565
26796
26796
26796
27028
42276297
27028
27261
27261
45295646
27495
63493961
27495
27730
27730
27730
27552693
27966
27966
28203
34053313
45076871
28441
28441
8228
28680
28680
63448694
28920
28920
28920
36739144
29161
29161
29403
20915207
29403
47636142
29646
29646
84427611
29890
32468799
92317327
46045646
30135
30381
30381
30381
30628
30628
30628
30876
83963989
30876
31125
61647186
31125
71884610
31375
31375
31626
31626
31626
31878
31878
31878
32386633
32131
68746468
32385
32385
7597152
32640
32640
32640
32896
32896
67417747
34210118
22980520
81713756
33411
78727723
17650248
53171586
23465108
33670
33930
33930
7333266
34191
34191
34191
34453
34453
5097700
34716
34716
35586003
93575624
12127849
34980
35245
15884022
35245
37217173
8272813
64484616
19794358
54878107
35778
81867687
98167626
36046
36315
36315
36315
36585
36585
36585
36856
36856
36856
37128
37128
37128
95150540
37401
37401
37675
99423081
12514059
37950
94899347
37950
38226
38226
70483633
38503
38503
99974130
38781
38781
25457913
39060
39060
39060
39340
39340
39340
21254834
39621
73978096
39903
39903
70634445
49898889
40186
40186
40381926
40470
40470
40755
7082976
67389584
41041
41041
41041
41328
41328
41328
41616
41616
41616
41905
41905
35267929
42195
22598702
42195
85660908
25511802
42486
42778
42778
85608662
43071
43071
84786059
46347534
43365
43365
16176560
9567220
43660
43956
43956
32669178
44253
45826851
72099983
44551
44551
44551
44850
44850
73239733
45150
45150
45150
45451
18487884
45451
19370749
20832504
63957515
31037953
46056
46056
46360
46360
56053988
54109773
22473785
46665
46971
35894741
46971
47278
47278
47278
47586
58135717
69132673
47895
49584729
47895
57352575
58519643
53386438
78775106
58154455
48516
48828
48828
48828
49141
49141
85178721
49455
49455
80833463
56242664
60593816
26057408
50086
50086
50086
50403
50403
50403
50721
50721
50721
51040
51040
9265228
51360
51360
51360
51681
76526757
51681
52003
30611883
52003
60131829
52326
39803403
52650
52650
52650
52975
35045548
52975
53301
53301
53301
53628
90306504
71937373
75807997
53956
53956
54285
54285
54285
54615
54615
96264356
54946
54946
54946
49010476
31120286
52565916
95972096
28283439
55611
95934664
55945
55945
56280
56280
56280
65060937
56616
19671349
47697260
56953
56953
57291
57291
57291
98533007
57630
93929143
57970
57970
57970
58311
99740139
2166994
49119249
39772292
58653
58996
58996
84210583
59340
59340
59340
1688114
59685
59685
60031
60031
47022573
60378
60378
90159013
60726
43517601
60726
43368336
20170245
86680188
61425
61425
61425
61776
61776
45318246
16500703
23047575
63605910
81282500
61735092
62481
62835
62835
62835
63190
63190
63190
71395252
63546
63546
63903
55791672
63903
64261
93078505
60842010
55623962
64620
75270716
64980
64980
64980
65341
38608235
65341
36116868
65703
11735767
83106371
66066
66066
10744583
66430
66430
66795
66795
66795
67161
38437463
67161
67528
67528
76966332
67896
67896
4396564
68265
68265
68265
68635
23900193
68635
69006
69006
69006
69378
59215807
69378
69751
69751
69751
70125
70125
70125
92144712
70500
70500
98149733
70876
70876
59595383
71253
30175894
71631
71631
63190287
72010
803071
72010
72390
72390
31515401
72771
58056093
72771
73153
73153
81130974
73536
73536
66448342
73920
73920
73920
74305
74305
74305
65048937
25663080
97968540
75078
75078
51463273
75466
75466
75466
93146543
75855
75855
49928176
87289632
28039485
76636
76636
53154164
77028
77028
77028
77421
77421
40231605
77815
77815
24212501
20976113
23719513
78210
78606
43741546
78606
79003
12613859
79003
79401
79401
79401
79800
79800
79800
80200
80200
80200
80601
80601
90916280
81003
81003
81003
81406
349032
81406
81810
35723584
81810
82215
82215
82215
82621
56741510
82621
83028
83028
83028
83436
49071561
26149715
78953517
83845
83845
84255
84255
84255
84666
84666
77334315
85078
85078
85078
85491
85491
85491
16376513
85905
85905
86320
86320
86320
35362650
86736
86736
57376940
87153
87153
87571
87571
87571
87990
87990
87990
88410
88410
76100893
88831
88831
49796230
89253
89253
14514328
89676
33403559
89676
90100
90100
90100
90525
90525
90525
90951
90951
14794934
33688877
25123044
15169782
91806
91806
20842388
92235
39570312
92235
92665
15812537
92665
93096
86559152
93096
93528
93528
4882953
92282260
93961
93961
94395
94395
94395
94830
94830
43060562
28942793
95266
25945762
14156117
52602450
95703
96141
96141
96141
96580
96580
96580
97020
97020
97020
97461
97461
97461
19831116
97903
97903
98346
98346
68491221
98790
98790
98790
99235
30835839
99235
52812489
97217290
18946786
100128
100128
100128
100576
100576
4595916
101025
101025
101025
99942494
101475
64710470
722324
101926
79421916
102378
68750514
102378
22937087
60853972
102831
103285
51791497
103285
51647169
57707530
103740
104196
104196
12585344
97279900
76014781
104653
12871493
105111
105111
105570
68391911
105570
106030
106030
106030
106491
106491
106491
70599320
106953
106953
107416
107416
107416
31049873
94068996
107880
108345
108345
108345
108811
108811
69675614
17803038
12325689
109278
109746
109746
109746
110215
110215
110215
54949348
110685
57878961
111156
111156
111156
86472004
111628
111628
14402461
71627860
112101
112575
112575
112575
113050
113050
113050
113526
113526
113526
72224787
114003
114003
7560186
36047055
114481
43507862
114960
114960
115440
115440
44992615
47798665
115921
115921
116403
116403
116403
116886
116886
116886
86819955
48816624
117370
61910383
47576558
7490869
118341
118341
118341
8945821
118828
118828
119316
93152774
119316
119805
119805
13634490
120295
120295
64654139
93189632
97669905
120786
121278
121278
121278
39184578
121771
20490
38847638
122265
35282880
122760
122760
122760
123256
71789591
123256
123753
123753
51266610
124251
124251
60776247
124750
45883553
29589564
125250
125250
125250
125751
93211648
125751
126253
52894015
126253
126756
126756
126756
8331510
127260
64136427
127765
127765
95236516
61843219
128271
75178917
128778
128778
128778
129286
63730684
17823209
129795
42465572
129795
130305
4183332
130305
34069392
130816
130816
131328
131328
131328
131841
131841
131841
132355
132355
132355
132870
132870
50332106
133386
133386
133386
133903
133903
133903
134421
48204118
134421
134940
134940
134940
30219150
3845363
135460
135981
135981
55033045
6249291
136503
136503
137026
137026
87883611
137550
137550
92132231
138075
138075
138075
37948892
138601
138601
139128
139128
139128
139656
45760987
139656
140185
140185
140185
83801796
64501371
140715
3640582
141246
92972123
141778
141778
141778
2731704
142311
142311
142845
142845
142845
143380
143380
143380
143916
143916
143916
65793431
42554099
144453
144991
144991
144991
145530
145530
12548040
146070
146070
146070
146611
44031959
32197058
147153
46707990
33384508
147696
48551119
147696
49356510
148240
148240
72193194
80726562
148785
82092076
149331
149331
149878
88830725
149878
150426
150426
39361965
3867475
150975
150975
151525
19977031
45367728
152076
152076
31359287
152628
95119779
152628
153181
153181
38143742
68387830
153735
85893698
92991416
154290
154290
154846
154846
72011405
16528065
22181440
155403
155961
96499739
155961
41130323
3358200
70662988
77589352
64395303
51755475
157641
157641
157641
78081064
158203
84321882
158766
29444075
158766
159330
159330
159330
159895
159895
31988165
89904515
160461
160461
161028
161028
161028
161596
161596
161596
162165
162165
162165
162735
32808170
162735
66686873
163306
163306
163878
163878
98092753
164451
164451
12722076
165025
165025
165025
165600
165600
165600
166176
59385056
166176
166753
166753
166753
167331
167331
88153574
84366040
167910
167910
168490
168490
168490
169071
169071
169071
169653
99085696
169653
170236
170236
170236
170820
170820
170820
6177678
171405
171405
171991
72303607
171991
172578
8133577
172578
173166
38300872
173166
23878344
173755
88740452
174345
34601269
174345
33320529
174936
34817798
7075112
175528
175528
54277793
176121
176121
80934378
2901687
176715
177310
177310
177310
87282191
29509195
67951419
36484281
82338391
178503
179101
97849339
9116163
179700
19184893
179700
180300
180300
35018565
30434845
180901
180901
181503
181503
47401831
182106
182106
182106
182710
182710
182710
50526133
183315
183315
8273826
183921
183921
15132176
184528
27895698
37848631
185136
15696101
185745
86880966
30636440
186355
186355
186355
186966
186966
186966
187578
89561023
52710054
188191
89516605
188191
188805
188805
188805
25076617
189420
189420
72955294
46220796
92460549
38765840
190653
190653
191271
191271
191271
191890
11553717
191890
192510
192510
35879089
193131
193131
193131
50177736
193753
193753
65615047
86692410
99830225
195000
195000
29402813
28077696
1612987
94134752
13415896
93728718
18253168
92746652
196878
71789792
74154594
197506
197506
198135
44033694
198135
38909006
198765
198765
199396
199396
199396
200028
200028
200028
200661
9926891
71722457
201295
201295
201295
45703576
79664293
201930
202566
202566
202566
23801562
203203
203203
203841
203841
203841
204480
204480
204480
205120
205120
58191952
94369074
27903748
205761
206403
20378528
206403
11851895
26870591
207046
207690
207690
207690
208335
85516840
208335
208981
83048251
208981
19317617
209628
66065726
210276
210276
210276
12637388
210925
210925
211575
83984901
211575
212226
82042936
212226
70872406
212878
212878
213531
213531
213531
214185
214185
31420970
214840
214840
214840
215496
215496
17750477
216153
84729336
216153
2282327
216811
216811
217470
217470
217470
218130
218130
50029060
218791
218791
80048308
219453
219453
96032850
53815021
220116
92103910
220780
220780
220780
18561552
80637479
221445
97585796
222111
222111
32289980
222778
222778
44760154
223446
37802648
52471682
1305282
224115
81738145
224785
224785
225456
84138971
225456
85911890
14753983
94446725
226801
226801
226801
8234768
227475
227475
40960452
228150
56313892
228826
228826
65315058
15513027
229503
229503
230181
29921495
230181
55902995
89081704
230860
231540
231540
73113802
36827314
232221
232221
32865624
26120701
80422065
41712060
233586
70473193
234270
234270
234270
14575227
41925641
41471554
77412393
235641
235641
236328
78583917
236328
237016
237016
237016
237705
84477256
237705
238395
23404115
88323567
38131299
239086
88448821
239778
29097039
239778
240471
240471
240471
6446290
241165
72201105
241860
241860
241860
242556
34536778
242556
243253
46554461
243253
89627113
243951
243951
1689340
244650
244650
245350
245350
245350
69487319
246051
246051
98154421
246753
246753
63694490
11627507
247456
248160
248160
93883035
248865
248865
71198679
249571
249571
249571
75749891
250278
250278
250986
250986
250986
251695
51682021
251695
99360667
252405
60405088
93402180
253116
84651660
253828
253828
253828
254541
92268586
254541
255255
255255
55911725
255970
255970
52027539
256686
256686
256686
257403
70943000
85278111
258121
258121
258121
258840
258840
258840
10955589
259560
43839943
260281
260281
260281
261003
261003
261003
261726
261726
261726
262450
73481657
262450
263175
263175
29366042
69423932
263901
263901
31794165
264628
264628
265356
72755447
265356
266085
17978509
5599173
69738848
266815
266815
863175
267546
64948602
268278
19538875
268278
269011
69789510
9014920
91172395
97866675
269745
270480
270480
69906781
271216
271216
271216
271953
271953
97588772
272691
272691
64960046
273430
59576627
9071466
30739322
274170
274170
274911
49345438
274911
6604523
39556129
42140880
276396
276396
276396
277140
277140
9178832
277885
44696635
277885
10301860
278631
278631
279378
279378
23823988
280126
280126
280126
280875
280875
280875
281625
281625
281625
57724751
282376
282376
283128
283128
38141024
283881
283881
283881
284635
87790263
17268534
285390
35536201
83037476
286146
286146
68558640
17130763
286903
7367438
287661
287661
287661
288420
288420
288420
36110926
289180
96984163
289941
289941
289941
290703
290703
290703
94994928
291466
291466
292230
292230
292230
292995
292995
292995
88302685
43515205
293761
23761704
40451140
54305057
295296
60561700
295296
296065
296065
296065
296835
59179722
296835
297606
297606
297606
298378
298378
298378
73059134
299151
299151
299925
299925
299925
300700
300700
300700
1562964
75787280
301476
302253
33827541
48776257
303031
54336293
303031
303810
303810
77782734
304590
24272532
304590
305371
305371
305371
306153
306153
306153
1170899
92898208
33839049
307720
307720
307720
24596093
58806944
308505
309291
38173140
4544870
18895699
310078
14919943
94924366
310866
310866
80944769
311655
26688074
3267298
312445
312445
313236
313236
313236
48058540
21894369
314028
10534122
314821
314821
315615
315615
315615
316410
316410
316410
317206
317206
76216967
318003
318003
82077866
318801
32567702
82421479
319600
59419558
319600
18558405
320400
320400
321201
92892711
321201
322003
322003
57021483
322806
17552929
322806
65226585
19872741
323610
324415
70816055
324415
325221
325221
66275080
326028
326028
2641194
326836
326836
326836
327645
327645
81377875
328455
328455
328455
329266
329266
329266
330078
330078
330078
60728192
330891
330891
331705
331705
331705
332520
75629210
332520
58890029
34069831
73921176
13160530
334153
334153
334971
15599346
334971
335790
335790
335790
336610
336610
336610
337431
93514646
337431
338253
338253
338253
83882893
339076
23931094
339900
339900
18762054
94956858
340725
45570732
38441561
64496357
341551
6582437
342378
342378
343206
343206
68912993
31738213
83601699
64390502
344865
344865
344865
345696
345696
345696
24182128
64300543
11369587
347361
347361
23234596
348195
348195
348195
349030
349030
66070545
349866
22310807
82724192
65105992
350703
350703
351541
351541
88193103
352380
352380
352380
353220
353220
98444061
95729730
354061
354061
34667061
42220894
354903
355746
355746
355746
93443110
356590
356590
357435
56016094
357435
72804200
358281
358281
359128
359128
41940376
17716727
37897057
359976
360825
2959506
52622864
36075479
361675
361675
362526
81051568
89912461
98165844
363378
363378
364231
60150944
364231
73999260
365085
365085
365940
365940
365940
366796
34425661
366796
367653
59195393
367653
368511
368511
368511
369370
369370
369370
370230
370230
82067717
1305464
371091
371091
371953
371953
83391041
372816
30869917
372816
373680
373680
373680
89522825
21984682
374545
48479013
375411
3326055
376278
376278
73567167
377146
377146
377146
378015
36391773
53487112
378885
70148507
378885
379756
83601220
379756
34528475
380628
3050904
381501
80212211
381501
59636007
2438640
382375
383250
383250
39590977
384126
384126
384126
78370445
385003
385003
385881
385881
385881
386760
386760
386760
387640
22357528
387640
388521
388521
61325682
389403
91498649
389403
2556844
390286
74446557
82824168
391170
12117016
392055
392055
96259165
392941
392941
392941
75866952
17374750
393828
77236823
394716
73638569
395605
395605
4515303
396495
396495
396495
397386
397386
29503596
398278
398278
398278
20269333
30240872
72429574
400065
400065
81841085
38640502
400960
38146066
401856
401856
401856
402753
402753
402753
403651
403651
403651
404550
404550
66144590
39165875
405450
405450
406351
406351
406351
407253
60121213
407253
55795729
29307252
408156
93996134
409060
409060
409965
409965
35412542
410871
410871
410871
411778
411778
411778
67278201
412686
412686
413595
35324125
27838373
414505
9852802
414505
415416
415416
45394893
416328
84195835
416328
417241
417241
3852716
2758117
75702430
418155
83485708
419070
45932521
419986
419986
419986
420903
420903
35299445
421821
60547088
421821
422740
422740
422740
423660
423660
423660
424581
424581
21705230
425503
425503
425503
426426
76637754
15165024
427350
10178193
427350
47452522
16865632
428275
75773107
429201
429201
430128
88073371
430128
96401159
12280238
27447631
431985
69040085
431985
432915
8597354
97198159
433846
433846
99265872
87456945
434778
28062481
435711
435711
435711
6375090
436645
70832497
437580
76305952
437580
438516
438516
438516
28680960
439453
439453
440391
58096870
440391
441330
441330
56822808
442270
442270
95545914
443211
443211
24165251
444153
79715068
444153
445096
39845780
445096
23023257
53437573
446040
9949569
37045053
446985
16756189
447931
42358845
448878
448878
448878
22277808
449826
42154660
450775
450775
450775
451725
451725
46268088
452676
452676
452676
453628
453628
66072393
454581
454581
454581
455535
455535
61933408
456490
456490
19101953
457446
457446
55780435
81342074
458403
40615950
459361
459361
459361
13474296
460320
460320
18077326
461280
461280
25024454
462241
94900739
7877994
463203
463203
464166
464166
34549835
465130
465130
465130
4992843
466095
466095
467061
467061
467061
468028
67399904
468028
468996
468996
19996454
469965
469965
97726113
470935
470935
24239548
57702036
10295705
471906
472878
472878
472878
473851
58590701
73747543
474825
474825
474825
475800
475800
66357380
41836764
476776
83527381
70205922
477753
477753
478731
61698832
478731
30482968
18977132
479710
480690
480690
480690
481671
84331027
481671
482653
482653
78173883
483636
483636
483636
484620
19542831
59901164
41545193
485605
485605
486591
486591
67452737
71035432
487578
487578
1350009
488566
488566
489555
73306007
489555
490545
490545
490545
491536
43438849
63977640
42610338
44449528
492528
493521
73216625
12100364
494515
494515
494515
495510
495510
39524460
496506
496506
59968403
14467156
497503
92388653
498501
34196567
80233460
54668564
9377778
499500
500500
500500
500500
501501
501501
88936083
502503
502503
502503
503506
503506
503506
504510
504510
504510
505515
505515
505515
23805419
506521
506521
507528
507528
507528
508536
9132438
508536
73346886
509545
509545
510555
510555
510555
511566
6031987
511566
512578
68608638
512578
513591
513591
513591
514605
60307424
514605
58909607
76041945
515620
23065927
516636
516636
517653
517653
517653
518671
518671
518671
519690
519690
519690
94208943
520710
2830456
69986908
521731
521731
522753
79086373
522753
523776
523776
523776
524800
29194535
29314618
525825
525825
525825
67867605
526851
20859246
72285215
527878
527878
77379543
528906
528906
529935
529935
529935
6234104
530965
99860224
531996
531996
7449989
533028
533028
31922130
534061
94733135
534061
535095
22533369
535095
39215307
536130
536130
537166
537166
88656032
538203
23002972
28262903
539241
539241
539241
10750161
30265077
32606256
71439882
541320
541320
23116318
542361
542361
543403
55567674
81138548
544446
59134563
37425393
545490
545490
545490
546535
546535
9094759
10588152
94542489
547581
548628
548628
548628
549676
549676
549676
550725
550725
54609323
551775
551775
551775
38706281
552826
552826
553878
553878
48639582
63472393
554931
554931
92164110
555985
72902954
557040
557040
557040
558096
62941933
558096
559153
73071493
559153
560211
560211
560211
561270
561270
37757723
562330
562330
562330
86583683
44484866
563391
564453
564453
564453
88121885
565516
565516
566580
67002763
34565053
567645
567645
567645
8850512
60385517
568711
569778
24907635
26847167
570846
570846
13831722
99004903
571915
571915
572985
572985
572985
574056
574056
574056
575128
575128
575128
75221789
99323934
576201
577275
577275
577275
578350
40684130
578350
579426
579426
579426
580503
76763189
34829279
90431118
44793752
581581
582660
582660
582660
583740
59749079
7000252
584821
584821
38952192
585903
4888090
585903
586986
79185818
586986
588070
588070
588070
589155
589155
589155
590241
590241
47653563
591328
591328
591328
592416
81261886
592416
593505
593505
593505
25913867
59599731
57143111
47980960
595686
595686
25179388
596778
596778
94094297
18484574
597871
598965
598965
598965
600060
600060
600060
601156
76589323
601156
602253
602253
602253
55167162
603351
13843212
604450
604450
604450
16529221
605550
605550
606651
95897444
606651
607753
76007822
607753
79357198
608856
608856
609960
609960
609960
64380632
611065
611065
612171
612171
2627567
46568864
31591662
613278
614386
79705581
614386
93874129
615495
615495
616605
616605
59447253
617716
617716
53461119
618828
618828
618828
13083024
619941
619941
621055
73896209
621055
15969958
622170
98907330
15756414
623286
623286
624403
624403
624403
625521
3526344
625521
53422253
626640
626640
627760
627760
627760
628881
42585670
628881
71060985
630003
5222162
631126
631126
631126
33069822
632250
632250
65949748
90296190
633375
87272676
90178440
634501
85848946
635628
20164731
636756
636756
59548596
637885
637885
637885
639015
88308192
639015
90327747
640146
640146
641278
641278
641278
16585483
30039140
642411
643545
2167548
643545
644680
644680
60827908
645816
645816
51433581
646953
646953
646953
76419596
88126555
648091
649230
649230
649230
650370
650370
65553330
651511
651511
30219791
652653
93130297
652653
653796
28680522
89841004
654940
51748652
654940
78457893
23676557
656085
657231
657231
657231
658378
16685505
658378
86412510
659526
659526
660675
48720817
660675
661825
74332252
73096242
662976
662976
662976
664128
664128
664128
15410650
665281
665281
666435
61199077
666435
667590
667590
667590
41455474
668746
6077374
669903
21765452
7677472
671061
671061
671061
672220
672220
47440173
673380
673380
673380
674541
33361582
19902875
91404710
675703
675703
676866
95427469
37513073
678030
678030
56916628
679195
679195
679195
680361
680361
680361
77283230
681528
681528
682696
682696
682696
79005650
34947974
67832146
685035
685035
685035
686206
686206
686206
687378
687378
97707893
688551
688551
688551
689725
689725
689725
690900
51602055
690900
40999725
18507431
692076
49844093
33459179
693253
694431
694431
694431
40656991
695610
695610
696790
696790
28149168
27872676
697971
697971
699153
92895588
699153
82604609
14744443
700336
73580735
701520
701520
702705
702705
702705
703891
703891
53046577
705078
705078
705078
706266
706266
1568915
707455
707455
707455
708645
99174812
708645
709836
95641081
709836
711028
711028
711028
48684808
86468506
712221
713415
76009130
713415
714610
714610
714610
715806
38971749
715806
717003
44145930
717003
718201
718201
718201
719400
39320421
52800849
720600
72545856
720600
721801
32449692
721801
89982205
723003
723003
724206
724206
724206
725410
725410
725410
726615
726615
726615
727821
727821
727821
15238011
729028
729028
730236
730236
71554716
31401456
731445
731445
54415144
64082833
732655
733866
911493
733866
735078
735078
59070222
736291
736291
736291
32489828
737505
737505
72466944
738720
46929957
84872912
739936
739936
48659487
741153
741153
742371
49552387
742371
743590
18813658
743590
744810
744810
744810
746031
746031
746031
747253
747253
747253
748476
748476
748476
749700
749700
64791098
750925
750925
750925
752151
62780954
549256
753378
753378
753378
754606
69735279
754606
86295787
755835
755835
757065
757065
50985385
758296
758296
758296
759528
759528
15121108
760761
760761
760761
761995
761995
761995
763230
763230
763230
764466
764466
764466
6097174
765703
765703
12219554
766941
766941
768180
31613321
768180
769420
769420
769420
71081911
49532701
770661
771903
771903
771903
773146
773146
773146
774390
39215546
15233290
775635
775635
775635
776881
776881
776881
778128
778128
778128
779376
9699868
779376
780625
82672079
780625
781875
781875
781875
783126
783126
783126
784378
784378
784378
785631
36530487
785631
786885
55674034
786885
788140
788140
788140
46581959
15628201
789396
790653
790653
10849841
55145696
791911
86330293
793170
4755508
23672594
12490495
794430
51587258
795691
795691
795691
49151601
796953
25951011
92828138
798216
798216
1694008
94930416
92674506
800745
98618633
800745
14498597
21121477
802011
50169092
803278
803278
804546
804546
804546
29650736
805815
38587179
807085
807085
807085
808356
25957467
808356
809628
809628
14723135
810901
88177622
99156569
812175
812175
812175
94766614
813450
75267678
814726
814726
71475099
816003
56673353
816003
74603898
817281
817281
818560
818560
818560
27074153
819840
819840
821121
85395283
821121
822403
18815146
822403
42579904
31273582
823686
26308424
7288142
2634222
826255
826255
80641054
827541
827541
827541
828828
828828
828828
89354778
50558239
830116
831405
72409278
831405
21635522
832695
832695
31011817
833986
833986
835278
835278
835278
13283758
836571
836571
837865
837865
14502626
839160
35501372
839160
840456
840456
840456
841753
81944168
841753
34704433
94771880
843051
22312487
18249358
85187737
845650
83944948
43496393
846951
846951
846951
848253
44695485
848253
849556
67706892
30334044
850860
93720038
850860
94822388
852165
91237369
853471
853471
853471
854778
854778
854778
856086
856086
94502571
857395
79070845
857395
96788784
80776365
69457317
84204771
860016
860016
861328
861328
6975298
30075818
862641
862641
863955
863955
863955
49751883
9909678
865270
866586
866586
866586
867903
867903
867903
869221
869221
869221
18063493
71080750
5445683
871860
13147519
50700876
873181
873181
9389892
874503
874503
874503
3399099
875826
875826
98642124
877150
16865179
878475
878475
878475
879801
47068829
879801
80530985
881128
881128
48010957
882456
882456
883785
883785
68342660
885115
885115
30389089
886446
886446
886446
31170923
887778
887778
889111
11550564
889111
890445
890445
890445
891780
891780
80345736
43956429
893116
68005230
894453
894453
894453
54015122
895791
895791
897130
76542173
4278577
93539877
898470
898470
83050532
899811
899811
94353926
87553160
901153
902496
93156131
14216019
903840
30698219
903840
905185
905185
14077493
4026088
62579125
6256427
907878
86468570
907878
909226
909226
909226
35161274
910575
910575
911925
5738071
911925
82483125
913276
913276
94490668
914628
914628
44092743
915981
44526338
917335
6378846
917335
918690
85311137
918690
920046
920046
73116753
37727750
13217450
921403
922761
922761
95533814
924120
924120
924120
925480
925480
925480
53497810
926841
926841
928203
18761994
928203
98216116
50903104
929566
930930
930930
5971097
932295
59388703
932295
933661
933661
14922008
935028
935028
935028
936396
936396
54925939
937765
937765
937765
939135
939135
32575591
69162673
59399503
940506
941878
941878
941878
76895114
943251
4620842
944625
13066595
18381354
946000
946000
44625426
91132126
947376
947376
948753
23513112
30838732
40741323
950131
57761992
951510
52162314
11567686
952890
97141959
952890
954271
90955383
94808831
955653
955653
94707449
957036
957036
34342325
31698950
958420
27584936
959805
98115781
959805
961191
961191
961191
962578
962578
962578
86204468
93509640
963966
965355
965355
965355
966745
966745
966745
968136
56137615
968136
969528
12393568
969528
970921
970921
970921
972315
14575094
972315
973710
22216558
61022337
975106
975106
975106
53425844
976503
976503
977901
977901
977901
68580268
77132903
979300
980700
980700
980700
1502319
982101
982101
92943806
983503
983503
984906
984906
86643953
986310
986310
986310
987715
987715
987715
989121
989121
989121
990528
990528
990528
10991081
991936
991936
993345
993345
993345
994755
80534697
994755
67234919
996166
6692104
997578
70671772
997578
998991
998991
38677677
1000405
1000405
1000405
1001820
18439987
1001820
65761534
83958222
1003236
1004653
1004653
1004653
1006071
48128348
1006071
1007490
1007490
1007490
12361536
1008910
86651790
48075504
1010331
15882522
1011753
65560942
8101137
29844166
1013176
1527061
1014600
1014600
94081741
71278304
1016025
91723597
1017451
1017451
9907293
1018878
1018878
1018878
1020306
1020306
1020306
19045185
1021735
10256372
90109218
1023165
5786379
1024596
1024596
1024596
31817267
1026028
21947749
12793154
62045602
1027461
1028895
72909076
1028895
95675079
71517740
1744445
15742395
1031766
1031766
1033203
1033203
8734535
1034641
1034641
16331361
1036080
1036080
1036080
1037520
1037520
1037520
1038961
1038961
1038961
1040403
1040403
1040403
57266847
1041846
1041846
51212519
1043290
1043290
1044735
1044735
1044735
54171278
1046181
1046181
1047628
1047628
1047628
1049076
1049076
79462942
10849695
30768600
25132332
1051975
1051975
87443418
55288765
1053426
1053426
1054878
1054878
2573759
14879423
93117691
88785564
1057785
1057785
68343789
1059240
1059240
1059240
86824649
1060696
1060696
1062153
1062153
1062153
1063611
12373832
1063611
40053700
45653269
1065070
1066530
1066530
1066530
11579618
1067991
29102167
1069453
1069453
34045243
1070916
1070916
71319143
1072380
41940052
1072380
1073845
1073845
94419038
1075311
1075311
73597165
4965116
1076778
85123474
1078246
1078246
1078246
1079715
4219991
42654621
1081185
99095890
1081185
80579156
1082656
57327696
75209226
69224485
42216270
1085601
1085601
1085601
1087075
35444919
90332073
1088550
1088550
36835896
47427417
1090026
1090026
1091503
1091503
19036985
1092981
66568249
46261395
1094460
1094460
36448720
1095940
1095940
1095940
54977929
1097421
1097421
1098903
23577766
71783957
92808156
1100386
1100386
7901180
72466116
75679090
1103355
1103355
91925053
1104841
1104841
50154946
1106328
1106328
1106328
1107816
44546506
95295067
1109305
1109305
1109305
1110795
1110795
1110795
67514270
1112286
1112286
46579533
1113778
1113778
1115271
34857296
1115271
75840044
1116765
1116765
46637972
1118260
72136816
14511711
1119756
1119756
1121253
96926017
4923198
55412326
1122751
82580617
1124250
1124250
1124250
34479178
32537415
1125750
1127251
31073561
1127251
1128753
1128753
22824751
94526331
43218375
1130256
1131760
32001340
40426136
1133265
1133265
1133265
1134771
1134771
96772337
1136278
1136278
1136278
12445068
1137786
91735171
1139295
13102670
1139295
1140805
1140805
29836525
87931336
3646533
1142316
11016479
1143828
1143828
1145341
1145341
54572650
20885513
42808012
1146855
1148370
1148370
1148370
8037730
1149886
1149886
1151403
1151403
1151403
1152921
1152921
1152921
1154440
1154440
1154440
1155960
44865587
1155960
1157481
1157481
1157481
1159003
30136843
2456982
1160526
1160526
1160526
1162050
1162050
1162050
17929981
90850892
1163575
1165101
15463183
75502706
1166628
1166628
1166628
65367068
1168156
47038160
1169685
41887064
1169685
1171215
1171215
1171215
49339924
88558231
51949353
48716532
75599225
75298193
1175811
1175811
1175811
1177345
1177345
1177345
81912222
14745479
1178880
1180416
26765661
14220809
5573969
1181953
1181953
1183491
1183491
1183491
44719831
1185030
1185030
1186570
1186570
1186570
32219470
7421953
1188111
49617648
1189653
1189653
1191196
1191196
2943286
1192740
69851781
1192740
1194285
1194285
1194285
97903055
83984308
55694840
86573511
1197378
64497867
38340883
1198926
1198926
34808344
4323503
1200475
1202025
1202025
1202025
1203576
1203576
51666278
1205128
31594323
1205128
3926692
1206681
1206681
1208235
1208235
1208235
1209790
1209790
1209790
1211346
1211346
46860057
82502699
1212903
1212903
25166001
1214461
10128204
75381778
32117486
61861602
1217580
1217580
59817318
58214392
21495958
1219141
1220703
21844223
48427260
1222266
1222266
73507224
1223830
79745764
95326434
35114727
1225395
1225395
1226961
1226961
1226961
15087763
1228528
28062392
1230096
1230096
1230096
1231665
1231665
1231665
1233235
1233235
1233235
1234806
46727245
1234806
22048741
1236378
61111555
95433409
96223989
1237951
1239525
79021078
3130309
1241100
76003440
1241100
75525463
1242676
1242676
77093971
79117357
1244253
5198372
1245831
1245831
64775380
1247410
39659715
1248990
1248990
1248990
1250571
98576491
1250571
1252153
1252153
1252153
48856526
1253736
83856079
1255320
1255320
1255320
1256905
75827893
1256905
1258491
40328762
1258491
1260078
78407952
1260078
1261666
28186331
1261666
21575267
1263255
1263255
50975917
1264845
1264845
1266436
1266436
1266436
62591475
1268028
1268028
34646748
64742115
1269621
1271215
4503553
1271215
1272810
41747994
1272810
41882946
1274406
1274406
64870466
47081949
1276003
1277601
1277601
64517091
44662792
18257632
1279200
91379634
1280800
1280800
1282401
1282401
1282401
1284003
41745560
25127278
1285606
83695964
1285606
1287210
75430135
1287210
1288815
35087009
99744475
1290421
15244730
1290421
1292028
92161591
62699971
1293636
1293636
1293636
1295245
58035828
1295245
58480193
1296855
1296855
99664135
1298466
88753214
1300078
1300078
88867197
21925026
1301691
10783460
1303305
82966287
33282425
84412831
1304920
19370391
47596138
1306536
1306536
1308153
1308153
1308153
1309771
84369731
99210217
1311390
1311390
1311390
28496966
1313010
1313010
1314631
1314631
1314631
1316253
29758379
1316253
1317876
1317876
23887212
90043074
20502900
65578017
6851659
1321125
1321125
3579468
1322751
1322751
16904402
1324378
1324378
1326006
1326006
84181093
1327635
1327635
1327635
50594356
90618410
79439436
1330896
1330896
1330896
73491414
87748782
1332528
1334161
73984654
1334161
91455192
1335795
1335795
1337430
1337430
85991076
1339066
1339066
1339066
1340703
1340703
31234489
78379754
1342341
42819612
1343980
1343980
1343980
1345620
1345620
93182076
1347261
9080871
1347261
1348903
1348903
1348903
1350546
1350546
1350546
47960883
1352190
1352190
67726687
1353835
1353835
74066224
99063082
1355481
25543189
1357128
1357128
1358776
1358776
58559294
1360425
1360425
32723586
89114938
11189118
1362075
1363726
1363726
7583364
1365378
55511443
1365378
94474963
13153369
16063021
26488094
80877405
53942903
41831921
1370340
1370340
21152640
26431737
1371996
1373653
5921581
1373653
1375311
1375311
1375311
1376970
1376970
1376970
1378630
1378630
13578842
1380291
1380291
1380291
1381953
1381953
1381953
1383616
1383616
1383616
1385280
1385280
51743377
1386945
1386945
1386945
92212022
12886818
1388611
1390278
82631459
1390278
36956623
57332994
30645974
1393615
52182889
1393615
1395285
1395285
1395285
1396956
64692769
78979301
1398628
23709626
1398628
10063342
95524335
1400301
1401975
1401975
1401975
99360421
1403650
1403650
1405326
1405326
1405326
1407003
1407003
26081487
1408681
1408681
1408681
1410360
73654634
1410360
1412040
1412040
1412040
77386311
1413721
1413721
1415403
44666551
1415403
24528957
91820944
1417086
58138639
1418770
1418770
55816128
1420455
1420455
1422141
1422141
1422141
1423828
1423828
72185930
1425516
1425516
1425516
1427205
8903964
1427205
39704877
1428895
48977342
1430586
1430586
72233599
1432278
1432278
67143587
1433971
1433971
1433971
15869637
1435665
18297009
63598434
89890985
1437360
1439056
1439056
1439056
55746013
1440753
2884938
1442451
76257834
1442451
1444150
1444150
1444150
1445850
71198510
1445850
1447551
1447551
1447551
1449253
1449253
1449253
6831694
1450956
1450956
75019672
27879503
1452660
1454365
1454365
64959580
87949181
1456071
1456071
1457778
1457778
61349644
38362573
1459486
1459486
1461195
1461195
68772875
1462905
1462905
62685060
41462334
1464616
77146559
1466328
87871244
87214160
1468041
1468041
63132853
1469755
1469755
1469755
1471470
1471470
1471470
1421437
1473186
1473186
1474903
51333635
1474903
1476621
68256735
1476621
1478340
1478340
45938763
1480060
1480060
1480060
1481781
81046856
1481781
1483503
91486481
1483503
17806343
1485226
1485226
1486950
13406039
1486950
1488675
1488675
1488675
1490401
1490401
1490401
1492128
1492128
1492128
1493856
1493856
29588092
1495585
1495585
1495585
1497315
4698719
1497315
1499046
1499046
1499046
10132922
1500778
1500778
44904495
1502511
67174744
1504245
1504245
1504245
48892983
1505980
1505980
9388352
1507716
1507716
1509453
1509453
33261102
1511191
1511191
7117396
57752032
6518697
1512930
1514670
1514670
1514670
69303307
75279054
75458663
1518153
1518153
63245972
1519896
1519896
1519896
1521640
1521640
1521640
1523385
47491678
32231099
1977234
35648792
33926924
1526878
5077045
1526878
1528626
1528626
1528626
61278240
1530375
1530375
1532125
1532125
16918027
64756175
79237596
1533876
1535628
1535628
1535628
1537381
1537381
1537381
1539135
1539135
1539135
1540890
92963631
1540890
1542646
16979701
1542646
68950606
58026513
1544403
1546161
1546161
1546161
1547920
46098695
59588851
1549680
1549680
28212878
1551441
93865867
1551441
1553203
26891134
1553203
85548090
1554966
1554966
1556730
1556730
39244859
1558495
1558495
87448808
1560261
1560261
1560261
1562028
1562028
1562028
1563796
94846525
83180072
1565565
1565565
1565565
1567335
1567335
1567335
1569106
76956297
1569106
1570878
60629375
1570878
1572651
1572651
44142414
1574425
1574425
1574425
1576200
1576200
1576200
49558815
87454702
53736889
1579753
1579753
1579753
29225781
1581531
1581531
1583310
1583310
1583310
1585090
17127037
55998995
1586871
1586871
1586871
19316363
1588653
94991598
56806273
1590436
1590436
71991857
73644226
1592220
443285
1594005
72287227
30778697
40849559
1595791
1597578
1597578
67471624
1599366
1599366
38619640
53494622
1601155
71946972
16074537
1602945
9998637
1604736
1604736
48976982
1606528
18692896
1606528
1608321
1608321
66723604
65015689
30214453
1610115
1611910
76067570
1611910
772129
1613706
1613706
1615503
26469959
91091059
93753589
1617301
1617301
18601549
52059661
1619100
50126729
1620900
1620900
1622701
1622701
24724233
19826213
1624503
78958192
11691939
49868472
70390463
1628110
1628110
18937466
1629915
1629915
1629915
39642844
1631721
1631721
1633528
17143697
1633528
1635336
97736306
1635336
1637145
97332097
62240351
1638955
1638955
1638955
18235758
30513086
75051140
30586971
1642578
76818341
1644391
1644391
1644391
1646205
1646205
1646205
1648020
1648020
84570816
1649836
1649836
1649836
1651653
1651653
43034287
1653471
1653471
1653471
1655290
1655290
1655290
1657110
1657110
1657110
1658931
77100736
1658931
1660753
80954972
86243850
67735631
1662576
1662576
1664400
1664400
1664400
1666225
1666225
1666225
1668051
1668051
19070216
1669878
33184159
33630318
13998793
1671706
1671706
42893936
48517496
70163721
64237405
1675365
1675365
82993777
1677196
96072672
1679028
1679028
1679028
89542824
1680861
1680861
1682695
99156357
1682695
85943243
55548696
1684530
1686366
1686366
1686366
1688203
1688203
9842349
1690041
1690041
51293472
1691880
52180783
1691880
1693720
1693720
1693720
1695561
54338571
44059753
25328982
1697403
1697403
28614198
97468322
1699246
1701090
1701090
1701090
1702935
1702935
1702935
1704781
1704781
1704781
1706628
1706628
1706628
1708476
1708476
71472125
1710325
1710325
1710325
1712175
91581212
1712175
1714026
1714026
32836005
86845547
81694078
1715878
1717731
1717731
97619242
1719585
1719585
1719585
20057018
1721440
1721440
1723296
1723296
1723296
31764018
69923884
1725153
16549895
1727011
9692226
92134240
6282539
1728870
49073558
36317175
1730730
12404854
1732591
1732591
1734453
1734453
1734453
1736316
94414834
1736316
1738180
1738180
1738180
1740045
1740045
1740045
1741911
1741911
48087071
1743778
1743778
3971571
1745646
1745646
26938166
15008535
1747515
48250744
84867228
1749385
1749385
1751256
69058002
1751256
1753128
1753128
1753128
1755001
1755001
1755001
1756875
25961950
1756875
1758750
1758750
1758750
97293573
1760626
13664323
76205382
15076908
1762503
1764381
1764381
1764381
1766260
1766260
79683001
23599388
26656445
45937666
1770021
40422438
28795806
1771903
1771903
8287763
51898926
1773786
1773786
1775670
88553940
1775670
79617579
1777555
1777555
53132753
16511160
84798715
1781328
24993513
4668059
1783216
1783216
84251141
1785105
1785105
1785105
1786995
76222484
1786995
52963235
1788886
1788886
1790778
82767455
1790778
1792671
1792671
88015191
1794565
1794565
1794565
96310093
1796460
1796460
16130532
25253642
1798356
1800253
35016236
1800253
23368317
1802151
1528736
1804050
1804050
1804050
65672788
66911624
96228282
1807851
1807851
1807851
1809753
59369068
1809753
87074068
1811656
56020690
1813560
1813560
1813560
93413666
10594995
1815465
1817371
1817371
1817371
42300416
1819278
1819278
1821186
1821186
24656019
1823095
1823095
1823095
1825005
1825005
1825005
1826916
1826916
1826916
1828828
1828828
23970780
54971845
97015412
1830741
81941978
1832655
1832655
1834570
2068050
91376530
75878398
98087576
1836486
1838403
78977269
1838403
71593151
1840321
1840321
1842240
27708119
53250621
1844160
1844160
1844160
1846081
1846081
47651423
88780174
1848003
1848003
1849926
1849926
84381408
4423567
1851850
1851850
1853775
1853775
1853775
1855701
1855701
1855701
42767494
1857628
16498257
1859556
51312829
1859556
1861485
1861485
1861485
1863415
1863415
87150790
1865346
53410633
1865346
19637451
1867278
1867278
1869211
73654477
1869211
1871145
1871145
1871145
1873080
1873080
1873080
42003742
1875016
81866502
1876953
1876953
1876953
6263191
1878891
1878891
1880830
5180845
73878911
32498171
36263666
1882770
42844913
1884711
6846572
1886653
1886653
1886653
13914212
1888596
1888596
1890540
1890540
1890540
81418615
1892485
1892485
92997147
48043740
30765878
1896378
77815506
1896378
1898326
34815555
1898326
1900275
1900275
1900275
1902225
55102061
1902225
1904176
1904176
1904176
1906128
1906128
56100868
1908081
1908081
4069956
1910035
1910035
97882424
76939702
1911990
55064185
73646397
1913946
1913946
1915903
92466753
47292460
1917861
14519325
95551211
1919820
1919820
46792399
98944704
1921780
1921780
1923741
86183668
1923741
1925703
1925703
70023410
1927666
1927666
46629740
25924930
1929630
1929630
1931595
1931595
1931595
1933561
1933561
90622453
1935528
1935528
1935528
1937496
1937496
1937496
64890494
57476001
1939465
1941435
1941435
1941435
1943406
1943406
1943406
1945378
1945378
1945378
1947351
19359111
64590604
1949325
15815388
73161593
1951300
96920556
89535552
1953276
41146818
42470496
1955253
50831440
26346831
1957231
1957231
1957231
2357402
51404699
1959210
1961190
6298628
1961190
1963171
88108995
9465338
1965153
1965153
1965153
1967136
1967136
1967136
48074385
79610921
30958866
20217860
1971105
26660172
1973091
1973091
1973091
1975078
1975078
39243455
1977066
78463441
1977066
1979055
1979055
1979055
28316300
1981045
29845861
1983036
16316508
78110688
17922461
1985028
81553575
1987021
49014789
1987021
82516522
1989015
1989015
1991010
1991010
70145258
1993006
1993006
1993006
1995003
1995003
1995003
1997001
1997001
1997001
1999000
26842958
33938919
62502364
2001000
2001000
2003001
2003001
2003001
29750450
88667689
2005003
2007006
2007006
2007006
2009010
2009010
2009010
2011015
2011015
2011015
2013021
2013021
2013021
2015028
2015028
25958488
2017036
2017036
48355168
2019045
2019045
2019045
2021055
29561257
2021055
2023066
2023066
7261411
2025078
2025078
94420976
2027091
98137373
2027091
2029105
27921710
97178408
80314977
2031120
2031120
2033136
2033136
30589984
98225564
2035153
2035153
2037171
2037171
2037171
2039190
61851702
2039190
2041210
2041210
2041210
2043231
89766809
83276354
2045253
95448878
2045253
77939222
88814085
94946605
92602091
2049300
2049300
2051325
81009617
47091092
2053351
2053351
86186981
2055378
77810418
2055378
2057406
2057406
2057406
2059435
8301162
17832312
65013807
2061465
73313047
50747952
2063496
39848794
45628100
2065528
1266577
15773137
2067561
2067561
54236442
2069595
88289914
2071630
17066960
34882296
68113010
43092676
2073666
16098800
2075703
2075703
67486427
2077741
2077741
2079780
2079780
2079780
2081820
77416872
2081820
35381532
2083861
2083861
18871731
17642544
2085903
2087946
2087946
66326890
80537979
2089990
71857211
2092035
2092035
2092035
2094081
48769592
2094081
2096128
2096128
49094556
2098176
42988556
2098176
24483198
2100225
18583024
2102275
2102275
2102275
2104326
2104326
83417314
2106378
41633502
55167924
89814141
78552142
2108431
2110485
2110485
2110485
2112540
2112540
2112540
2114596
2114596
2114596
2116653
2116653
71253793
2118711
73132710
2118711
2120770
2120770
2120770
2122830
2122830
34052319
2124891
49634563
35593673
2126953
59246891
2126953
2129016
2129016
78187308
99261681
2131080
2131080
2133145
32584107
33524224
2135211
2135211
2135211
2137278
2137278
21950499
2139346
2139346
97609513
2141415
2141415
2141415
2143485
2143485
95341540
2145556
2145556
2145556
18657835
2147628
2147628
74285453
19761671
2149701
55933977
2151775
2151775
37365849
2153850
5347804
2155926
2155926
41286521
2158003
2158003
2158003
2160081
2160081
2160081
17288542
2162160
2162160
2164240
60731927
2164240
76901129
2166321
43126679
2168403
2168403
15771826
2170486
2170486
2170486
53675829
42296949
2172570
2174655
2174655
2174655
2176741
2176741
2176741
2178828
53623597
27294679
6143560
2180916
2180916
4605434
70185950
2183005
85365270
2185095
99201820
2187186
2187186
2187186
2189278
98321622
2189278
2191371
2191371
79554655
2193465
2193465
12952918
2195560
2195560
85699302
51320266
2197656
41621662
2199753
2199753
2199753
2201851
2201851
2201851
2203950
10706097
2203950
76492611
36264744
2206050
2208151
2208151
2208151
35525483
2210253
2210253
30835923
2212356
91876366
78811991
57722466
2214460
2216565
2216565
90969212
2218671
2218671
2218671
29873341
66052254
39652905
2222886
2222886
13543263
2224995
27165402
2224995
2227105
2227105
83942116
2229216
2229216
2229216
2231328
2231328
2231328
2233441
2233441
2233441
2235555
2235555
25331866
12955054
2237670
26846930
2239786
51315499
67607979
53960469
2241903
2241903
2244021
2244021
18132132
59417236
84449628
21304502
14518455
2248260
2248260
71791639
68773023
63884862
2252503
5771354
2252503
40907646
94738786
2254626
29996051
18344071
2256750
56826213
2258875
2258875
2261001
3077272
2261001
2263128
2263128
2263128
99633889
2265256
2265256
60022115
2267385
2267385
5557007
2269515
2269515
2271646
24646397
2271646
2273778
2273778
2273778
30150785
91536204
2275911
66858391
26346319
76987230
60502751
62640504
64503355
2282316
2282316
35723257
2284453
87026290
47184334
2286591
2286591
23259817
84010576
2288730
2288730
56393117
82836594
58623987
2293011
2293011
51310100
2295153
2295153
2295153
2297296
2297296
19133269
2299440
2299440
14342546
9903471
2301585
2301585
2303731
2303731
43092121
2305878
2305878
2305878
94879052
2308026
2308026
71546752
2310175
77901446
2312325
2312325
2312325
2314476
2314476
2314476
2316628
55975203
2316628
2318781
2318781
29542315
2320935
2320935
2320935
2323090
82621622
2323090
2325246
2325246
74650679
2327403
2327403
2327403
2329561
2329561
2329561
22823259
2331720
32225931
56618559
2333880
82021241
2336041
2336041
2336041
2338203
2338203
2338203
2340366
74785541
2340366
84228632
2342530
2342530
2344695
2344695
2344695
2346861
2346861
63494495
2349028
2349028
2349028
2351196
67536085
2351196
71351280
37365884
57885371
197239
84800950
171345
93004860
2357706
46345487
2359878
2359878
1216093
24891944
564483
75888140
36172784
694782
6511199
2366400
2366400
2366400
2368576
2368576
2368576
2370753
2370753
12184385
2372931
76855514
17776836
2375110
69606124
2375110
97875872
55487101
3264119
2379471
3893935
2379471
2381653
2381653
2381653
2383836
2383836
2383836
34907647
2386020
30344591
72739551
2388205
38064461
36705422
2390391
2390391
2392578
2392578
2392578
2394766
770702
2394766
2396955
2396955
2396955
2399145
2399145
2399145
2401336
32977524
2401336
89494583
2403528
2403528
2405721
28919339
2405721
2407915
30795187
2407915
47207290
2410110
2410110
2412306
38273259
2412306
2414503
2414503
2414503
2416701
65079757
92274324
2418900
19734926
2418900
44248432
2421100
2421100
2423301
2423301
2423301
2425503
2425503
2425503
2427706
2427706
19524018
44504407
74274807
2429910
2432115
92163021
40474478
2434321
89866636
2434321
2436528
88475201
2436528
2438736
763672
2438736
39249436
2440945
4350367
21939268
2443155
2443155
2445366
9534361
2445366
24131360
2447578
82992492
2449791
2449791
52533258
19557750
90637619
2452005
2454220
2454220
4328963
2456436
2456436
43947412
2458653
2458653
2458653
2460871
22525831
2460871
31726042
29099203
2463090
2465310
15542983
2465310
72192354
2467531
2467531
2469753
2469753
25742171
2471976
2471976
2471976
2474200
2474200
2474200
2476425
2476425
2476425
14996851
76913215
2478651
22698488
2480878
99442320
2483106
2483106
2483106
2485335
2485335
40884604
41759615
6669973
2487565
2489796
2489796
78642893
34410308
2492028
2492028
2494261
16949649
2494261
2496495
2496495
2496495
28830761
2498730
34116606
24763691
2500966
2500966
2503203
30380409
2503203
15404776
68377964
2505441
2507680
2507680
2507680
12513240
54083134
2509920
2512161
78256943
2512161
2514403
30329834
2514403
31155857
2516646
58349633
96763669
2518890
2518890
2521135
50653599
2521135
2523381
2523381
2523381
68547319
2525628
2525628
71787612
2527876
2527876
2530125
2530125
79975360
2532375
72240280
2532375
2534626
50250656
75746808
2536878
38783905
2536878
2539131
65589602
2539131
2541385
2541385
54732729
2543640
2543640
2543640
2545896
2545896
2545896
2548153
25112981
57961945
21175670
2550411
2550411
2552670
30338366
2552670
20291189
56258220
92646974
2557191
66883984
2557191
2559453
2559453
2559453
2644558
87609183
88365183
2563980
2563980
2563980
46374432
2566245
81912557
2568511
2568511
2568511
79410566
2570778
2570778
82392299
2573046
2573046
51096219
84042181
2575315
70227571
2577585
83630784
55004825
2579856
2579856
5486486
2582128
2582128
2584401
18705989
43162281
14726255
2586675
2586675
2588950
74277863
71717112
2591226
11188845
2591226
2593503
2593503
88519714
2595781
84936314
89582628
64872441
35352929
2598060
2600340
80228712
2600340
49998948
2602621
2602621
2604903
21382857
87479063
2607186
61879628
2607186
2609470
2609470
2609470
2611755
64809982
2611755
2614041
89274967
8920163
22486598
2616328
59692908
2618616
44880593
11069438
2620905
2620905
2620905
2623195
2623195
2623195
2625486
58953526
2625486
2627778
2627778
2627778
2630071
83878455
2630071
79642371
2632365
11609757
2634660
2634660
2634660
38630946
2636956
2636956
2639253
2639253
2639253
70112332
67571530
2641551
2643850
60129512
2643850
33911423
2646150
2646150
38873538
2648451
2648451
2650753
2650753
66733259
67307406
76973060
2653056
2655360
2655360
24006676
2657665
2657665
2657665
9363940
67144384
15842926
2662278
2662278
2662278
2664586
34924423
2664586
51480681
2666895
2666895
2669205
73131331
2669205
2671516
2671516
2671516
2673828
2673828
2673828
2676141
2676141
2676141
2678455
2678455
31847487
2680770
81945329
2680770
2683086
98528939
2683086
2685403
80978931
2685403
49470475
2687721
2687721
175250
2690040
2690040
2692360
80805642
70762939
10236250
52477130
2694681
2697003
2697003
2697003
26200290
13233657
2699326
2701650
2701650
64565522
2703975
72514914
2703975
57107554
86983899
2706301
2708628
2708628
2708628
2710956
19385408
2710956
92842684
2713285
2713285
2715615
2715615
2715615
2717946
2717946
2717946
80845008
9719772
13644941
2722611
2722611
36623623
61381264
2724945
2724945
87294594
2727280
2727280
2729616
58181245
36542228
2731953
7192055
2731953
2734291
2734291
98263459
2736630
88840320
32475896
54224761
2738970
2738970
5733864
2741311
34177131
2743653
20233195
93037904
2745996
2745996
39868597
2748340
2748340
2748340
2750685
70830052
2750685
2753031
78486853
2753031
97689594
92285311
2755378
2757726
87448168
95970991
18923298
39036766
2760075
2762425
4812249
38252628
2764776
2764776
58322124
2767128
2767128
69097183
2769481
2769481
63474078
26683792
2771835
2771835
2774190
2774190
2774190
2776546
2776546
84085865
44622394
2778903
51221035
50356658
2781261
2781261
24654817
2783620
18739187
2785980
2785980
2785980
2788341
15082813
2788341
2790703
2790703
2790703
2793066
33558827
22355956
2795430
94904573
2795430
48851697
2797795
2797795
89439881
2800161
2876793
2802528
9730235
2802528
2804896
2804896
2804896
27080838
2807265
2807265
2809635
2809635
2809635
90974163
2812006
2812006
32132643
2814378
2814378
2816751
2816751
63791529
2819125
2819125
2819125
2821500
2821500
2821500
2823876
55960672
98557730
13496709
2826253
65482468
22602613
2828631
2828631
2831010
2831010
2831010
70315625
91107522
55328990
2835771
51266416
2835771
14263919
54351821
2838153
2840536
2840536
2840536
2842920
38459435
71916389
2845305
2845305
2845305
45128165
43430293
2847691
2850078
2850078
2850078
50767846
23237604
2852466
2854855
2854855
2854855
97482741
2857245
2857245
2859636
2859636
2859636
92047808
2862028
2862028
2864421
2864421
2864421
2866815
2866815
2866815
2869210
16782191
2869210
73308675
2871606
2871606
2874003
89605832
14235071
48611492
49987470
2876401
99040301
2878800
2878800
2881200
15881041
7321868
2883601
2883601
2883601
2886003
52954870
2886003
2888406
2888406
32040791
2890810
19791514
2890810
2893215
2893215
2893215
2895621
2895621
2895621
2898028
2898028
61617315
2900436
56307583
2900436
2902845
2902845
2902845
2905255
2905255
86403482
89585419
2907666
2907666
2910078
2910078
43243913
2912491
21126991
2912491
2914905
9034132
2914905
40616341
2917320
2917320
2919736
2919736
63379954
94888088
2922153
2922153
2924571
24171055
153177
2926990
2926990
2926990
2929410
2929410
37088520
74757100
2931831
30270641
2934253
2934253
2934253
2936676
2936676
2936676
97923070
96300085
40309093
2941525
2941525
2941525
2943951
14808513
2943951
66208347
32259683
2946378
2948806
16257101
2948806
55946547
2951235
47947552
2953665
4938231
2953665
2956096
2956096
2956096
31691581
84829857
2958528
41910263
83382174
2960961
66895400
2963395
28241847
56018793
60255349
2965830
2968266
2968266
63641020
2970703
2970703
54095142
2973141
2973141
2973141
2975580
39399234
32068392
2978020
62393822
2978020
21440890
2980461
2980461
34230407
93427374
2982903
2985346
2985346
44401190
2987790
2987790
99922885
2990235
2990235
2990235
2992681
2992681
67185313
2995128
64539527
2995128
2997576
2997576
2997576
3000025
3000025
81605135
3002475
3002475
3002475
1691046
3004926
44614549
16486130
60366474
3007378
3009831
3009831
3009831
36138636
73940090
3012285
3014740
3014740
3014740
3017196
3017196
32238489
75443337
3019653
4547272
92371775
3022111
4793492
3024570
74547811
3024570
3027030
3027030
3027030
3029491
3029491
2323396
85352959
3031953
3031953
27915053
3302866
86120509
3036880
3036880
3036880
3039345
3039345
49537315
57596133
62789459
3041811
33445145
63190314
3044278
3046746
29048792
30307600
3049215
3049215
3049215
3051685
3051685
3051685
3054156
3054156
3054156
3056628
3056628
3056628
83931420
27762437
3059101
3061575
3061575
3061575
3064050
3064050
3064050
3066526
51909091
16875947
3069003
3069003
3069003
3071481
3071481
3071481
15265675
25014823
72978705
87642081
3076440
3076440
3078921
3078921
56121182
3081403
3081403
46381981
3083886
3083886
3083886
94492280
3086370
20896799
3088855
3088855
50445870
3091341
3091341
16106130
3093828
3093828
3093828
3096316
3096316
66533830
51945570
8557249
3098805
3101295
3101295
28918676
41443417
49029493
50276488
3106278
12284244
24267881
3108771
46147192
54954152
3111265
3111265
3111265
3113760
23143672
3113760
3116256
85246453
3116256
3118753
3118753
3118753
3121251
3121251
3121251
45383446
3123750
10812104
80361044
3126250
3126250
3128751
14389189
69384068
20247655
3131253
3131253
3133756
3133756
3133756
3136260
3136260
3136260
3138765
3138765
3138765
3141271
32891091
84289738
91751992
3143778
1757972
3146286
3146286
3146286
3148795
3148795
3148795
3151305
82641120
34215790
3153816
3153816
3153816
3156328
3156328
3156328
3158841
93882296
3158841
3161355
3161355
22607760
3163870
3163870
3163870
3166386
3166386
57585282
3168903
3168903
97883883
50274419
28356393
13137198
23510925
38160734
3173940
3176460
91349668
96654025
3178981
3178981
3178981
53505813
6044541
8906819
3184026
3184026
3184026
3186550
3186550
3186550
8239078
75014855
45777449
3191601
3191601
81649789
3194128
61487759
3194128
3196656
3196656
3196656
39355540
72803937
3199185
3201715
3201715
3201715
3204246
3204246
3204246
3206778
3206778
3206778
3209311
3209311
3209311
3211845
3211845
62211051
81625857
63456031
90590040
3216916
3216916
3216916
32879040
6731422
28210447
3221991
3221991
3221991
49549837
3224530
3224530
13800312
3227070
24380811
3229611
3229611
39052364
3232153
3232153
14546133
46033408
3234696
3234696
15355498
3237240
3237240
3239785
94402185
3239785
81615782
53230192
3242331
97028811
55370907
59485174
3247426
67316570
3247426
3249975
94100270
3249975
92764311
3252525
3252525
3255076
3255076
2993871
3257628
3257628
3257628
52603394
3434136
30754052
3262735
28695698
3262735
3265290
3265290
3265290
3267846
3267846
20359001
7240693
3270403
3270403
84509941
3272961
3272961
3275520
37691632
3694153
3278080
34719363
91885097
3280641
77133732
52874372
59020867
3283203
3283203
10491334
3285766
3285766
32532739
3288330
45299110
3290895
3290895
3290895
3293461
3293461
3293461
7223875
3296028
3296028
47946629
64611454
2736608
3301165
45859405
3301165
48917693
51241730
15979498
37645955
3306306
17757070
38603627
3308878
3308878
88936947
25761302
3311451
3314025
10480715
31352217
3316600
17192819
3316600
3319176
3319176
3319176
45937763
3321753
3321753
84842583
34953991
45324601
10775885
3326910
67728465
3329490
3329490
3329490
3332071
3332071
3332071
3334653
3334653
3334653
3337236
80302154
3337236
3339820
65943330
3339820
3342405
49559469
3342405
3344991
3344991
3344991
3347578
35595065
3347578
52018635
69173298
3350166
3352755
91400852
3352755
3355345
62347442
3355345
3357936
3357936
3357936
3360528
50795910
3360528
3363121
33912031
3363121
3365715
3365715
83443863
35716548
3368310
3368310
3370906
3370906
35508849
3373503
9125768
3373503
80414471
3376101
3376101
3378700
14585867
3378700
20088455
3381300
13514935
3383901
3383901
3383901
3386503
75901838
3386503
3389106
3389106
22760431
13657012
3391710
3391710
3394315
3394315
3394315
3396921
3396921
3396921
3399528
3399528
3399528
3402136
3402136
3402136
3404745
3404745
3404745
3407355
3407355
3407355
13566266
3409966
3409966
3412578
26138710
3412578
78553105
3415191
83885551
3417805
3417805
3417805
3420420
80348853
3420420
75262678
69530488
3423036
3425653
3425653
3425653
95241297
47855942
3428271
3430890
3430890
3430890
3433510
3433510
3433510
25443896
3436131
31393646
3438753
95035569
3438753
3441376
3441376
63837736
3444000
3444000
3444000
3446625
81144957
3446625
3449251
3449251
5846823
3451878
3451878
3451878
3454506
3454506
40636587
3457135
3457135
3457135
12749257
89641360
35728061
3462396
95777775
3462396
3465028
3465028
3465028
98933535
3467661
3467661
3470295
72923317
3470295
3472930
88616954
3472930
36243586
70648304
57298148
98776962
3478203
97533222
14745671
767597
3480841
3483480
3483480
3483480
3486120
4373711
3486120
3488761
3488761
3488761
3491403
3491403
3491403
3494046
3494046
38169393
3496690
9561174
3496690
3499335
3499335
3499335
42944626
3501981
3501981
3504628
3504628
3504628
25379081
16469073
3507276
3509925
3509925
33597166
3512575
3512575
21370082
12231642
3515226
3515226
3517878
3517878
3517878
24193982
3520531
3520531
3523185
3523185
3523185
3525840
3525840
3525840
3528496
74421431
3528496
3531153
4418603
3531153
3533811
3533811
3533811
33169272
3536470
3536470
3539130
3539130
74019884
3541791
3541791
98489255
3544453
3544453
22991599
3547116
3547116
58122414
88242910
77624677
83641047
3552445
36265008
86296877
26267951
3555111
3555111
3557778
3557778
99274304
3560446
3560446
3560446
47948197
39815891
3563115
66191397
3565785
3565785
3937675
3568456
3568456
3571128
15679395
3571128
32721943
3573801
3573801
3576475
3576475
3576475
70774508
3579150
3579150
3581826
3581826
3581826
3584503
3584503
3584503
3587181
3587181
3587181
3589860
3589860
34810225
3592540
3592540
3592540
3595221
33675549
3595221
99834787
7518367
3597903
3600586
3600586
3600586
3603270
3603270
20982559
3605955
3605955
3605955
3608641
3608641
33268480
3611328
98941494
3611328
3614016
3614016
86900106
3616705
3616705
3616705
3619395
3619395
3619395
3622086
3622086
75921523
94017456
48002920
3624778
90982687
3627471
3627471
48301257
47024827
3630165
3632860
3632860
3632860
51204791
3635556
3635556
3638253
3638253
3638253
3640951
3640951
96032405
3643650
3643650
3643650
3646350
3646350
3646350
3649051
92118292
5732789
3651753
3651753
96782595
3654456
3654456
3654456
3657160
3657160
3657160
3659865
3659865
77161731
3662571
3662571
3662571
3665278
70896404
17281868
3667986
3667986
3667986
28728942
3670695
3670695
63253773
4076858
57808310
91432732
3676116
3676116
84756112
3678828
3678828
3681541
79696310
80782114
3684255
74355634
64479806
3686970
3686970
47997129
79037945
3689686
3689686
3692403
42239791
3692403
3695121
37482708
3695121
3697840
3697840
3697840
3700560
3700560
58457670
3703281
58165165
3703281
66366857
44345490
3706003
3708726
3708726
3708726
3711450
3711450
3711450
3714175
47504428
3714175
39115441
95074915
70983671
31486882
45821324
70206102
3722356
8384219
70796050
3725085
3725085
21197568
3727815
3727815
59806916
3730546
3730546
3730546
3733278
36027804
14883200
3736011
49144287
3736011
3738745
3738745
5728897
3741480
46532242
52592599
3744216
62250104
3744216
3746953
3746953
84678454
3749691
68468194
91944181
17017155
3752430
3752430
2476866
3755170
3755170
69812598
3757911
3757911
3760653
3760653
3760653
3763396
3763396
8491375
3766140
3766140
3766140
73175406
3768885
3768885
3771631
3771631
10166140
3774378
3774378
3774378
3777126
78758658
3777126
3779875
3779875
3779875
26975996
3782625
3782625
3785376
3785376
3785376
1308517
3788128
3788128
3790881
45306990
72927153
3793635
3793635
3793635
3796390
3796390
85666970
3799146
3799146
68566788
3801903
3801903
17806176
44714566
3804661
3804661
69463257
3807420
79724408
3810180
3810180
3810180
3812941
3812941
9533865
3815703
1718755
3815703
3818466
3818466
3818466
53880659
51920260
3821230
3823995
31564632
3823995
3826761
56523848
92982226
3829528
22593970
83203989
3832296
32273964
3832296
3835065
3835065
3835065
3837835
812584
92361799
3840606
3840606
3840606
85152241
3843378
3843378
14323443
3846151
75007025
3848925
3848925
3848925
3851700
3851700
69501948
3854476
3854476
73415490
3857253
3857253
95803520
76564424
3860031
3860031
3862810
3862810
3862810
3865590
3865590
3865590
3868371
3868371
3868371
4883770
3871153
3871153
74051687
3873936
55272542
63063660
3876720
3876720
3879505
34888144
80918805
3882291
3882291
3882291
3885078
90527638
3885078
85226318
3887866
3887866
60066257
3890655
3890655
79777689
66027367
24766444
59264986
3896236
3896236
3899028
72676399
3899028
3901821
3901821
3901821
3904615
3904615
3904615
3907410
3907410
3907410
3910206
3910206
3910206
3913003
3913003
3913003
3915801
3915801
3915801
35549085
3918600
85048104
84587317
86748364
16503490
5886582
3924201
3924201
3927003
3927003
3927003
3929806
74537701
81031209
41962356
3932610
3932610
47360991
2052295
3935415
3938221
75746588
3938221
3941028
3941028
649936
70772374
3943836
3943836
3946645
3946645
3946645
3949455
3949455
3949455
3952266
3952266
3952266
3955078
68100188
966983
3957891
83017475
3957891
3960705
3960705
3960705
3963520
24329878
52922083
3966336
3966336
3966336
3969153
39006306
32581919
97608439
17131931
67500863
3974790
3974790
3974790
3977610
3977610
3977610
11738204
72024172
3980431
10276594
3983253
3983253
3986076
55808278
3986076
3988900
71033439
3988900
20584252
6862907
3991725
71106322
3994551
32225172
3997378
61831361
57972622
35693737
4000206
4000206
4003035
4003035
4003035
4005865
4005865
4005865
4008696
4008696
4008696
4011528
95985100
4167624
46522075
4014361
4014361
81170734
4017195
4017195
4020030
4020030
4020030
4022866
4022866
4022866
4025703
7127619
4025703
75241212
4028541
4028541
4031380
4031380
4031380
77923112
66378147
4034220
4037061
4037061
4037061
4039903
4039903
4039903
4042746
4042746
4042746
4045590
4045590
4045590
87070878
4048435
48673638
33405169
4051281
84115389
4054128
4054128
87666411
4056976
7118436
52000953
4059825
78774310
90264365
33316690
4062675
4062675
49124116
4065526
4065526
80819305
4068378
4068378
4071231
98338882
25981850
86680437
40190818
4074085
4076940
4076940
4076940
4079796
4079796
4079796
4082653
4082653
4082653
4085511
4085511
4085511
76310509
4088370
4088370
4091230
19659971
4091230
4094091
67381387
4094091
74043734
4096953
98428168
4099816
4099816
4099816
4102680
15891793
4102680
4105545
4105545
23765780
4108411
4108411
4108411
20632655
4111278
48935656
70827903
4114146
4114146
4117015
4117015
4117015
10946658
37774305
4119885
41482331
4122756
4122756
4125628
4125628
4125628
4128501
4128501
4128501
84336098
69279151
4131375
21509726
16988405
4134250
4137126
4137126
1342970
63545700
4140003
4140003
93096964
36563592
61606675
4145760
62851162
74392404
4148640
4148640
4148640
4151521
32440515
4151521
4154403
4154403
4154403
42775969
4157286
4157286
4160170
13734624
4160170
4163055
4163055
4163055
46706964
4165941
4165941
4168828
4168828
4168828
4171716
4171716
4171716
4174605
4174605
71531070
4177495
4177495
4177495
7159599
4180386
72724563
4183278
4183278
4183278
39179611
4186171
4186171
30504187
2890637
4189065
27106785
4191960
4191960
4194856
30899695
4194856
52606152
4197753
4197753
4200651
4200651
4200651
4203550
4203550
4203550
4206450
77292554
25164256
4209351
4209351
44449264
12200181
4212253
4212253
4215156
4215156
4215156
51911776
66592188
4218060
4220965
4220965
67310942
35833257
62076370
4223871
4226778
17989108
4226778
4229686
57082508
4229686
80598236
4232595
6934353
9539478
19631764
4235505
4238416
4238416
4238416
4241328
4241328
4241328
86908971
4244241
36272303
42739934
60915943
4247155
34178410
4250070
4250070
4252986
4252986
4252986
60243516
7392469
4255903
4258821
81254905
4258821
4261740
4261740
55985718
4264660
4264660
4264660
4267581
4267581
4267581
4270503
4270503
5885475
4273426
10980322
4273426
4276350
4276350
4276350
52672637
4279275
4279275
4282201
4282201
4282201
4285128
61825360
4285128
4288056
4288056
43656035
4290985
4290985
31202233
69611
80008379
4293915
4296846
95338814
4296846
4299778
4299778
4299778
4302711
4302711
4302711
4305645
36799659
87800008
26498416
4308580
97850380
4311516
4311516
84278084
4314453
4314453
4314453
4317391
4317391
57380967
4320330
4320330
11527787
87923749
29349830
4323270
4326211
4326211
65399696
1344952
58605859
4329153
4332096
39139976
4332096
4335040
4335040
4335040
4337985
4337985
4337985
4340931
4340931
4340931
4343878
4343878
4343878
6044933
51308241
4346826
17374785
48381099
30952315
57037954
85308679
94924377
4355676
4355676
4355676
4358628
4358628
82350823
4361581
4361581
4361581
4364535
4364535
4364535
93834033
11590787
4781179
50646924
18938959
10121899
22408142
4373403
4373403
4376361
82175650
4376361
4379320
20125716
4379320
4382280
97039966
4382280
4385241
4385241
22344538
4388203
7236325
4388203
17100844
70657636
4391166
4394130
4394130
4394130
4397095
79628110
4397095
44120479
26669859
4400061
4403028
25021446
37513251
4405996
51183297
58364332
4408965
35404326
4408965
4411935
57494638
4411935
4414906
54795745
31514134
67048090
22876533
78249645
4420851
4420851
4420851
6291981
4423825
4423825
74952256
4426800
402794
97447613
57030608
77398135
4432753
47447228
4432753
4435731
67000355
51744260
4438710
4438710
4438710
4441690
4441690
4441690
4444671
4444671
87721435
82891249
4447653
4447653
68959945
4450636
69954159
4453620
4453620
48025247
4456605
4456605
34642432
50069503
57457308
4459591
4462578
4462578
4462578
4465566
4465566
4465566
4468555
4468555
4468555
64647508
28425151
4471545
4474536
4474536
4474536
4477528
4477528
74122499
4480521
4480521
36257431
4483515
4483515
4483515
74732424
90507915
4486510
4489506
30037285
95229373
97192803
32119013
4492503
60883539
4495501
4495501
57509288
4498500
4498500
99942237
14078582
4501500
26297750
4504501
4504501
61481132
70019121
4507503
4510506
4510506
4510506
44964190
4513510
4513510
4516515
4516515
4516515
4519521
4519521
4519521
58843269
4522528
4522528
6001641
4525536
4525536
53545293
4528545
33897021
4531555
42110993
4531555
4534566
4534566
4534566
4537578
4537578
4537578
4540591
4540591
6300147
4543605
46713764
4543605
45565968
4546620
4546620
92837802
4549636
4549636
4552653
4552653
59594177
4555671
4489537
4555671
4558690
4558690
4558690
641397
4561710
4561710
4564731
4564731
4564731
71360007
4567753
4567753
76792560
12026126
4570776
44195358
76166954
4573800
79855816
69215828
4576825
42641285
4579851
14691990
4582878
4582878
4582878
67886266
4585906
4585906
4588935
4588935
4588935
97814706
4591965
4591965
45343394
4594996
4594996
4598028
4598028
13674426
15362900
81869646
28586612
7053564
4604095
4604095
4607130
1416848
4607130
2424020
24548476
74478846
4613203
4613203
4613203
4616241
4616241
43549769
67858555
4619280
4619280
4622320
4622320
4622320
4625361
89334291
4625361
4628403
4628403
4628403
4631446
14682613
16005990
4634490
83239837
4634490
51434099
87143388
4637535
4640581
4640581
83288391
4643628
45302904
4643628
4646676
4646676
22787486
46349619
4649725
66535442
96410414
4652775
46322027
4655826
4655826
81464644
47953794
55496137
94322684
4661931
22661985
4661931
4664985
4664985
4664985
4668040
60057223
2587893
54379565
4671096
4671096
57876700
81632871
1756031
4677211
69251956
4677211
4680270
4680270
4680270
53740802
4683330
4683330
4686391
4686391
4686391
88803509
4689453
4689453
4692516
4692516
4692516
4695580
44683426
4695580
4698645
4698645
4698645
4701711
4701711
4701711
4704778
10717603
4704778
4707846
4707846
4707846
38400085
4710915
859869
94439542
4713985
4713985
4717056
4717056
4717056
4720128
4720128
4720128
4723201
86285150
60228865
4726275
4726275
4726275
98728882
37406829
4729350
97546427
4732426
4732426
70209189
99077725
84576606
4738581
12219136
4738581
4741660
4741660
4741660
4744740
4744740
4744740
38352132
4747821
4747821
4750903
15610452
4750903
4753986
4753986
4753986
53667734
4757070
4757070
4760155
4760155
658393
4763241
4763241
4763241
4766328
4766328
4766328
67626971
4769416
4769416
4772505
4772505
4772505
24139856
4775595
4775595
4778686
4778686
4778686
79275481
40823784
53562914
4784871
4784871
4784871
4787965
80071479
41471215
79066954
4791060
4791060
4794156
55552645
38875265
4797253
4797253
4797253
4800351
4800351
4800351
94006561
4770658
71413031
30258302
20755681
99154562
4809651
4809651
4809651
80093677
36213151
65497562
27544125
4815856
4815856
98036371
4818960
83015730
4822065
4822065
4822065
84717667
4825171
4825171
91178811
22527638
4828278
99019370
84119139
4831386
4834495
4834495
4834495
4837605
96016689
29253777
92828569
4840716
4840716
4843828
8948162
4843828
4846941
77281995
35079439
4850055
4850055
4850055
4853170
4853170
29766047
4856286
29692678
4856286
62944143
4859403
45193308
85985514
49533635
99457350
4865640
4865640
4865640
73154482
4868760
4868760
4871881
4871881
4871881
99441166
93866968
4875003
4878126
4878126
4878126
6929906
4881250
26015612
4884375
4884375
4884375
49007082
4887501
4887501
47837057
4890628
42764308
56004494
4893756
4893756
63569538
4896885
42336854
4900015
4900015
4900015
1486867
4903146
4903146
4906278
4906278
4906278
53035145
4909411
4909411
4912545
41412581
4912545
4915680
32630395
4915680
4918816
4918816
98711587
88179255
9035605
30447457
38397868
4925091
4925091
4928230
4928230
4928230
46499871
97555759
4931370
28818617
4934511
38863583
4937653
4937653
4937653
4940796
25913714
4940796
16703689
33751851
4943940
4947085
4947085
4947085
4950231
98076968
8631167
4953378
20022113
19269891
70651670
62724283
69605935
52610826
4959675
81595115
4962825
4962825
4962825
4965976
4965976
4965976
4969128
13591090
4969128
19628364
4972281
4972281
8035747
4975435
4975435
4978590
4978590
51867831
4981746
4981746
44680410
4984903
85496347
32721780
4988061
4988061
4988061
4991220
4991220
4991220
74288167
67840000
4994380
4997541
4997541
4997541
5000703
5000703
5000703
5003866
5003866
5003866
3582293
5007030
5007030
5010195
1403719
5010195
13362025
5013361
5013361
5016528
84222776
5016528
5019696
91281263
5019696
21185783
5022865
69286946
50215005
34319668
5026035
19855089
90980349
5029206
5032378
93134402
47209289
5035551
5035551
79190305
5038725
91689076
5038725
5041900
5041900
87415977
5045076
5045076
5045076
5048253
5048253
15508508
74545818
5051431
5051431
5054610
39631206
89414644
5057790
5057790
5057790
5060971
5060971
4148801
5064153
65783953
87604370
5067336
5067336
56085106
77525532
57307829
5070520
5073705
5073705
5073705
5076891
5076891
5076891
5080078
5080078
5080078
5083266
5083266
5083266
5086455
5086455
5086455
5089645
5089645
5089645
5092836
26963759
5092836
48447608
5096028
5096028
32025697
5099221
5099221
5102415
55284820
5102415
5105610
5105610
5105610
5108806
5108806
72040992
23313262
5112003
9728784
5115201
5115201
5115201
5118400
5118400
5118400
5121600
5121600
5121600
5124801
26974409
5124801
5128003
37862858
5128003
35390112
5131206
88960081
5134410
5134410
63578959
5137615
5137615
5137615
5140821
5140821
5140821
5144028
5144028
5144028
5147236
92823735
28686185
65416290
5150445
5150445
16603154
60835295
5153655
5156866
5156866
5156866
5160078
5160078
6528577
5163291
5163291
5163291
5166505
77047077
5166505
5169720
77165107
5169720
63320442
5172936
5172936
5176153
5176153
5176153
5179371
95194646
5179371
70159376
5182590
5182590
5185810
5185810
5185810
5189031
5189031
5189031
42392849
5192253
5192253
5195476
5195476
5195476
5198700
5198700
5198700
5201925
5201925
44488943
85861439
5205151
26663007
5208378
5208378
89277665
83925677
77195784
69993418
88156545
5214835
5214835
5218065
12390856
44516710
5221296
5221296
5221296
5224528
5224528
5224528
5227761
31647308
5227761
5230995
5230995
5230995
5234230
5234230
22187274
63195647
5237466
5237466
5240703
31503952
5240703
5243941
5243941
16987334
5247180
5247180
5247180
5250420
16332447
5250420
5253661
5253661
5253661
687789
5256903
87284910
49547399
5260146
5260146
68415274
5263390
5263390
50782048
5266635
5266635
5269881
5269881
5269881
40533263
5273128
9232634
90510654
5276376
96450489
75700361
25356735
5279625
5282875
5282875
5282875
5286126
5286126
34426067
34088016
5289378
5289378
5292631
5292631
38713264
5295885
5295885
5458801
5299140
45533610
6981647
5302396
5302396
5302396
5305653
5305653
5305653
63141354
88281809
88373564
5312170
5312170
5312170
5315430
5315430
5315430
5318691
5318691
5550671
47939092
5321953
5321953
5325216
5325216
96793367
13605831
5328480
5328480
5331745
5331745
5331745
5335011
42133561
5335011
67407726
63718337
5338278
92282711
5341546
5341546
98188199
5344815
5344815
853401
5348085
95940137
5351356
5351356
68314829
61169412
5354628
57662510
5357901
5357901
5357901
54941981
29644503
5361175
10732546
5364450
5364450
5367726
1045465
5367726
24281226
5371003
5371003
5374281
5374281
38570106
5377560
5377560
5377560
5380840
5380840
5380840
32997681
5384121
5384121
5387403
48641805
5387403
5390686
5390686
5390686
31884742
4258821
5393970
5397255
57624664
5397255
5400541
5400541
21501794
98307854
5403828
14831407
5407116
16496288
5407116
5410405
5410405
5410405
5413695
5413695
5413695
86682810
5416986
5416986
5420278
5420278
64971400
70057620
5423571
5423571
5426865
5426865
25976536
5430160
5430160
74650966
36901316
5433456
5433456
5436753
65393357
5436753
5440051
5440051
5440051
58793453
47140514
5443350
36172989
63559424
5446650
39653147
5449951
70053484
5453253
18929682
5453253
61215224
5456556
71224800
5459860
86550668
5459860
97117455
5463165
5463165
5466471
5466471
5466471
55236829
5469778
41182003
5473086
5473086
65810019
5476395
5476395
5476395
9097530
5479705
5479705
5483016
5483016
57950375
5486328
39766123
5486328
44900193
57564538
2209009
86239765
5492955
98509759
23988741
5496270
5496270
5499586
5499586
5499586
5502903
5502903
5502903
84072606
5506221
5506221
63906646
73596913
5509540
5512860
584305
34911670
5516181
90615858
1883190
5519503
51041442
5519503
5522826
53248010
5522826
25068751
54543634
2059791
5529475
5529475
5529475
5532801
5532801
5532801
5536128
5536128
16075464
5539456
5539456
5539456
38695518
5542785
72356694
37237661
5546115
24013119
5549446
5549446
78897469
5552778
5552778
89362076
5556111
5556111
41268081
5559445
5559445
