2000
1
3
6
33562610
80683546
21
18375895
36
63407435
29448132
12172455
78
57900164
105
120
136
23465701
62023738
190
210
231
33106485
276
16101521
71707681
99353949
378
406
435
465
496
528
561
39099056
18201817
666
29575818
741
64985335
25700803
45552363
54829923
946
990
93323882
43129698
1128
1176
38967434
1275
1326
11609316
1431
19795063
1540
1596
57088463
1711
5558964
25716301
1891
1953
2016
2080
80993694
2211
2278
2346
90022676
46869721
484409
91464165
2701
2775
2850
2926
3003
23441171
3160
3240
29748855
3403
75042100
654101
69359780
3741
3828
3916
4005
4095
4186
4278
4371
34057588
4560
4656
4753
47661478
4950
5050
44612059
5253
51598850
54822770
82754192
5671
68976844
90974679
5995
6105
6216
20765800
6441
6555
6670
6786
86201453
7021
7140
4332985
7381
7503
7626
7750
92409528
8001
8128
8256
8385
68775287
59145755
8778
20386891
91800021
9180
9316
94772871
9591
9730
9870
76043015
10153
10296
10440
38477480
10731
10878
42546405
11175
11325
11476
10394372
11781
11935
76918703
99963263
12403
37214751
33454755
97286717
80874450
13203
13366
13530
13695
13861
14028
14196
14365
14535
14706
9330837
15051
15225
15400
15576
24792881
15931
16110
70456470
16471
29396818
16836
17020
17205
20694900
17578
77579916
17955
29603109
18336
18528
3382913
18915
9700926
19306
19503
71654213
95580614
20100
52476654
20503
20706
20910
21115
2615344
89975317
21736
46655461
22155
22366
22578
22791
58626614
80666862
23436
17077896
23871
24090
24310
96450168
24753
80044806
25200
25425
97532207
25878
26106
26335
26565
26796
27028
69793885
27495
27730
27966
28203
28441
28680
28920
40639929
29403
29646
29890
30135
30381
69543943
30876
31125
31375
31626
95148101
32131
32385
32640
83564086
33153
33411
43050852
33930
95802943
34453
71050747
34980
35245
35511
35778
36046
64707436
43500615
8838957
84511220
37401
37675
37950
38226
19232653
38781
38117022
39340
14028611
39903
40186
40470
40755
73950650
41328
49824400
41905
42195
36475450
42778
43071
98604531
43660
43956
44253
52852416
44850
45150
6527836
45753
74960703
46360
52561347
58975571
47278
47586
69432829
81704184
48516
48828
15636149
49455
49770
7098680
50403
50721
51040
51360
51681
52003
52326
52650
52257028
53301
19864171
99422992
24869561
54615
6258546
55278
55611
43146489
28680343
54940491
56953
57291
57630
78785294
58311
58653
21600612
73608317
59685
60031
60378
60726
61075
44116653
61776
62128
46497903
62835
18127926
19331293
20281773
64261
81419535
64980
65341
65703
66066
66430
66795
67161
31006582
67896
28710748
68635
69006
69378
69751
70125
12395310
70876
71253
17809818
35137398
72390
77346161
64772593
73536
86139754
74305
74691
75078
986157
75855
43018848
50064588
77028
95297686
77815
78210
78606
79003
58160378
79800
73309842
80601
81003
81406
54083019
16224738
99954462
53920976
83436
79192499
17541575
84666
26608687
85491
85905
86320
86736
87153
87571
87990
88410
88831
92553207
89676
90100
46866589
90951
91378
91806
92235
92665
93096
93528
93961
94395
28260772
95266
95703
96141
96580
97020
97461
97903
98346
98790
24706358
76569833
20883814
100576
3426952
101475
20468144
102378
1623259
30753076
103740
35441900
104653
105111
105570
106030
51747571
31290106
107416
14313041
108345
28487932
109278
109746
49879786
42859836
111156
111628
112101
51590963
113050
113526
114003
114481
114960
115440
115921
116403
116886
117370
117855
118341
118828
119316
119805
120295
120786
55088062
121771
122265
122760
55813351
9116159
87482106
83516135
125250
125751
126253
126756
127260
127765
128271
81344533
129286
129795
45867348
130816
131328
47606757
132355
132870
133386
133903
134421
134940
77154433
135981
136503
137026
137550
138075
138601
139128
139656
140185
140715
141246
50416745
142311
10669588
96202550
143916
144453
94037427
145530
146070
80808981
147153
147696
57135168
148785
53588135
149878
38919096
150975
151525
152076
152628
153181
153735
154290
154846
155403
155961
156520
157080
157641
158203
158766
159330
159895
160461
161028
57193715
63289662
162735
163306
163878
164451
165025
165600
87687963
166753
167331
167910
168490
169071
169653
20383403
170820
171405
87502173
172578
173166
173755
76099859
174936
175528
176121
176715
177310
177906
178503
80794845
179700
29757103
64875268
181503
40894767
31473040
183315
34242520
184528
185136
185745
186355
186966
96068010
188191
50947044
189420
31478447
190653
84973740
191890
192510
91850920
193753
98885174
195000
195625
25862436
31969394
197506
198135
198765
199396
200028
95638219
201295
32379490
202566
23848828
203841
204480
205120
205761
206403
207046
207690
27280714
208981
209628
210276
210925
85095692
212226
79587145
59918783
214185
5542306
215496
28733787
92418976
19635427
84050818
218791
5981325
220116
220780
221445
74582125
41901308
223446
224115
224785
225456
226128
226801
227475
228150
28418658
59898854
230181
230860
231540
23059119
232903
233586
1462546
234955
235641
236328
237016
237705
238395
239086
239778
240471
241165
241860
64789945
19767352
91603852
244650
13336500
246051
37246424
247456
248160
248865
249571
250278
21864886
251695
252405
72717259
65498928
254541
255255
40395913
78019717
73832093
258121
96974421
67634785
260281
79316329
54226262
262450
263175
68570382
264628
265356
70006886
266815
79351574
268278
269011
40515776
270480
271216
271953
272691
273430
274170
274911
275653
276396
277140
277885
6632922
21621860
280126
280875
281625
282376
283128
283881
284635
285390
286146
286903
287661
12460439
289180
289941
12032647
291466
292230
76655172
293761
294528
295296
296065
296835
297606
298378
299151
299925
300700
301476
302253
303031
303810
8872227
305371
24114416
25426228
307720
308505
54064749
310078
310866
35607717
312445
96612606
314028
314821
315615
62058538
317206
85434578
318801
319600
320400
321201
322003
48630708
323610
23724143
325221
12269000
20470002
327645
328455
329266
81427758
330891
48687262
332520
47785963
334153
10864438
94223610
57799910
54124506
338253
29732927
73964289
340725
341551
342378
343206
344035
86199956
345696
346528
347361
348195
50453796
349866
350703
39647075
88959083
4253946
354061
354903
355746
14421763
7188026
41384353
97871699
89183524
360825
361675
362526
43491514
364231
39923428
365940
366796
367653
63902997
369370
79978990
69034744
371953
372816
83827575
69031722
77788273
376278
377146
378015
879344
379756
21056426
381501
382375
28340365
384126
80832012
385881
386760
73625303
82840479
87126102
390286
391170
392055
392941
393828
82446861
395605
5142312
397386
80496681
399171
400065
400960
13374103
402753
403651
404550
405450
65825961
407253
408156
91056064
409965
410871
51831893
412686
413595
42218042
415416
416328
21237676
418155
54184967
419986
420903
22675664
422740
423660
424581
72914519
426426
427350
428275
429201
430128
431056
431985
432915
433846
434778
90803451
55239839
437580
43538874
64940725
440391
77515265
91171700
443211
96772742
10928259
446040
31193702
42627295
448878
449826
450775
451725
39814432
453628
454581
89819583
456490
58333355
40423422
33799724
460320
461280
19330565
44596766
464166
465130
9890041
467061
24967593
24546306
469965
470935
67806211
472878
473851
474825
475800
4971599
477753
478731
26277573
480690
61024448
482653
483636
484620
1736461
486591
487578
49884421
489555
47573246
89689288
42473513
81619441
494515
495510
496506
497503
36197812
85812064
500500
501501
502503
503506
504510
505515
506521
507528
508536
509545
41892501
511566
512578
46403368
514605
83208488
516636
41415833
518671
27484139
520710
521731
55852546
523776
47420569
525825
14236200
88935877
528906
529935
49610644
531996
76286515
534061
535095
76118000
537166
538203
539241
540280
541320
542361
21206890
544446
65818946
61962865
547581
66722650
549676
550725
98998333
552826
553878
554931
555985
557040
55435461
559153
560211
18707920
562330
563391
564453
565516
566580
567645
69753863
569778
570846
571915
572985
574056
575128
576201
577275
15882155
98592608
580503
581581
582660
69310507
584821
450440
586986
588070
87417761
590241
591328
592416
12574464
594595
74826089
80691739
87401030
598965
600060
601156
602253
603351
604450
605550
606651
91444494
608856
609960
611065
612171
69110153
614386
53464604
46884780
617716
618828
16270393
95512791
622170
43500988
35621452
625521
626640
627760
628881
84920061
631126
68270027
633375
634501
91579898
636756
637885
639015
640146
56523627
642411
643545
76652190
70303636
646953
32972308
649230
7001443
651511
52775486
653796
654940
29686007
657231
658378
72507209
660675
661825
662976
664128
665281
666435
667590
71888196
23157552
671061
672220
673380
674541
59926039
30489069
678030
679195
14613960
681528
41161554
15056067
685035
686206
1008489
688551
689725
690900
20025650
693253
694431
17807822
696790
697971
699153
700336
701520
702705
703891
19687939
706266
50729328
708645
45196986
711028
712221
38625456
16544966
73231255
24844642
718201
719400
90303762
721801
723003
724206
66654827
726615
727821
729028
730236
731445
732655
733866
735078
736291
29147252
738720
739936
741153
47481979
76255837
744810
746031
64529230
182323
749700
750925
53828528
753378
754606
90339948
757065
758296
759528
760761
761995
763230
764466
3397892
766941
56501301
769420
770661
31018222
77105447
774390
940851
776881
778128
779376
780625
781875
550975
784378
785631
46028948
788140
96234176
78555842
791911
793170
794430
795691
796953
798216
799480
800745
39193513
803278
61493208
805815
807085
808356
809628
810901
812175
813450
814726
54376483
817281
81831059
46679402
821121
46215606
823686
11249313
826255
827541
48180810
830116
44162724
81767141
833986
835278
96623319
837865
839160
840456
71819747
67742793
844350
845650
846951
54932259
849556
850860
57737004
92077984
66395237
856086
857395
84148472
860016
861328
77080403
863955
865270
866586
867903
869221
870540
871860
873181
874503
875826
877150
878475
879801
881128
882456
883785
885115
886446
887778
889111
890445
94805994
80174095
17828460
895791
897130
898470
23690758
901153
82153671
903840
905185
44769273
64924245
909226
910575
911925
80870800
914628
915981
917335
918690
51994381
921403
922761
95535946
53311867
97110120
928203
929566
930930
11815452
933661
935028
936396
937765
82639265
940506
46841869
943251
42078223
946000
947376
948753
950131
951510
80409071
954271
64353961
957036
958420
959805
961191
92966026
963966
965355
966745
968136
969528
970921
94225125
973710
975106
976503
41275182
979300
980700
982101
91705164
96307593
7053434
987715
20483719
990528
54683252
993345
994755
996166
96975720
998991
90117733
1001820
1003236
1004653
1006071
62624912
1008910
1010331
1011753
24247738
1014600
1016025
1017451
23671796
1020306
1021735
84073573
21748685
84204022
1027461
1028895
95425139
96055656
82167232
7539918
1036080
1037520
1038961
1040403
30094042
1043290
1044735
1046181
1047628
1049076
1050525
54414771
1053426
1054878
1056331
1057785
1059240
22739408
1062153
1063611
1065070
1066530
1067991
1069453
1070916
1072380
1073845
28920250
1076778
1078246
70130166
1081185
1082656
1084128
1085601
1087075
90272589
1090026
1091503
1092981
2103060
1095940
1097421
93845633
1100386
31631872
1103355
9989431
1106328
1107816
1109305
1110795
35606081
1113778
30814862
1116765
1118260
49940478
1121253
1122751
92551029
1125750
1127251
1128753
1130256
1131760
1133265
59596546
89356847
1137786
1139295
1140805
1142316
1143828
2628017
1146855
1148370
31540284
1151403
1152921
1154440
6467505
13392060
61083167
1160526
65761264
30368482
1165101
1166628
28669896
1169685
1171215
86581422
1174278
81868695
32872918
1178880
1180416
1181953
65978228
1185030
1186570
1188111
81391711
1191196
21232453
92716026
1195831
70218698
1198926
1200475
1202025
1203576
1205128
50608753
1208235
1209790
44451992
1212903
1214461
31162315
47081917
1219141
1220703
1222266
79116252
20830172
95685676
1228528
1230096
1231665
1233235
1234806
1236378
1237951
57524517
1241100
28642022
1244253
1245831
5876201
1248990
1250571
33794201
1253736
1255320
1256905
1258491
83342776
1261666
1263255
1264845
1266436
8448609
1269621
1271215
1272810
1274406
22996368
63606668
24867799
52385216
1282401
1284003
1285606
1287210
60587415
1290421
1292028
1293636
55128155
72555727
1298466
1300078
1301691
1303305
1304920
1306536
91269133
80811072
1311390
1313010
1314631
1316253
1317876
95974483
1321125
1322751
1324378
1326006
92438940
1329265
1330896
53932786
1334161
1335795
94368180
48258169
1340703
1342341
1343980
25104960
10862493
1348903
34779736
1352190
55295174
1355481
1357128
1358776
66710726
1362075
1363726
76699838
1367031
1368685
1370340
1371996
1373653
1375311
1376970
1378630
1380291
1381953
1383616
1385280
20357433
1388611
1390278
1391946
1393615
1395285
63669130
38700521
1400301
93106044
1403650
1405326
1407003
26941612
1410360
1412040
1413721
1415403
31421427
58190774
48860265
48173054
62372773
1425516
1427205
1428895
1430586
1432278
1433971
1435665
1437360
1436791
12364664
49319863
1444150
1445850
1447551
1449253
97977119
35382824
63108439
1456071
1457778
1459486
1461195
8627574
1464616
86576713
1468041
40929920
1471470
86105871
45184217
62844828
1478340
1480060
1481781
64805152
1485226
49113537
1488675
1490401
1492128
1493856
1495585
82422200
91386037
1500778
1502511
1504245
47585667
1507716
1509453
1511191
1512930
1514670
1516411
1518153
1519896
1521640
48579115
1525131
20579565
73694885
1530375
1532125
1533876
25961635
1537381
1539135
1540890
1542646
1544403
50754467
29397342
1549680
1551441
10307071
1554966
1556730
32001577
85212978
1562028
13910338
94426871
1567335
1569106
1570878
1572651
1574425
73639408
1577976
1579753
1581531
1583310
1585090
1586871
12379196
1590436
1592220
48388039
1595791
1597578
75189826
5701450
46586450
1604736
95668887
1608321
70865082
28254067
94174426
85162737
1617301
1619100
1620900
1622701
1624503
1626306
1628110
1629915
1631721
1633528
42063294
1637145
52890817
1640766
1642578
1644391
1646205
1648020
43839550
1651653
1653471
1655290
16045939
94735960
1660753
52049627
1664400
47553915
86005521
63043036
1671706
1673535
62963754
1677196
55545009
1680861
1682695
73977794
11365539
36333876
1690041
1691880
1693720
1695561
1697403
1699246
1701090
1702935
90498806
1706628
1708476
14111656
20412667
1714026
1715878
1717731
1719585
1721440
40268467
31403728
1727011
1728870
88593903
1732591
3522359
1736316
1738180
70080617
45692309
1743778
1745646
1747515
1749385
1751256
1753128
1755001
14380853
1758750
1760626
49370171
34768974
73281640
1768140
1770021
52254171
12157279
67540887
1777555
99165648
82493778
19282754
1785105
23152804
1788886
1790778
66441644
1794565
66772551
4169738
1800253
75962139
1804050
1805950
54495574
1809753
1811656
12739106
1815465
6073591
1819278
1821186
60175742
1825005
1440753
15766861
1830741
1832655
1834570
1836486
68160924
77127098
1842240
1844160
26720754
95705902
64881399
60868394
1853775
1855701
33259912
1859556
1861485
1863415
4579145
1867278
92928323
1871145
63580535
1875016
1876953
1878891
1880830
1882770
1884711
1886653
1888596
1890540
66964250
23276169
1896378
23116974
37884359
1902225
1904176
1906128
1908081
1910035
1911990
1913946
6640602
42405873
1919820
1921780
70245313
1925703
1927666
1929630
1931595
16436700
1935528
1937496
1939465
1941435
212148
81562836
1947351
1949325
12508383
1953276
33570970
1957231
1959210
1961190
1963171
1965153
1967136
1969120
1971105
1973091
716575
96287415
1979055
87194267
1983036
80368395
1987021
1989015
1991010
1993006
1995003
30268552
18660512
2001000
