9000
88762096
49638318
82553779
34578784
11322233
5326117
95638547
5217034
51171300
60989651
43830257
86729466
17834627
31864029
61751863
52799878
27174871
87705066
54649029
4954645
66095396
78451103
70333551
51319155
3561160
36963709
88455334
1873102
76238183
51941875
76682200
67712124
80792270
90120824
7042750
62441727
47397764
51111960
93211215
17304002
2171109
28094505
85277195
63035324
49469123
21694047
38940813
30818885
98422983
46927554
91351037
73845072
29768071
64607486
84976954
22116290
11529633
85580342
26559061
24582276
94035381
77767402
53858772
32456146
72619945
24693802
12711593
45233286
13853530
57612984
50272460
90027701
42040165
95904683
81926411
32337523
55524163
63184611
36392778
654226
16666736
43031715
30148590
60828770
35658261
23700057
67982037
17100100
90078286
84064765
61356255
85659175
7837023
46234621
11602031
40097919
3147206
65993118
795526
29213253
73399245
90862696
45621955
78317932
93853404
67477242
34897286
88461644
65675497
61730669
32979091
39628998
9634046
48030744
73108450
89018899
23682671
20717998
24834800
89650122
8782234
51616001
2308112
5677229
29649624
74719764
49190440
96660529
45328233
93954416
25622531
11219039
10814116
88051903
49813309
33314004
74522616
40932628
43209693
51608060
71533593
84053089
90720205
48414399
91762497
39944687
47703696
2058619
77260019
47017937
46790139
97715910
43784892
26289243
7868012
68267253
68490577
47990877
72104880
19231267
21931027
91115821
55811719
47571233
37134716
78698201
87497928
17111649
12716208
56047785
61769428
65421002
67089643
93459870
51656866
46478061
6358174
22453239
31931141
39140731
28080199
72770416
59608186
29493161
60927205
51276963
63500703
93405627
76957045
24099624
16384244
73452361
26665776
55265242
20373494
89986816
26887725
73225523
89532469
69341945
7623017
31965397
3687802
73318239
33710457
43033827
54315020
30564639
63940862
90607470
10478056
12083293
56136009
62485104
70478825
6052657
6479559
53336959
66102937
98279563
11679484
85905313
93538018
38598629
13180923
79217888
54876015
59680222
19781634
16718349
15511363
83127236
57356072
41903586
46362062
76158831
22903635
83528898
73641881
27451595
24050408
52674590
18805096
64708695
65627666
54443910
36328723
73019321
61162782
17642416
68642644
68687552
40907339
51758892
71257920
96712553
30162793
79980920
83483367
89584122
53643518
79113975
3292192
26850785
28355167
53477598
19946177
6504156
7752127
32413975
16871235
68431708
92960564
7193507
74246355
26825746
55654077
30319482
65150425
22179538
79882068
11461182
69422645
48502082
38422027
58548852
26447937
80222249
84158675
75745492
87593723
57580221
35159277
57512184
12270581
80209595
67810667
92183175
2144605
81015547
33523269
51093699
75374805
85059676
22322945
64804873
387810
67105378
13452914
77466930
90677124
14800016
11601624
81710379
57041932
13999225
13537406
15313342
67147848
88055074
53491885
25308755
92949890
59579745
68292856
83531497
64302935
59257511
42953820
78620094
88264692
92158780
86137934
30001453
53979604
32524178
31806615
24022050
17204969
66771500
44170513
14891763
33406607
79266345
22936838
5648321
23462164
77855916
7011030
70570263
95363029
62467734
85973170
9713557
33375431
56646577
499527
32918545
59315201
84567548
3256840
9673251
71897781
34139130
81955528
70174305
51918884
98805608
85466359
2311579
70451807
51478223
33113862
13065776
7201965
40056050
23735531
19302559
50907882
25024111
99369084
20109225
65294106
93138320
7844401
5944884
55410065
12353744
12403793
29450059
10443655
5230498
99161447
59260532
75067604
51073539
56130186
50509944
80101695
11521336
40999035
88429374
24211246
19428557
79390002
22502093
45590449
28193628
59184488
58107891
19243338
86715593
91729074
39826231
58971880
37081242
94588010
85293306
38267691
23786163
26477509
24428455
96277566
26809276
81263145
45290722
39112457
81518164
77085929
48860172
84601820
20817670
46220892
73674664
59446854
68217270
83902828
90999109
65158460
93507027
43285167
29223410
16218564
24108183
7298028
59855209
61910317
17887208
57618142
63100345
17681181
27963484
19485599
58027168
9600792
61992638
29972064
10004141
41962906
34501127
53394779
99786137
70042871
66390215
14863293
84513333
48489905
44754691
90410063
52022829
6452449
29915629
33585651
78184923
51036273
92142248
70752066
10073315
76377396
36672439
27874964
86441416
55959227
97152998
41608215
53223548
23502553
28455801
16388311
33444864
33727150
44753672
84562637
9214378
43815679
79325091
57293886
39128573
5446785
44461724
50660513
71380659
11074196
93902102
32891518
66288095
51911578
64717261
2629229
2293346
96871046
83081143
59144176
25131633
41793786
73608989
70640348
31628538
74458506
48637541
99391311
13742145
43943514
31068420
88606093
41134732
50909492
51025758
33615614
48370104
41173916
40789004
4963349
34316168
36935319
92823399
72919069
76685991
60348693
76450037
14513439
79534141
15747606
8065049
44967901
60282512
95235598
53573829
69949398
46413592
39980570
63949912
76610714
20557652
59468799
51577416
20734282
23630646
94241746
88323167
81355166
54527479
73981911
29504394
44316943
9378133
46227333
89758714
93093208
35361090
46152494
77932155
57005851
84276560
56243840
47719671
74578508
60555490
47330751
52038461
17544390
58617978
8829031
85506761
16547899
1078065
91078736
52719365
44256834
11130630
81315009
85648596
5645508
66895290
63034172
10588769
49554288
49928411
70669155
15491268
47645000
95893505
57447383
92911358
22084932
68260517
66779695
91179883
28694930
54134719
74336877
62506490
92880830
86513476
89470673
72112165
39820101
24011237
41004942
74941718
43488128
76798721
88439255
88952244
87885225
14128684
6755230
77234818
18803227
8352925
46651991
9754460
5110136
62561499
55605877
45059042
73379515
91135503
27662824
62182686
68156709
96565645
28713821
42943015
95757825
11376782
23497869
78446409
18748787
4897397
70021165
47769762
87456969
97293006
49238592
79452099
37745176
44220138
12145734
7552717
21561624
76445755
61388444
98205825
16983866
60791096
19984569
66201898
98696400
79023025
7577652
26464462
18810153
85406942
40185817
3125761
82514315
51000728
1656904
19065211
87834891
7021481
61668192
11565062
4049276
31217747
76309302
92733995
4107682
96226025
86699076
1388930
3108592
33519193
18908462
72957726
87401044
64979034
67871546
11627231
81326319
8553034
61669523
43571081
21602390
73585290
97262860
80349214
60867193
74005765
12471359
55979092
86267993
5840895
90446082
727952
63727831
82002934
60425572
40843254
71359965
59306034
62140746
80076212
18698973
76693907
61052402
46637330
33664515
55186425
85211230
55976880
44050359
4154464
87458431
88177329
82117575
97522095
71155816
64297934
45216181
47333323
56434736
17002182
74765045
52590489
50471823
13597007
43045633
87822883
58299072
70034396
73495405
97517182
36229844
69775827
4688234
19371966
81178009
33860189
60222263
10427210
37991909
86926267
76581891
13828469
16757316
51197738
89961636
55829624
97456532
3095524
33545246
10125154
59793873
75904839
16433342
21746719
63156108
64132073
7882464
47080034
81198210
66528070
5395391
69294373
46678351
78819903
45715753
22155876
37185279
86820486
6258511
32523160
6169239
2559832
44116043
92504438
90076620
54649617
18459466
95164653
57666506
51978485
92820690
59241012
40203067
4079403
77749055
91671763
65798711
14013528
71070076
75789484
65388313
83931271
32418770
6939842
55530698
57116238
276766
78656856
22435013
52112994
87749870
99217739
93415465
79046225
44665005
51460218
51925934
88229217
6936992
95296657
43723425
52009096
61086359
74490923
20100288
85757993
2933336
22314294
73765104
58011556
33695249
8626706
40939771
78225682
28691530
94188191
75327172
41345387
74716478
24623603
6603021
2487686
81264297
34171374
93948027
60975129
31771636
12072478
66154864
86083373
92385533
72421355
60328357
95914766
15982602
20642429
80572157
72990749
68706290
23911761
49351018
34105549
77569707
11031793
14935363
93771470
19229160
34356568
98020266
37338005
54559716
14729345
94049655
78830601
25776776
86411449
27185541
40057313
79896081
31032949
45025130
88584916
69866136
92459741
52150927
69448794
4873685
57386454
33698172
10639283
8769463
74545251
18495052
69203784
49388198
33719591
16523614
74196680
4136644
4491885
35362252
8480726
32488942
90227564
66612159
46049670
20253723
22441648
65047472
91949537
20630536
65475470
52128746
26825803
56310775
68140865
62919669
1948453
39425859
96111436
71348769
33707865
21884009
95123331
47606605
37001356
50283166
68744289
63339964
24685179
78506384
96335451
61785146
67366874
49517469
76396315
83039326
7809865
35324725
46280383
84991450
61888080
93281629
78932412
49683017
84966046
67294590
64445877
38545606
99925296
51627082
18745910
62900735
57081513
68480640
1907773
37571262
65480791
88787521
16108448
69743867
64021264
57902970
82325903
70179557
61532134
15614325
50170138
13838827
91834102
79722090
53441847
68616997
33616930
69069386
9370849
93807824
5952802
7865887
7244716
38906971
34112890
41082411
75926347
10414624
63423077
10039702
94767899
279332
49848705
59229502
46540929
52825036
90162144
48786589
27714738
70335368
58038297
44869778
99708225
27228296
11038389
5443206
77655007
21741208
9105404
9181974
31606904
30955084
80039598
18362522
36114106
90241063
62089635
58093804
87807609
41790805
56317470
84456049
73927438
2194179
35801240
18777056
28531766
18032105
30158938
95575627
67904143
43582771
99380083
69595475
36451456
74409671
19454865
85522666
73675214
47112763
15639963
43336718
93791141
82758452
60976886
865297
89772395
922737
24892607
62039414
23558591
17835676
92155440
82405062
73470836
71623366
94754326
24556393
24020814
47300198
57380833
37638332
53543027
96446269
15907727
96829951
64869886
53818817
74172196
42531485
67563960
92874111
69139378
7681464
92805870
59377218
96714581
41606499
49472710
52169994
56824319
28790841
33822828
6414304
23215632
36483594
89420949
63214064
20199684
41769860
76365290
49524650
58429168
78004006
49820384
66326547
5421695
19413779
43441814
49637494
84266302
13109416
8459734
67397812
48539204
22545108
70424721
53063729
69019077
44728717
65112718
12355834
29743825
81375810
24972662
72129198
14540794
77715661
14953533
27764973
32209065
47208003
38973874
51873974
71139604
70100902
33201482
90569540
84801464
91225163
77155690
82857047
72087723
38828266
93725647
60636366
96725175
55989528
14287407
53609135
99732060
35072081
7081134
15918658
49597737
19805701
94129990
74120480
77395959
41449905
55370933
28213511
94312056
37020253
9081844
25593061
64026850
50385330
33470985
8543071
89451520
20850448
60188562
77291145
63091158
88782532
44680220
93150509
29829421
28677302
73532208
98430471
61576998
84938702
39904074
4880721
46640776
25675620
33861306
91485322
84561745
21615107
85874113
98190587
60746337
95653344
65051379
47528310
99210505
39632975
47529275
90989593
3623175
42720452
54525375
32215569
19703109
64075733
62174104
13695262
349987
57084117
59953170
72712677
20741166
19153419
96821803
87273315
27459637
94229261
57470026
18766303
14938084
34252488
15070885
46011203
33519757
90916820
72339501
75688776
12256714
16952053
23717685
92587916
80821946
79683685
52869301
32742682
57483427
48016356
33908757
85452876
48971806
65131372
95458252
54065416
79928243
88709280
27370527
98169030
34175354
92263355
63609241
98364083
56450896
27101036
98090148
81579598
10965498
44501288
6405886
71761824
7791325
53032867
12108232
60870997
30278769
60462770
2890761
53669943
43946221
46934985
31503463
48009220
70595910
58757414
55164802
23058545
54187688
20339706
56981543
71310374
47346072
85763998
73494798
49466580
1266517
94595437
30638886
22275650
8012375
98238649
33278871
23360932
64630126
59418731
21032505
65664338
53944972
16249524
71308578
92560993
75320515
6880762
71624975
34506594
36358924
21323694
23379399
11269419
81165060
48360577
36329847
84274793
67720816
29910985
94800637
37583915
37883927
22912643
39056242
74283684
82430107
85686235
84126534
13087785
84677616
66474902
34902522
42445192
80632669
88589610
46720839
4544794
12785709
66506082
67027582
36424477
44198713
56530516
31215336
82884297
8437361
95919166
72587081
60909241
48014518
32749962
14047943
5818217
13953509
39430002
61278371
19755948
70944817
3455315
2839525
19844645
20319711
53491034
86639054
86920535
9960226
34965696
42530602
85937829
71006253
64246608
91897703
34191213
36889809
86768343
1015616
20350037
21535964
78339205
84233976
41864223
47150881
28321203
22101625
52712935
3361556
54308651
41392704
31590162
62172356
23925215
49064117
11140302
90179345
26104829
52700630
14230388
90512002
434661
3956806
63363489
92587207
70347286
14801436
70946494
76191824
93695064
37986787
62133479
45614025
86938517
64908049
91718297
28181703
43234329
31822520
92989439
80042457
43227444
48292639
27501399
10573502
84908615
83748856
20025770
93359970
71842096
39409172
66447523
24630868
58070669
4612114
69696943
21688635
40716058
33803440
9118674
88943188
29469972
89844443
51007798
67123514
45617135
93092828
86018018
33902815
93041482
34095216
16956311
31197176
55522378
22610284
19241837
7174667
35565809
74388726
6965969
24782502
84766164
30191009
64328625
87360939
19081100
95634911
41779516
91745025
71322031
69706492
19214155
65320851
68014875
77241589
35086006
67446639
51961618
41776602
47816928
14726936
38734377
62859377
74936131
32331658
28941151
81748499
79601749
61180711
5756304
84138341
49049969
93162817
23193140
98953705
11815393
33402763
47019255
57461646
25382435
70513583
66226102
45109725
60793566
15805677
67722180
94172242
58107716
75741146
1452290
49505556
51666027
18435313
66708677
91073359
91037392
93581233
35456287
85206546
48271396
94125469
34384387
65682522
97476612
43620432
23840886
3374814
52248432
36247753
15788483
21986045
39583841
19559263
85600455
18769367
46723910
8640910
43643543
64204481
29473346
89009726
39780674
42894822
36877343
42590719
12425832
56923672
61506877
28992920
98219985
21131436
37712623
90609240
12161584
39726481
32094192
2493700
88132371
37672156
72534714
97419736
83806008
66714048
82219672
78061775
31300373
99646922
78055713
85352974
61713304
68121471
28074869
66767970
40053469
89980945
1710426
83054661
72274783
61040104
59225241
99848604
80195351
26272
99803872
19944163
9137152
88746407
28436108
8488297
56738649
59404732
91026622
95064414
95545628
52285016
2363934
32436949
89875546
89413441
48239992
4750005
22835840
87861957
22825301
89652313
6661056
35199863
99448891
69482184
73902518
80525862
41525110
2454017
72611502
76437519
61306307
91455606
85832592
77778101
8750258
87468676
7236058
93273463
57522153
7658350
56541450
1541393
7197466
41403528
25840789
98407429
34535362
18105828
43884993
84536696
85802707
94969075
37258763
15351264
77662745
89325674
54976784
49569033
46729399
59015746
51435096
39294167
70802584
38871428
63419973
94499141
75686998
40307305
74155306
153175
80286255
92092447
95126027
65395993
19429744
85290292
39155129
84655727
42516115
37613863
79925673
71776502
9578767
57178183
67569056
58376419
26909393
60479754
24437225
44664068
51462672
30738267
62468597
76176635
24986525
61781154
89509215
32297473
91058212
3942289
52092191
62245685
29481722
62816685
8636005
59632276
22175896
21804903
41422105
52395360
96361275
37739665
11811541
41612015
24363612
95612525
44150472
30436119
77837498
52775914
8795420
47284216
79023751
49898351
94783556
13722969
3339044
44470182
27503953
18531883
18766679
10378292
83078550
38536024
65555243
40560377
46211812
75265611
16424095
12405857
13162615
63372559
22736387
61530919
50128539
58867328
22979360
71061396
92413814
74972927
12941287
68409443
74623287
71140169
4470091
50190610
19103074
30511444
10251080
78077122
68011100
50965461
79119549
35231892
29031285
24579432
92602588
91995637
86908158
54805666
75571041
95986299
73350680
88619551
88074630
97741381
2709247
35750169
73431027
11143554
74577508
32030127
27685472
92552267
83644954
45326674
49878253
46784387
9269391
3307054
88206026
1556450
42524421
26632369
25904995
82810963
1272686
21995721
47131553
71864235
9700992
44198629
35755519
99788516
42636083
41984366
63443335
15440156
63896823
79950432
99399269
22211815
49308292
96095353
45267407
89886564
86553227
88967599
94389464
25854914
68109063
53790058
91801780
84270019
93129375
12783648
91798306
93571529
72094668
40573115
52182498
49832732
81753927
78253240
9473969
19351197
81074042
59378774
33579071
96691509
32558382
84669775
49811062
44709273
99611817
67010933
14179836
85048133
68796947
87811824
8641088
63697032
9632771
77981710
91607653
78999909
56421708
1729340
48206430
97166601
31418771
74355990
51945536
28278112
66870045
74349010
71893967
63655373
92970829
65110238
6828551
41779164
37328906
32376932
67556129
55679681
7742007
72594542
35581122
10710266
25875997
1194070
25613991
20722376
7431939
53098690
98459438
22100437
95921598
4162842
7228899
34171573
85167232
28363352
42817142
25980168
90962377
2718428
13572574
76649157
34350852
57096100
74271517
78785807
7950005
8341892
63361813
58885571
28138503
88784531
98998180
32441065
78345873
6667321
98238890
7740523
6549903
9743518
9578909
23112670
47017201
91798029
2857828
28577282
12462750
64366199
11394614
29995825
38195406
94878558
15821568
24087580
50155341
15393990
11853894
13102193
97884992
47838957
76259371
8835740
49150323
15934147
84668282
78946260
70533821
39261765
60581450
50311768
79797794
66986496
56053770
76439741
27715671
42425947
58187532
52518157
91589666
9422657
10538426
38243476
10207328
53485743
58553563
26802076
68520089
16092591
45764173
54097998
21722407
92526626
22755442
63395488
48286166
40252115
68399318
11929887
35110194
22551973
95815960
29583434
69957418
33789572
36774487
18853852
55492510
43876689
64347218
1148946
60434605
35160960
6028180
47565612
54852250
39759367
24531571
64955097
46538517
37977486
39125631
76205832
31963635
1249555
29985706
12123190
57737111
90700169
83636484
47959494
52007112
54969944
11297029
80295215
18483326
90481538
30165123
88914585
14576620
40006853
27043966
38739863
49239447
6462381
78870894
31293629
70351967
14733059
70471415
90314755
68724351
34677472
66326204
73453943
68407941
82951082
36991428
39313622
92209383
25274548
9893079
55364954
49212833
24450969
86081467
68121673
83110052
79913843
85873153
28149197
15485809
18267084
21846786
29602617
40722745
20515687
55981705
23811662
98225338
79152388
52699705
44214185
61674619
96438009
90574524
69305450
46115798
65535692
95501254
61778066
83783742
25225649
73259989
19489294
44615585
19747042
69667240
52670418
3291470
11595100
56928792
44403477
93759447
19371933
89819698
37021815
82703840
51224161
81811291
46373605
64323987
67666189
50939527
76921503
47188733
21079745
23680181
90291085
79985805
56404081
86672518
52539002
74769789
86748556
52659462
66112642
13662600
99133864
59246840
77191071
99691242
7016605
37023203
79659299
66880040
33841722
2772107
31665819
70039029
25246637
80300553
76483643
19906469
28110186
80254256
82595556
71139711
73120853
84229983
5183222
84936372
32113098
28958981
81417807
70822623
19508460
9398437
17041913
18370822
25723328
95397469
99217983
29647813
6872568
19257828
10218666
89911830
92107556
21595860
21924774
86792570
31748151
19655626
4540829
79642339
20684743
22359046
21369655
77554447
41029366
84265613
90413936
96938122
221192
85747863
6060997
88392359
35028012
9693663
2018452
19999065
40448379
45587995
55977945
58332565
77450527
99348104
86879127
60263316
80065868
75223806
39991111
34569178
15732192
49324847
51486834
37697737
2976780
86390449
83935797
46293387
94393897
30546190
29247846
55670520
51355367
98575190
85247420
40355638
16097848
57714476
33470140
6786189
45602069
31997101
97331413
91228736
83017183
13428367
15795788
29656115
56901889
44702820
93355840
60634240
42299288
99793378
94114550
70775692
89855568
72598449
67437230
60505578
75427174
47343528
56031473
14387163
87178767
33929345
62158737
44165264
42332491
21476361
35372764
68993294
16959607
40529886
92246325
50354954
25785581
98759726
86723318
8315883
85535587
96264795
76197418
8416795
42999849
85568735
36908944
30982699
49956942
22641559
67855188
80140544
77385627
81859024
90104264
7181274
84307446
68852426
26423281
18845879
14949654
52399577
35701865
58068538
37980844
8202816
44322755
81138915
40871706
74240667
71395664
5380673
78656158
86206699
82969118
29449354
1611418
5678050
83182209
56362399
60232874
72809254
48020736
54412038
57930571
74207499
5016717
73744437
25230173
8270257
59679861
89060904
82233985
46404480
85778755
41707402
85203115
29775303
83455259
54378431
62879776
31137583
45632927
67022938
21269261
73227267
77136429
47864179
66611748
11631270
94574689
38466845
27617504
56830270
55806990
93678792
42593471
71598028
61023186
76604397
45688567
99242293
16227398
62533285
39894192
89339553
310859
50567321
76017721
46782356
23337628
92634049
20090468
83734756
92870311
32065609
23791137
73563547
1881510
87541467
89487991
1489473
57726623
10333899
90606245
29991535
17280856
21295068
94373681
74718540
98773459
5043869
86417042
23309835
75474379
2215162
88788494
41548659
33337903
41211519
7789531
33121045
93184109
45528565
49447779
40174495
80212652
8982743
46970412
62552622
87490034
26552912
63931405
71487447
55260253
97996162
73164118
17517189
52659157
25612113
85262394
36370279
33988800
11353956
39716088
95515492
32490313
42253495
26393995
89819197
41449643
89271685
33806422
72781053
61879191
51092855
43995033
94430626
49028774
73682766
26703518
6572568
90373773
28488516
13746057
36744845
82022190
68539511
28154939
54770533
45282351
16853324
49385737
13751985
54598306
64762470
99583076
10096565
42045330
34869876
18734033
5899163
89487077
1418802
24113301
15377419
6500045
3653
80906722
68790346
32710812
8253046
66909204
81719280
59585214
33108014
56125132
28892290
40978264
72070785
44642421
13922453
12560724
76983299
64316434
72918997
71204790
93072356
75010204
74196792
59864205
13958915
91543798
84194627
9583166
57202410
17127038
54054664
98313388
62538582
46372041
12390098
7418604
43113854
50489428
95479337
78795926
14799309
63780202
52702526
35565466
47376660
95821056
79426100
67302169
5604653
25410030
37341909
5637747
54998285
32063570
4327001
85094036
93762610
51393086
62108400
33746881
23384181
66394088
56536305
47717298
78109907
63844498
7831864
78800016
27096208
86615406
72572311
23648067
14357394
17683071
7320490
99711605
80002484
20723060
57231885
56345321
140442
18942736
87623893
5399829
31502069
92865341
56485458
88728887
16605967
95621734
58018958
13224039
77945690
28626186
55954956
55481951
61311145
16565645
4392091
72383515
91390465
86957241
49921633
11846484
69603224
33062057
74447643
21173702
24883399
41542358
29953025
89223198
19450662
33246453
82699851
47920559
83561608
49975697
60454086
28037527
5223267
22160671
86341980
69490951
12644604
77806321
86851680
59334830
82467320
21303088
9777225
77991074
78049505
46592159
25014009
70814434
43859576
87842711
58590642
26645298
14850513
64193513
34138894
68399911
74767700
9513548
4242648
11832651
62930376
17204453
12603811
5609199
5824588
83136046
99617240
31945396
45848720
62075788
54276146
26477860
83800260
6756638
55727148
80121494
64093228
74019733
65354336
2823528
62273955
69479903
3450549
92475235
28182913
65740402
66551572
99572207
94514768
41582277
13861774
69183993
55089989
60793161
73335445
25615443
83047355
17901289
72103914
96482267
46939078
71394819
17950611
13070749
34871298
80802911
52380586
76010537
15107667
73978814
76550021
19822931
5956590
4375099
40525799
50248102
37372945
75309017
85977260
56487639
64159343
23875195
42782697
34057246
75344340
67135258
79452742
94623185
42803542
72442838
88223806
77210550
59923247
45504869
3173510
14199727
43739907
6595643
1542251
53906262
3753982
75406811
93179199
70032154
24060098
50758812
78190553
62104866
46180894
75129708
32511772
27005745
16989028
85358822
63156739
74079759
243541
74318616
45044568
42401387
3014097
5031559
31129547
44636911
33279537
32488331
20778844
67112835
30817153
23422602
90634397
66128316
35212667
51997267
62530883
24423130
75173899
39510574
39897419
51898186
18368469
67168682
98245309
78102369
66574838
39838196
43272692
79196442
49660440
67939820
27802072
36843995
51235391
65234480
80437068
29286767
97302686
35952135
48193686
79618018
91857788
22048467
60223467
35036722
940119
88723165
10503522
90791627
93999788
56392221
57322352
32557435
50795175
57747589
26328658
12154692
28767205
84332614
35056034
24682277
49755212
63549607
65938472
9592721
24106253
44646117
24665986
30236531
66341214
38059097
63015193
78354267
55959592
64106109
98508140
60210843
26281606
28202322
18274054
41163658
18931547
22313630
47104160
8147559
31113215
27087152
765139
99379
85248331
95761148
81267088
71126442
95594535
18550888
83059557
22366267
48452421
26605990
47092159
78930325
71332169
92488533
43906188
8414514
5704714
16377977
94577893
87844520
26876886
3818921
94874146
1851790
90096371
64779164
43069478
17557115
51970504
35045105
66958804
83009873
36986567
13195612
53995219
90789994
3824665
25615631
22864656
77485720
15984352
4898870
42690910
3492948
31312040
38848520
19841214
29293263
61953553
91509009
33658408
804247
95030637
80033034
17248405
30223660
15704074
29577600
78852093
63615408
5027525
93678512
21584492
43288803
13009357
31210212
3860340
72135999
70141107
50062249
96638071
67488749
87838240
88792472
91613048
7582295
72404046
2457758
55504357
23958373
18021234
38467949
88899857
70320899
65722719
69342260
66174145
95360073
86551427
66082728
99024580
51986222
507648
36882616
58372964
86621241
69716367
71987632
56327503
67248428
65166951
30540995
78251062
31423620
71986903
98233563
17694573
66074662
9252551
13208745
90267096
74066791
52256130
58253523
86291551
50440623
29243993
13782023
52893063
86848172
45826829
22931785
28823637
40436030
29077571
64151741
24110035
31309548
34178652
95858810
55090214
43364159
45698114
92866670
31126615
36670159
56218937
97598912
60277001
75251190
39022708
37969060
86214708
657339
94845291
52613090
30589592
39496751
47684907
773637
24911024
86710506
11852708
94514431
26254404
28005209
22931701
88816609
77246679
1736949
83824316
40953387
72294773
20999229
77677525
37027692
37773949
49006124
35636216
3872511
57516843
29809998
39567664
56293267
38335771
84361902
9487125
60939905
2302149
50179992
9003048
90370733
91025104
51330706
12518775
56043345
4377068
84418051
77649470
10749108
38386102
21199681
41403257
70243630
13738208
57288823
88756083
35983820
66006482
25455195
89818184
26215967
94056954
61903294
32859547
17572449
38162091
75791220
31495082
67818652
2481756
68366522
5486241
39099788
32318089
65820796
5885101
29087995
28534721
28817451
94356666
50557728
77312711
57171218
22568438
29457253
92651179
49992195
59691660
20537714
41006210
17271650
24691718
45767138
32711304
25321724
8511970
5847678
8897241
81780068
4458287
73411522
64301624
68308378
44168356
78844433
47623103
531672
22377595
23966080
78399803
25055912
81120726
32691373
80676333
97293200
63122167
24167197
79573198
40938122
92941878
16640965
81888698
77727818
46690989
35404118
38414438
76623232
27605971
14989328
50927063
69435633
71545683
41028119
92266623
25130359
58288861
58950914
91901827
57220163
94318170
83657146
38288192
94897344
44608991
97713873
89233149
26012933
49634568
67219701
58880773
57583684
37774519
53932141
65246011
29105766
67917149
32795840
51287842
68436272
34567582
87484540
36105847
86027539
31099986
16282421
59049920
70458932
1125615
99615533
70432874
82617790
58954987
58484747
80279284
65273611
27584013
76141765
22333021
40917810
41051878
79555176
4048567
18020539
71836397
89429515
78784713
3775948
29580967
55893143
34359591
50449125
69588977
90243939
30254435
29621707
65507904
79678580
19299996
42721793
50957920
92710287
8473322
30749235
96267110
40512192
53914535
47656423
40854784
90918056
92989567
90418568
52135312
68870499
86963306
84432765
50606030
17224311
81211018
54055007
57192864
43463898
82646302
5321419
47976430
51706563
70644148
11776241
11620961
23968506
1386579
74050681
93421088
58400915
88974084
7388752
42220521
41269603
6297741
19020826
87393501
14506836
33386841
25012646
14325145
19988737
37555775
50725320
14617140
13219865
54752370
47856391
20293826
67464302
70922524
3463800
24351985
73600536
28290322
24567756
9708604
31441081
78378080
70044530
20583796
53496944
96194243
87065786
8331657
43121653
66637238
72283073
62647946
37454199
29719495
81766904
61882318
18752276
70751862
26481779
62259655
45541601
88114923
48560046
4082089
3740831
85806103
66309582
21665147
62608346
51138686
16219900
42591678
78627375
44556844
41962252
87369199
91732065
80965120
5921278
80961535
58135517
28547864
68158938
98471633
99905115
2319995
2723316
63768482
82962886
51569942
12622189
88644462
93627005
66919431
69599701
7296087
62754086
64543258
9744330
20235821
76262573
37898340
65421117
33778825
45483008
78405907
99757000
97891972
27119366
39811548
27574231
93055396
30644951
66549289
57575966
36218875
6923520
15129189
90438615
18409173
72865975
82662004
50829633
83372239
72726536
76117798
23458303
90931673
14528303
98854531
63976720
5799669
72693575
85059977
30430939
63532629
633274
38788879
50658097
96670930
74167933
58885766
56298422
87370495
14900065
92231461
75281289
34727302
87000260
43145310
6488092
2412575
92796760
44470633
21270792
67813224
3830265
81176505
19674027
49048461
4280211
93369301
91066116
72374168
5978714
86446417
51326447
6811805
82714485
97107050
20438741
65206508
75491401
63450494
95651824
71595507
51772186
98475245
62609618
69948713
76439357
33982018
5048142
58839660
48299143
35370475
11992288
71390891
2761668
84807000
63258967
43308111
39389929
96141338
15195784
73873422
88375162
81149265
86540724
29135034
10086888
7010316
68569186
58634109
95181402
24742679
80084625
54782321
22539446
46811041
4919823
24460275
86191270
35349378
81302949
84598436
33796203
62819735
41078138
15234776
60734600
30413607
97667557
9227465
9558918
2556218
79442888
54956173
1258359
72983433
71953541
45998604
34708252
61362018
83918680
88109181
69177347
23815193
23646820
47629164
18743689
67980573
17200434
16782529
78074383
11743957
93324681
23212863
88067919
94658075
52447637
15946888
20675448
76126522
44697374
9157219
13110300
82427249
57807019
54885035
50310803
31220114
18978881
23558923
27355062
55222016
90630973
10443418
25741175
89686781
39882630
17470600
67072713
87108851
38955194
92598128
32010453
85754152
2654350
51824561
4113253
43220936
19540022
27371731
74020752
73958565
22493003
64838054
1755473
41123758
46584020
57788343
32945266
29432845
87080047
17027034
943421
69964379
6251780
81321005
29810551
89685576
9206000
83382266
34678717
34451716
40749796
45771349
66603879
57194510
32411206
12739986
80268019
89268014
86395324
21474960
63661216
92254876
81324785
92955478
19078854
4247215
82258773
40830474
21371618
70607594
31496133
36055490
24115773
63274202
27073322
31878251
19354827
61708872
88487519
77501645
31201699
27037068
68501670
32159804
68329326
12977790
44754748
53160619
56526264
78140131
9695593
56311984
98899080
57658263
93065230
82302341
59678920
64712397
82582745
87872560
10543697
16677499
21680321
89057564
26686766
30175738
50251139
99581994
30282224
94456518
89886258
76837065
7062009
64484140
94169926
45262666
756413
25879996
83428111
82617479
75100302
20534903
46439513
7501091
84189345
15297427
76640921
23999362
29058999
26569957
36317318
76296364
50555743
28567416
55303058
57372071
25642255
55272542
34755678
5030198
12752073
28480312
79437659
39929014
31257916
29164121
10055558
2272366
24088805
35643340
47969693
69227712
7650201
29817787
59596256
98634862
69777666
11421641
10507095
75780126
74492726
4126321
31642112
16708578
11616255
5289490
78318011
91589320
2758461
27389802
75583903
42594722
54522052
54087650
98985661
58066062
78938430
66043040
31461047
97735460
97983494
95936479
2394600
96292865
89744099
76513515
6198819
85164507
95432602
29506673
12348850
68957083
87321363
36913655
79701827
56415242
77216435
85259237
56439782
3411295
7815307
37212767
4300410
61219316
9223909
31035886
16224727
72483630
72548158
93687457
14446362
14609373
6842989
71973918
80045863
23456250
28131443
8689719
18641625
25114759
27381584
75781622
45882652
35093678
4771471
57250106
17522152
56001233
10512036
1275016
36383348
20211092
19499654
68370253
78240337
73520874
88861931
40771664
36964986
88020019
63800938
35619502
76292542
60905548
44774338
9783130
77732767
17180998
54296996
32697065
44364945
54065751
42960710
42327229
75858008
87465898
14998900
70163444
25538089
75140177
21426541
87844801
67135141
47387775
82267967
36155157
24730382
32396284
60462578
86250382
65770145
72622848
21460692
31780854
8316226
89475775
25150448
91782552
33098174
41072574
49462227
97041689
42078157
81542233
63339820
68130515
33265793
84557381
22969477
48770930
92315062
90346297
54360308
72921077
59720559
36636762
81172214
52338278
43634658
85717734
31001706
27457535
2258377
19712446
99506222
20831768
26741397
62311238
61152276
18733219
89124084
95382663
84138071
63226362
42424488
65432118
67314972
77587346
63304585
21595777
28381495
36523831
24520980
32230890
88802616
57627035
71747948
16280698
47620754
89233807
87946329
12689438
62135974
81087516
30375206
63553841
37015289
56839209
19591047
91256326
57210077
43210124
57616339
48750436
21651556
2408775
85949438
85267646
82542951
6098228
10931419
19239737
71744866
92600548
63825558
85738697
72600602
90881975
88721252
66350592
86354928
61665675
3576139
41723315
51428906
83079009
32253525
36432677
70302293
56589419
87430815
80476813
625605
65772686
43066775
32568048
41729907
99315557
12397265
49231624
38847206
6378123
82881030
86041873
16311860
64694261
3158930
39539809
94053979
21191142
37713294
20086541
37208364
22832975
83564838
18002159
18306705
29152106
37800195
76095225
96805922
77428755
59057524
63372831
61551589
41621824
20236372
64420249
65056289
81192998
78839372
1141410
36894570
82889086
5444372
503566
3089211
4178951
90130025
16017821
90884660
6950680
79952325
45439574
16204086
65173334
1465555
19415125
72045923
26619035
49411832
88912029
41507073
26115745
14920257
31561584
71861008
71481713
2740979
76423804
14795595
97454006
47696771
83384796
78148590
88522894
20755237
80135111
98119145
97175940
53457527
23084723
12206232
69991212
2469307
84618423
81855095
6805232
61831277
77412468
90605490
92285332
37474959
17953302
70814485
26432879
57198714
36142924
8417515
62335431
28860194
9807820
51482151
99765806
32140135
89783183
31281972
74849628
43571638
37192080
49575369
29062243
85531047
46709003
7110074
93039006
9988549
27469412
97696297
24712315
13983674
49376265
86992634
84922498
37554047
59708251
8350851
70440809
28903698
73564895
43350848
32234576
99615862
89863634
45725467
96971445
80778878
53188893
21933266
35458471
16659335
99624249
62759541
7123245
77916278
4604652
84588565
83823877
62480344
34971159
65632568
42146821
5615878
76997948
22063109
41707642
91414777
44541168
12732490
42123682
90135800
80716474
21242554
91458899
56093265
68025840
3918328
34237864
56276844
80195522
93758753
43427634
49646442
79021236
30614535
97208945
70698783
15851381
49949196
24896237
1761150
11361618
61189204
35674398
2653398
3844218
10002948
9990465
91214785
36599674
5911543
4764603
61748033
48040274
23794264
47161344
70420186
31698145
44585310
31826911
60653927
43786125
84878246
16039737
46030977
56589628
42404072
62791618
35606566
79620986
4607967
73218573
60908691
14372180
45871275
22356114
64937361
22811029
99113548
40657747
73446427
38665197
27659821
90500032
90883986
89878499
61279866
34007702
42537819
2900574
70378014
63247681
37823207
35362112
59748235
33895840
29712947
15961228
39362900
93637644
74690535
85294625
72090963
50562557
81704254
63258466
9364878
87276738
96610417
52090927
34362814
69863273
26418124
69194897
44587930
18405220
79834683
32524587
14906996
47930943
72427468
14903729
68818758
61770815
49741080
5371191
38859917
79437957
66121501
79417600
66598970
98126679
59733798
43050148
71011520
71950651
19536384
90692683
92732780
93730133
60529801
76971815
75426108
67127617
33745057
15360933
72091899
19509419
70261916
20566857
67651800
5956332
93182344
85802676
17554246
5749630
90400238
84656602
55513231
81864136
82547647
75048365
59861564
87731573
60774291
74872467
84292083
76217754
86420755
68612080
40951103
41998528
48394327
55514809
58111752
96702005
43554719
76400749
43779206
51069210
37432239
22112619
92949502
35275231
20172503
25210563
16874324
4727292
86338869
89599791
24308373
63875582
70556408
72098771
91235689
17121772
44821778
44274822
32335348
81701875
84478169
63491497
16225554
73309793
76502398
37840902
59399777
76728327
10500143
3211476
83413089
30746093
17286890
8660107
68676981
68876680
11112298
78833467
74802608
7474123
10141015
68906507
68303049
7939462
82683748
86394097
83626323
53917496
22180144
53761351
70573753
86806949
37394980
88041163
33830697
29157563
38468284
61543583
6185568
51451877
52547783
63955010
30560685
67069723
57529583
97650821
61284936
72795060
71767869
79140668
30219659
82224489
19991112
88143621
36322894
75240904
51043508
58327758
38685996
54071327
79238777
25990074
1822412
98768300
28238651
92054727
32660305
7384109
2392184
83035606
50590103
11918337
41257847
97486357
73145718
53877935
48505039
7177818
29185031
31393174
20199997
17912055
2126516
30899505
37659296
46241365
93249195
45194161
88629827
70080691
65449855
80048042
27472190
55867161
22635732
64582185
84294156
98086737
33164153
51311287
93573617
18578104
13245091
17643787
52535986
16794528
28579637
43686749
41394938
17774391
69763398
42533830
36453058
53775235
70814321
65997102
39865563
67221929
71856616
79104384
23360450
27472922
63386783
38396816
45971527
62947691
11296669
42259481
56777926
98282049
48483463
39509207
85639809
88299596
96748801
60807299
97436945
67655306
25474392
40695172
33360207
67491248
5076167
19414109
20541014
85789734
96839705
45050496
24136513
27527966
68153371
4817689
71269144
6554483
3498563
85039140
69174057
24551913
8144480
3748010
71074608
5566023
7398579
44250683
49924740
52089024
51287023
15428811
86493690
13483777
32018279
14743764
87071238
2946527
65281599
96345452
51961666
57838567
86212687
15743029
73146283
72587967
11193086
85881924
23786701
33171537
37571180
54709464
73958127
49294624
92541235
40459801
79717202
57638397
17330713
98314647
61035835
75634748
45237759
50110530
61984411
63126301
22287557
47723515
70103455
50806616
60334510
16427815
28805218
16507860
44474199
27615751
832501
1290887
63546581
84956925
23594864
22269142
98293991
49468175
23603500
93895310
90625236
28182716
45832624
95898494
17178019
79278032
26447220
75328247
99347939
45296336
89619258
36779764
85702743
88779327
81176539
63914452
96106897
83401221
49518926
38443587
10915720
64366068
85489814
56372720
31035389
28857372
28249017
43027066
11503267
40735412
27969774
88932784
49005706
85731617
21377635
62501582
7786519
50621144
15633783
53804810
8949001
62270579
92861373
55088251
25896812
42299856
1437468
64813423
15415673
91297247
77064170
81827843
52339403
5322305
42517939
71854296
44861216
86113433
95526976
32790025
94642751
54562116
68330693
8740460
8353337
74780287
62887647
12735428
2729016
65166574
82360381
62131853
93442848
23502723
99116404
42183158
82087762
88526544
68330313
90334468
14553611
93391724
3139396
1841228
63033410
26370595
90889126
83156634
41378162
30952137
50007151
38471333
24684080
45116298
75860946
9988752
50156359
90264406
62838528
91788803
74812261
88847458
81354894
27515804
96343686
76045140
11558506
70762926
11644494
9809983
84739882
38546408
16240843
35750423
48887699
29256226
87512662
78342114
45709606
2693075
23550819
87722825
68301164
34935846
87191129
5361704
42295518
70648901
48067599
90046509
67906806
43302066
89897705
77031605
31664882
7513354
42224516
72027415
30262640
13869168
37783957
14404211
72696865
50256963
60001340
88370187
21850448
33334829
93573977
96558428
78930611
97687537
88661440
25349100
40595806
90126201
82457994
20956345
87777884
40736515
90995103
17568853
7751736
69825682
47307480
25325392
19391192
28127289
85862194
21754736
35172699
76161761
12630230
48944738
58411735
51390096
67617123
62743568
95400976
59985579
21890200
8677971
59568052
63732226
14663415
84200053
68687552
23874192
91750894
55568340
2056094
2845062
45064046
14279428
24159209
10503721
36509818
95801035
81355511
72186091
95097029
94773517
51623323
22565047
83088500
27374015
58542685
56049672
86722391
72045737
6631137
80489614
98892623
85650268
2044610
87881903
74494078
78350821
95905251
62697507
43096071
68955264
18981839
96269669
86824856
29026267
25503548
58446842
26092870
49648217
99346080
93202078
1205104
96858208
87933307
63495931
8832844
98852346
7811091
82426983
35685439
5667935
68062496
93847833
14443600
26638799
20098599
46404221
73502956
5008725
55110900
57199772
49932801
7449550
93596812
58843703
22877236
37811005
62764546
78387
50862173
95267913
34868021
40778299
73529262
48661799
55054955
3697982
96264154
94342888
92359093
88878383
42010956
77163219
18112182
4825422
91351011
89434030
53177816
90628407
25401603
87553848
59435826
33236935
50665229
82395233
95700907
81558844
34776356
43620956
437214
21561940
2571552
27246419
58693181
39520612
98469285
98841972
24360451
18727540
22633994
16517161
49415484
24188231
72271926
15950514
59093846
5229239
49564752
49617770
73448151
13901011
85842515
23353216
81489497
42726562
51273400
65370183
99957089
6117919
79960130
86981401
50171432
35145591
9586457
81178531
95202088
50357112
18971083
67428015
47753808
8734371
52352536
53066654
71023941
86693886
60237927
47435053
60769532
56762891
36072554
8901753
70482310
91538461
60108787
1302015
5071961
47024678
93209579
88216794
72205059
14236617
54937519
62250690
39650410
32538982
5437778
53732755
14986463
62021427
18134610
95911600
81144028
89889324
21865715
55934943
74111459
63693500
34865632
46558041
66405169
22264597
96233738
76453001
93987893
52989918
80810432
15732986
31640360
13813361
82807608
35484594
70528196
45175026
87065765
74429342
56222224
12776409
76757074
37571563
29085993
11512362
43968969
76702493
74945655
51214343
46819109
25706129
76858365
45512115
39134841
46196753
91264056
60737837
35026124
35840142
74291626
86346515
55620321
80517666
85720207
57467575
4771836
15965603
56048217
24357960
59225833
55710084
1639742
63564530
21652340
91943780
93006969
28814386
63686679
14970467
66593639
60814742
43129401
64227837
65801070
65274494
53712936
3520077
97781070
29609835
13982061
90982082
64353311
37513321
55118984
48481581
65220822
85070480
5185214
76061150
54420582
54151490
41036751
27925134
28923204
56114083
47913470
42826792
1845594
17701373
67293606
25910753
94781579
31581342
95271132
36329794
81386416
28608366
30684502
86337016
36480347
57404379
52110000
12019562
70195533
78291138
92425878
53640902
56618556
72921133
79946455
65343887
25444023
96510507
97924979
33421856
27725793
22803891
10340452
98459234
32130880
99873328
2177730
77390981
73388351
77906725
48380677
2986447
88645997
68561616
50190705
98515467
53510521
81072713
83953007
18590348
75078202
37748623
74384987
97855171
22042932
55117657
5382346
68458610
2888851
21340416
71978235
72386042
19275917
89658481
25401959
80401231
46746092
90811006
6840606
18551416
91063540
47253319
60261479
86586767
59057165
96264479
57439176
9177278
54572933
4253039
89995665
1163900
46897018
95810348
71364144
5371155
36829507
72900692
35396716
46643318
74130713
21823837
75100404
36780951
74321028
91102677
7165157
48068348
77680523
10526320
95871649
66713278
44768764
96329389
9799017
60819946
66590949
98115319
43823718
93734573
58585106
31097570
82235636
42967561
61826734
9237709
89070542
1520310
77511270
21540244
68287298
13475432
42696603
90199725
82108126
99600313
43829964
89550298
53883863
99027301
53211904
61968122
8425487
9243984
72216750
32390623
58986641
45367338
53843618
72339649
68502938
91086122
99829257
39742133
88432453
24070317
34307058
42184716
43449455
47644792
25528065
9911057
59632012
96739593
67733615
38639558
33978249
41189226
75070643
4599066
23004370
11566726
19593519
39711028
10479705
64911413
24014199
24119390
34183523
93325744
2345730
39261523
92677260
19023279
49730607
74890136
42153798
14810850
97160632
101204
24273048
97156563
87640325
2405333
83235544
71317235
53586685
74522178
99267208
73404339
19890549
6087314
88258897
98001489
29366896
7917984
13931409
87946277
24635325
98523622
51643172
23888687
75553131
7852728
51937583
55211663
88342243
13766867
41367031
9952202
80206523
44341670
84196826
24987463
96215191
85376117
64466311
48670686
9353986
61683433
98554163
22709547
10214790
59284248
43724647
42369051
48881279
51472258
55996189
48207250
89472843
38057585
76364266
37670808
27495710
21654241
27234852
72938627
84112390
24620846
33433914
72817237
64047309
53583021
14215731
95157231
79942659
28237322
88601396
35726518
91585045
10020769
88001324
59037644
31404746
12020782
18195929
10057025
78063464
98342967
71197888
84402897
59237054
85899884
99842213
36400830
43149526
50784367
27133970
65281790
9001482
68185638
57834277
30454266
77682257
31675633
24310344
93128315
66043316
27550164
95252995
19557757
70331249
91859459
38969076
25821946
83907966
39707538
85846104
37252582
9344129
6099113
40342269
23408526
44084923
94892923
47505546
5963608
606733
34310559
48603739
24738437
95585180
71174121
46365852
75949971
87472870
52254233
19767137
88320753
6087517
66960368
56073949
49718017
98098399
87412832
430268
12139844
35639098
30346
46298250
7937316
91786495
43227508
94502377
31635990
42109713
71935932
83381100
1115929
76957700
96502313
52105646
76485243
18933288
24226729
76143863
14336701
16932243
42971877
2053982
79630278
88183929
16134282
11566500
1897619
84840570
99411379
75740939
75031722
95353927
31066627
30506291
28813179
15337398
7538242
45216863
35456545
71740092
19388068
16590554
62159747
39850551
13902240
31828934
38826462
20769936
12252258
39051893
9806774
72502253
5338625
43280217
19084313
48786841
50492625
81252062
65676021
88448354
86114275
59821136
59271448
14215354
95877176
84925540
46165677
6430733
29303729
645209
15651465
66406307
46917794
92708505
12368992
21316136
11940175
6581370
11262426
1404254
53734518
52891804
66276540
34749146
3661433
22452018
5669081
69086200
96270159
94572877
22124819
25073192
42830314
44365815
18757123
76095265
84958423
4863367
51426821
25407069
37009618
99277633
79305151
76448909
23795049
17464319
39863844
65417821
133079
25768322
13105094
7845182
77921619
30899820
58304282
77513044
34185394
62912681
87088993
46857905
94675975
63566261
15619962
15331289
36078197
57716395
20812515
96080705
24870275
77735245
26023004
27734018
31677549
15525361
44576175
26413988
16037887
15384893
26769324
7164764
28913146
72579129
13113553
96342405
99171662
68372127
91450894
69144022
61406494
88170488
2010757
66990812
22743692
21912982
74180196
78414082
15091899
48034763
36504400
58061971
43111337
40301621
97291836
28621712
11460343
49687215
59062032
18056912
52448517
14081042
85915198
81318098
25808025
90011798
78387608
82601573
35564055
2645236
59992603
62146873
69501951
6404148
25711287
66056453
41938602
59966206
26214085
51628640
24268113
4136278
9278728
10071008
66056069
90508857
86863022
68258477
83670327
3116528
16793769
87204234
54626735
48297332
17569936
34538138
24094206
9857086
78601884
36065565
85149280
34336016
76312053
82952653
13045750
8338794
58665582
55446649
68041546
21924102
51858771
62424427
4750844
96324907
25975051
18957291
46150865
94439105
43299301
50952954
77848669
85000228
80216705
57839983
91791894
53810147
92690799
65340056
4585354
2631265
23899571
36550039
74624477
27858247
94390036
84052985
51399026
62878678
29724239
80217713
3332901
14538088
85143758
22129688
59095515
41766162
36305537
10330588
12961367
77763543
94377098
82537678
68530042
58845147
40452763
23222864
93078703
4956135
37952179
39945156
6715138
59309274
64866763
69747410
44841567
7527431
84910479
97346256
87109844
58123732
86955058
57606896
94643258
75712151
69261079
32318083
40393037
82697016
60080569
30864071
73687351
67461861
55587098
74460040
81826163
3472953
93618420
54794689
70077130
61688857
58774389
28182490
31653495
69682367
36147240
71318006
916170
79352966
38806140
50611250
70781123
93429950
60016048
35773618
50367245
5932049
54748622
3317230
14944058
79772760
8133951
82039243
70077482
62514968
30274060
52954061
71804884
60243797
22885829
42190462
50739121
64101131
19452168
99615101
89989814
69333940
23943050
28617553
91450562
99024094
41773167
11762564
40522675
21678220
67471954
77715251
11791983
77671917
206520
61938791
55351577
97252047
27221064
97254103
15154936
10347348
71071927
6518419
40223205
67040986
55763157
39455456
2324935
55136575
62887629
57927323
70776414
45258297
34568909
46383813
54519532
72005106
51861884
40010311
85971291
86164513
62212174
59720506
81985737
21436167
50155782
79890374
21352682
75231483
93504104
86521351
72480900
92027706
28048068
97273447
69839757
32878935
60779023
5289074
21674716
22063746
23533641
88334292
16139117
1616107
15223038
16786914
99047016
44590594
58229540
1026534
56183064
37357180
30038409
42138525
75868835
62116225
50659032
13610770
32684943
10112527
74000662
22846926
2068076
25308231
92060886
30593806
53041456
82285506
51512675
24515490
94980291
23085491
44322859
59988760
34083632
79057130
39241482
35691260
75998654
58499140
11778833
71757672
67400878
86517930
89369467
59451670
35884102
61676047
9015613
82136692
94311633
8303783
67090210
95679837
60011875
17276260
2464375
8933731
22447088
60141719
92031486
18835759
12005914
41206674
19702357
39129022
14255986
41850896
80876888
8309250
47855472
83714638
10122825
93748885
88787401
60446479
10841725
10672182
79971351
98102934
91868403
27991099
35981648
82559575
75437750
74280679
50185139
15241431
79933840
99826078
13469821
64202651
73309670
8270759
27623768
98242015
14918679
89380262
94036893
683507
28844094
93650119
61664396
51386620
47910440
95780014
24265654
79142719
22584093
57660096
95356198
10936838
71764560
4196288
29697334
12068209
21169095
12189824
25952480
19698704
74076216
68323796
91873890
55851976
5099462
44502736
19511289
29531159
66847034
62341980
28174245
7551633
64653931
36286472
40845862
46234846
31995002
91060090
90982269
88879846
82260836
45939473
40639594
60753457
22378323
3300303
73960164
14845720
84252445
69883922
45462206
77864677
6600493
19309991
78549740
49249018
63080981
60403536
890717
93134578
68670527
23222490
7902727
43915891
5842428
36270085
23262303
90046834
23635539
39887339
88247682
44425911
88270934
35612915
49377429
39926376
7005528
48321379
55049880
12426519
70599192
81138072
7778715
96938872
26283742
8133086
29392536
69923336
44268075
3778333
64415242
66997858
67179624
96712638
96977249
2337939
54983265
87871878
38895702
2477206
85998172
62242010
96937685
97560432
87379230
54987561
77905452
66967074
81644199
550475
25205153
94217120
74979399
19521934
39044135
80846768
22189951
81711657
84518610
79073617
34313750
45339396
32953213
5288892
12610750
54646439
23824305
99678176
53793056
93327972
66421015
39680132
68477855
31416252
67560562
51043775
82090301
58863633
49579855
99369517
52471309
10760570
3595707
89369290
26204881
12424677
24412481
17484785
5089802
44229877
93282309
65635184
31971373
28897750
11558024
87279222
18007433
27692887
38311483
19944605
52737702
65281201
55653388
57512700
55529085
96523173
89698025
19909231
15522841
97598066
27814185
65627482
3802953
76490196
61615609
61519789
33195959
78792110
13563981
297264
48096637
18630564
92398502
39082877
95593269
42633184
30408774
31185388
10812553
34797685
39537583
97348450
13541354
93543165
26779265
35187878
18024168
6419784
28324487
46416586
13511994
83962346
52904997
94934705
90080223
63628841
39528818
8589966
44933981
25100009
37090557
99032589
1846217
23874803
44716869
67195502
70890576
57866102
81400809
2924601
82226797
2584121
24135927
13335984
31335510
15356948
35903226
4157280
55770629
66675401
19781666
11590060
47782274
40069373
99194540
39101886
9005034
51917613
4822704
59419398
44923821
47174912
57170337
47234868
82705699
26948216
28052003
84397192
31965719
68477252
33297085
70852135
19908229
37013876
88108089
30673944
22928217
66874220
37089435
64721595
84471283
57280515
75582655
60563140
95372734
6568962
37515052
34583717
24640627
3623035
22371800
99582342
63029837
1277071
20477372
14057502
221427
42723228
86508724
84488805
81173973
1904913
57115892
12844601
61193908
69602504
47095602
51670267
58694967
69465250
20346822
35425726
93138618
31008439
5571415
69467189
2044406
87257220
59004993
48389327
46793418
85839550
855477
27311766
18882454
5010077
49046798
54517192
40047101
71569402
69640180
36275882
63465576
2003357
49449066
70877961
79129073
58671475
68081667
38882866
36439978
17540181
51637128
13452115
24242450
20781922
63618140
1431469
76628099
37417319
36582216
65152876
19878680
84931201
49610048
10688188
72609417
21225328
57199263
17433431
2428522
44057356
94643396
96278826
82580502
87105361
93585681
63672449
25656770
46228765
74275958
18427007
48395847
65011151
88123948
6929378
58301088
8279827
72274964
81999410
58624578
18397693
60068904
50081354
22407887
86226793
4924760
48905063
59151674
86322496
66987834
46248208
43259953
67572454
9002289
45141744
87823748
29391025
87112257
648722
32125395
62101078
70907569
83493012
40211583
28793068
7598367
86473539
30377171
12629320
7016984
49762889
62957675
34645602
58940958
64751389
6797540
43729766
46891412
66668870
48213963
47960752
72493199
85301882
91198872
36676123
26287116
28918366
78174732
53780113
36906172
3364831
31156361
72310819
76486362
92424693
15498882
54998102
31832827
67611359
61202136
38338341
80404939
60911572
77236755
49061559
73239785
1130553
78613568
79433209
30504833
85042365
41459631
24607304
11313151
78053850
60761156
5650135
32670292
43277648
65241299
52381425
66228974
65406321
36749513
19832145
89111436
90521400
80094429
22312528
78711100
2615644
31164299
54520206
3535968
787948
61426921
23363797
18340722
27095239
21957443
82826795
3804631
31215818
77504610
62100866
54479978
94551670
95740778
77380684
90988349
16547075
42622589
95436952
20013077
66209698
2203960
17246646
88254655
50062142
87579389
12473372
79563059
33694878
77342504
27141686
32451718
20588748
64162269
78699322
29862315
56915563
95692604
50761554
20706476
24463739
9792057
47302266
7777921
21561642
85477433
28693547
76090913
10402122
84358481
14552616
80176576
50825388
97001626
68079999
6185790
91375087
11922969
70516791
34803012
19186224
62105615
12989830
88930028
44920139
39954380
52911831
91986867
43237025
88975540
75793815
38335761
89383180
34092347
2428938
72470100
34403402
86102320
28164328
55183258
50335802
47897029
29411652
91754918
57395556
52816241
46693942
82402937
78382004
21052393
49497178
28740600
35843441
24588756
12852473
87246640
12744679
45161562
49723650
72685754
540361
18323054
7508135
82071054
6846069
76389580
20272020
70392774
20992255
93840687
62057669
910912
32343065
96151996
32714282
99075381
16817721
11720803
50361825
37441413
17288360
86843458
83411627
75827292
34818237
20582852
25731366
98143349
88759917
21502845
78863347
58741126
5944798
82452582
99101793
53064282
94226334
9800470
75399658
97109923
72778903
24076125
88106475
38645369
79470527
95443165
16437188
35387857
65367862
12973515
75088933
36423566
38215234
89769527
30602165
18561738
56212422
23293256
17522870
30324926
21366825
82428912
42741487
62534262
18599931
95796378
32232388
74702212
16898162
63328957
19235762
66227524
46523796
3009627
30217280
89103406
88070822
14462639
98519183
22271969
78257936
88403156
70181615
84909587
17984600
62650809
21539220
86102465
22093583
96769963
37525889
90271895
10219997
19718966
62784666
54800302
89367738
20637499
19829542
99777166
72242090
70495722
83029595
61945246
92611925
67531151
43497469
34289299
3612708
45965666
93470054
63495043
18703693
97477585
79497139
89624857
29967249
77486647
81890342
24130974
64766677
91536880
83336047
78106447
98202156
35102658
25916549
24161113
80489789
13561406
72419611
57604837
4281447
39848048
71457586
9944879
61899141
45590665
16084544
29857241
313601
27149538
99150697
74598756
64835052
54953554
65576488
64270321
41942068
93034196
16105945
35269955
63569784
9846693
64364463
11089682
34486253
19607569
8989856
93991275
60327224
15906968
51133170
81434023
45870917
38862184
18502669
27342042
33967752
68212093
14625874
37224574
48638497
54631233
65683446
763619
94108392
36883038
15546276
47009020
75685547
74977692
9029233
78371871
6063863
20850439
20419526
33725759
41641247
73950287
65464110
29059939
39079234
24583129
1719764
77606643
81763626
94945981
35727503
40768253
71591785
79390754
45249920
71378693
69766836
12523345
26644495
45794561
53586110
96060769
75565921
68028987
97142096
11700585
5140464
10286850
3415059
14399872
40346086
5150962
71319352
43237656
29839761
25698531
60408811
57851960
40411372
85850188
32256378
9360116
22285365
8098705
96580912
17060848
75120999
7061764
85060409
35881298
74452675
6957898
99913316
51612077
58777098
42933215
49625737
45858292
54152016
10795787
69211999
8818089
7097553
15221433
92951354
61983609
2163266
58013643
14244980
25380692
88948354
94603818
82801890
37980175
11185673
37181039
87223776
23910687
20352414
72975776
48248745
29314134
59662767
27397997
29065725
93197092
354438
64394488
60582269
26971427
34763026
52277435
87014077
43688460
46795174
20290407
44566913
68279375
41711264
91401910
43308083
39580254
52260218
26893574
2138603
32410123
49677981
65148351
84693748
60067131
47314781
77960437
12297828
71531317
69797036
97745402
86978192
19768387
59413953
12407566
42007762
60970709
8018667
63826989
17894166
73540948
1082772
19833818
66206905
66060409
16262987
29434734
86672575
16930522
92552160
49568450
15201409
57855361
4643253
60738999
23841184
34726407
30743276
83040986
16093974
5861172
71424196
58737696
97327283
87780993
54378039
20311157
85397456
94300891
56945629
15746624
77820153
85368266
88413879
36991011
9019238
16715244
58678507
16955319
61223625
9936849
73755040
50735907
19151138
51386616
22114555
76767329
40186267
46704166
35596202
21404236
19261165
99842995
46283706
52917922
84591670
68580070
75497472
51078289
68266624
27758524
11792840
34781983
58658401
23113035
19429629
84492596
80407193
26431046
47211589
76604391
40240553
11926988
64139189
43586966
98779627
83978225
74269193
76442845
92156790
69126642
41520808
83001375
8918135
8863026
28103923
71030395
16474871
29458232
60373806
45262576
10240659
66536132
69621718
93443640
26165438
26483759
38331926
29499899
78555394
47245375
98207146
92475225
69469369
80341578
28760804
63839674
81605735
74614549
92063487
23650469
38623988
75709836
89150826
69734094
3941181
57369974
39810225
29568915
10901402
42211915
71612747
89576046
49728327
771904
59834701
76950203
1913824
40197301
29914417
19893380
45891719
64393133
81796408
79143613
58526002
38199255
92011673
15563250
71025400
61660902
30625661
86167362
52690483
45804350
30422017
52930680
79683977
95667100
41005060
93255465
39667854
32523125
81718764
75663765
70726435
43604605
90836087
29046849
87087216
85419118
11339195
82529434
51691162
75547835
75502254
34074196
77364196
42226705
50000745
22095167
22109688
93881447
31760355
39676867
21023409
20488392
50744393
17489086
19061633
3437108
15735625
5169830
33197437
81625884
68128874
2647972
92944665
51116440
68608036
43136517
23440893
51949233
40228827
94788933
10569127
70411269
72357665
79862211
26678361
91087144
23359704
6261398
95709020
754035
80543633
38603630
7775365
61127475
82101704
65236093
367189
80546112
3783451
37991184
87518056
78364623
24796504
27246866
28863019
53780610
79212816
18539601
20023499
73359952
56678161
60515603
92977825
21828979
96297086
29938771
90194904
89203329
99658988
45106096
55916339
65470592
22302073
69272166
49312847
82432985
86489746
32464354
13492197
75090586
21006493
27769430
32237483
98458532
96354123
6876489
71174793
33471621
34333999
53458805
36142047
98791353
36454462
3146261
98577348
72394191
20089404
15596305
10342721
61123516
42727767
46262418
97894201
52943830
71762951
1266518
51597457
25571492
32491594
40028849
14419289
41238954
72461286
61863637
89602524
65625411
77153635
66895611
34397254
33131143
78961821
81417040
19541207
95674942
647857
20982755
11491647
73523395
54514151
20732676
75522801
5599159
94300021
49392429
27111311
71929965
39994120
2718331
59397188
72932221
5672115
78617512
10994153
81515048
29776345
7711808
51916229
21027750
69314237
34152383
54657344
30087192
45936176
94017339
61356901
18022431
1527329
54510874
80708064
58994465
86467207
79435708
67111289
67702737
47396295
57536425
86392595
74417377
25108004
14226815
95087006
363209
64639717
32986496
97140203
25718659
13158731
12505568
87378542
42184294
60105180
33609029
84614970
68919792
20985343
9044464
34117072
27944961
70388491
57988682
40395645
52616210
9097251
40413732
33516619
14102687
21644559
29085039
73940165
38857652
59197302
29264785
17215953
524061
206721
8182106
64844685
83475491
54193168
2436270
18530212
43240571
72519851
29032535
68202988
32032501
59620261
77030567
22275853
15233709
14836976
16760896
66637287
98830017
54836148
25081872
79655576
55489082
48977598
80194453
30050865
95735195
3562663
83575202
78832982
7126816
3654725
52936896
50804531
46371575
4731085
85744431
47459880
63641319
91114367
53452
50842646
99625978
53883905
85262573
49827119
8829426
35197155
41836338
34394727
23566848
1734126
55908336
44606036
79104186
47183139
51734855
46185607
29174440
6048216
94147910
29388202
11711080
63088535
96378096
74589781
83197170
23255524
75317723
91370128
27740839
89870686
16035837
26660385
20611330
30407557
63174107
74403887
17704446
76435661
75682074
84454785
85679729
59661977
76816984
26216251
36647149
528576
94693982
84494067
17927600
74676856
37861226
70786489
76623276
1562326
36948472
35499732
26994905
14052169
53330828
39637543
55037202
56695385
25559607
32910311
87330233
88569334
39356946
14762358
92063712
13116757
57696094
49614952
61191080
89836356
69637362
15888591
65808895
50191061
74930754
35485500
61868925
96247092
20898072
90211323
39047625
52509934
89088672
50393242
81657779
44904490
55245803
20824346
2315875
75263803
14477810
83309009
30763564
50202288
93833976
45914035
10041322
89919587
94088203
49177481
37613109
72931500
74982227
13484804
5932702
89803090
43034699
61826154
83478941
16900294
59221010
29760508
24788999
34228832
59793694
39376123
16183440
91555018
82307538
31548698
60007636
33596859
85401233
61847837
93749172
92305161
47200192
30898500
37699769
583100
23809531
55023956
99320162
30604447
50901186
43333141
36305082
35828575
27001133
44969311
98615498
2962051
84282325
30703121
66344588
89964785
19081216
12865615
18964583
74874984
13813040
98551273
45076301
57393183
23962050
9067062
10874294
55604532
53814356
63645489
23867318
35617549
35853410
27105103
70828454
8984383
74383452
59185738
83952443
37786456
97631183
85017471
69842366
64680975
83459887
72957938
74766836
8346242
22000806
10961930
12220398
57058225
77837107
14007208
91415964
18747958
43679511
28137419
59596906
64465004
6589315
11864110
32089544
8567464
7440722
72003944
88875505
1458249
80352895
23221981
3214958
21305582
24415632
8714241
16216799
17704150
56937330
44811513
67126060
10851101
26017559
68026073
78484760
78526814
69536265
33373353
35532148
25565314
79958575
53956758
16481046
51448266
62559150
90623493
17786529
74720313
77910233
88752518
11189688
41212823
90789724
87337594
50852747
23377110
24432877
93146850
92925845
14353770
91651066
88019079
88114759
25628970
36656543
19582616
5059963
93725906
53665695
9790889
59987518
99190018
97602538
37159460
5877484
38038492
3620039
96657891
45347661
26462508
23492532
56673892
61459609
76973446
96063938
35260033
28825272
51964558
19521710
57005034
65869839
10388903
93756798
51333765
84442422
40157085
70463964
248827
66893397
80975833
40885750
77632760
16375894
20254189
24872837
90319101
31548391
13472774
35305230
64190728
60641438
22195152
18046458
94100075
60040380
66990211
93783456
89605911
98636416
5899720
5505898
76523454
30375651
57911396
99536734
69548017
67143369
97449501
34216096
58932587
71451898
90495137
16127784
98665599
45874884
18601788
25551453
64618151
54269244
62776729
84359473
74970410
38460738
62798829
40240965
50845289
24843440
24978316
81119971
59959944
47578241
27951131
93654517
86500202
56350886
94518674
37370654
94438191
98725838
80858949
81758196
44112004
64421805
24992657
15477083
22616787
82446340
77266515
6169085
69087281
35307438
76772630
11794069
46144187
50836683
6286026
87154531
73227358
3359441
75071535
1123264
71287567
90344832
94229996
70470459
73602623
3463750
87485688
87113154
93669628
21108910
81828787
77451265
89137937
87615188
67281645
96520049
75962407
54038101
51225112
71503951
92586897
98046397
343527
20816176
80380492
62535532
31576807
7290788
58204516
74461415
47890727
41925845
42764335
89621040
61329632
84560780
9302605
55948172
5789185
13725424
83798144
24826298
15891444
20107507
52999858
22861204
8207680
17463397
60731758
99224612
9664632
88238594
12822383
55746483
55465126
93426032
72995897
47473452
13130431
64499344
22137830
18608691
84980360
32880493
91727859
78349241
75712763
52986144
2406480
47111728
68702856
55365882
75752081
39353017
85665625
70134207
29840454
58389022
65525718
50600461
83947823
91124974
95967151
54505473
8771522
78396430
51406739
54289717
7714405
47204572
84212604
4529089
67204850
17979325
28697440
95697609
77963389
43295382
72493559
67679973
48041182
76221821
45058185
24089049
73399404
23473472
59572285
52400110
68863412
80405685
31509710
24938933
82314234
39068348
6414689
15507408
8244931
31912094
68966902
98040643
88801308
18744284
87636657
22151
19648515
23909478
10972840
99037
77854813
31407550
56801570
20397812
18772231
52023576
31989875
2706774
48382456
7110022
13222506
67828945
20621812
576745
36180172
79479260
66315029
96759633
11282705
96544702
90366749
54278511
10024378
47498975
2581887
34622019
73259868
51749864
19586294
54964967
78784529
84871094
11504116
69325585
71595922
67592990
95376867
83942050
83610403
69373610
22992704
20922397
33016761
84404429
84745982
98474989
55780649
68360164
79635744
67308228
90218400
15801330
88958058
7792769
15440601
47817881
20396249
44099678
78498973
23468903
63616694
45073992
1984452
81669108
73158554
96843286
392937
57090956
17925497
70070592
98683873
50696725
5807098
40473253
19010202
5877814
22845037
58441003
21029479
85592128
48054736
34678078
77310027
58127308
51037767
79136304
10143115
63437332
68571556
44141090
69537703
12902114
20544031
7499817
69521138
83962826
61276530
64773703
15247305
70186083
95928622
73494482
91473371
54495081
96341457
86727977
81561243
77034827
12220865
16717953
20103932
15249675
56968696
85023662
66430456
30345854
57259498
43730762
25991093
76369073
40027447
83571418
89779803
20944968
92429022
16605762
68085325
5624381
71706122
92190782
73770483
32310961
29588787
15342990
71402321
70718684
33814618
56669580
58794562
39091107
85765517
33168408
33396150
36094412
4118821
65973216
38887417
86382997
75336963
36713310
564806
63748148
99129190
63553225
23515572
1878343
53980335
2695579
89334222
20137094
58589541
15940182
13779309
38733053
65677162
34565565
83254137
70828898
29170619
61054142
46427602
97491275
97721543
41966327
97040479
99727539
37639897
43557566
43350215
71107354
25190744
15076381
82044103
22024172
19131329
10187913
52098857
63648370
5963923
82787658
64058662
79601217
64197146
78985187
2779739
13263481
42595634
68343943
34846694
32251635
65848595
45683771
23522220
53182324
59972713
94682554
93212598
33524288
87167573
74564706
41627430
5610317
81492501
59222224
65729302
41669923
9159105
94904708
6721080
29582924
17143236
4521299
80721407
69230846
46033068
10283708
22793875
25832321
13391968
54650105
50395204
91744073
29242614
29681739
28917002
62906307
54353744
88569191
31676471
35647849
16379321
46929771
56607753
52677846
20529626
56083625
66821484
79209712
16614777
48870125
24901076
25066042
43206818
89793733
51713061
53318601
95539075
41186008
26147921
71940281
86394188
71461507
87561516
63441546
97867064
67366066
28037227
35021415
40966814
20580082
71892678
42315813
70248694
81143846
85624758
44536193
97936465
87184739
10233984
20265594
76124986
59884186
67048823
30273014
56824104
76055272
21955072
51176060
43997463
85517195
19658211
48370606
92935296
4395981
10022716
51915969
11508754
32331112
64481303
69594765
39406111
78048649
83041865
22159209
39960448
99646092
52058364
69890713
34111361
83103660
13514998
48074725
32720572
17332075
51128613
51871670
50897031
9397114
975792
64830388
48898386
88124635
76426687
38638188
99877318
26587074
8326990
22649605
61251288
61779402
90976430
69779752
87389254
90978898
41339128
41414856
73884804
29954101
51224531
84329702
99988733
47480267
68632357
8189115
33672266
20473620
11820608
63532223
31251318
52757578
11278653
72514314
83624015
60394918
96708035
43129305
487208
51669933
10429428
7646392
97207376
44927098
12134216
68562525
7990264
73207116
29798654
14282609
61623402
59143987
71012475
28701279
53349210
55898021
51623877
75964886
40722071
74630782
26317653
55021544
18538907
64709890
32749446
2656850
17640760
83106776
1425169
50108333
13907057
67070435
52019884
73748339
36668972
56900833
45956073
41891124
81266886
44359572
31916037
19799945
15701411
40520531
95969000
22345227
98079864
81961216
12969007
32245627
48060335
5631136
56244191
21925740
33685976
83993861
84246143
92545028
97914236
6122778
17032025
19071201
70047077
51972947
78773692
86510163
4122592
38607945
19106864
22495281
16442328
29695623
51418809
17467457
12280210
19973822
33207132
49450862
40285683
24584609
25423359
79942669
61680105
65519751
99533788
98699387
54261004
17837064
39652420
48440100
35159721
61223192
75375882
61895272
56301224
48659307
29836110
39678668
66422239
4931378
38898847
50115139
7628441
32290648
99079560
99143994
47881565
74746494
52750867
76822867
85625294
98549290
75259011
24723022
21230045
48167153
34969083
60271609
96652406
98447889
9488809
2301331
58806012
75747547
23345109
99725120
94272455
84718111
29565320
9601655
47905164
98611360
72060432
37955924
66450854
14243962
29411844
96317836
70089831
89912569
91881893
54782012
94156237
56148870
25803898
21834032
58287505
50213547
65243005
16650749
36400064
63361914
1530845
93781964
25522494
35810109
20466865
12240801
12339623
56303699
80048067
72336126
11939180
47796764
82321813
36451744
36472296
92202130
18806364
28516142
49933669
58253444
39655077
94057313
42640421
82702878
29000285
95265266
2601694
19240470
29791361
96770399
82362676
72941999
77361066
74142515
7178320
569487
597036
6142660
8813172
26377729
64246439
97607303
96991150
45311434
21668288
84450395
28451738
9386550
70100406
65066158
92124226
65107436
90600451
91174544
97487315
22872034
60493212
22782755
91015575
46496837
45165047
18964284
89280948
28048452
30701892
99485175
203863
3803019
10727777
56844685
2489601
56004087
62053844
77949178
90640804
66224513
2792083
28555629
17955562
70590311
13055026
9079086
7921162
8954085
65894715
29954866
78271737
2478609
58109607
33086644
9534510
8493323
57861802
22926187
68307077
21026506
17468953
8253817
86769044
2635630
4954134
70569006
95560118
42056758
25835777
19485943
62945209
79788558
22531293
60257357
24825742
85234341
98539359
27944710
81137509
21480633
20305524
16031865
55472216
52035341
97528914
33340741
24865015
25031515
79279749
59308666
47600528
41746515
95372020
72001997
51746303
75226480
74882737
24686071
51712439
66377201
89988392
79237498
39067366
3028904
25531859
94835137
98582072
64996390
54970757
5558151
46847363
41647776
62433900
14568304
7109067
90895594
68481204
73082219
54118920
28495316
24880675
77464338
87523505
76852136
12954010
53289665
72437631
26905885
38762125
50018453
42737502
51050956
38053713
7605230
12509397
28620507
36166541
39922721
8921725
91068892
7000192
605741
95283108
62229994
2024108
76774557
85781602
27865720
73919216
27911940
43268633
50948125
54783016
84931025
47672750
63277747
34805349
78568970
4338985
10462339
89744310
73232760
27478468
35849230
59999707
65289321
73009788
14140054
63266820
92929766
13128239
71576209
11921559
77802779
47858717
34436612
52153309
1559062
33090650
73984365
67819010
82188165
73556102
40943071
74666567
91673780
29924423
79810656
1162333
33285045
24477972
27658442
88563541
82547877
38390041
8848550
93958761
70945084
29416742
16728628
31301384
33407483
41168118
64255333
72914526
63500478
38859406
60859498
1137654
83542739
93816627
1012774
56632381
64825309
32334964
90167106
61482119
13198515
3502514
5134284
76216006
45830854
60466259
53910962
7728635
13446391
7624631
25115127
5798706
63663000
57570598
6189821
85043721
12290855
5165376
77723111
72132735
51449021
64959107
43626946
77273548
6971917
37568479
53136335
73202687
65125121
92014561
28659443
57292313
68886892
5280663
89421844
47418908
68786678
30327630
51542529
84152998
78471035
99586758
57967195
63841451
74273891
36790347
49955321
25848907
53161694
24084572
26180783
797858
9135022
2485904
53850476
43988844
3323347
77254030
72421216
36365848
54123666
18122402
5514226
3284123
58543376
71576947
37613865
22024654
5514028
2068723
83124667
43729161
76294057
67600252
52453857
72200382
60321786
7483519
57747743
27647472
58079751
99087442
78420089
67504374
97993888
24283852
70140255
14350302
30030388
38109356
98211618
89185119
32345039
23804866
14564665
83165999
95268888
72300023
40386657
71634635
9191188
58356778
53647285
8869005
29101982
76330827
68993027
4191480
53169377
76272767
23976806
80001384
90227993
33658643
83520
40257036
10533414
44615607
48116097
11977003
77050055
67440942
61444963
89933211
12901394
81616530
69094746
16101845
65783913
42439412
3781464
14908365
75244033
95140893
99248794
44437311
89698028
54500649
30417695
11638216
40264410
6209082
48594845
75532416
7555633
86992996
31953833
86590961
61213511
43159774
76964871
46538508
74308256
6252399
47730196
20476764
83597967
28216548
62685726
51934885
48075040
44081887
83225396
82501557
14346147
78120401
2840882
27417128
92452620
47159108
31199870
16865406
67940134
2396042
45478914
14484441
83082983
12485457
6762354
78550583
78987827
65314792
80846612
48121856
56413059
71034407
31252679
80136259
57364065
1477710
13804359
55833563
123823
92070757
53884991
19060126
52537156
98947347
1905203
48124875
35618066
65552833
10900617
87301124
6739820
69568717
6751096
8127705
11148260
14100006
81457785
38367138
17419481
66003484
6825715
66333263
6785012
40357685
7744324
4900119
71480202
62098362
27915420
58748489
15995198
11620898
80677080
12280719
28673704
93271671
38969456
1997328
83486257
77823297
31365236
21648910
34425707
77107661
27653214
3412381
87232594
6058142
41217367
57401531
27447120
58682801
68340964
88128607
20651095
66803018
63292054
82865776
91821229
72759159
39020488
20230496
554606
36091051
99992643
66833708
53374335
54854918
31070291
49176014
87982446
96905435
7589562
28794584
8146041
39572193
275090
57623335
41844817
66571396
32960032
7459697
69037601
22947009
64844480
81767764
27755121
40280315
54540863
63446267
5835305
8433016
70755752
7399713
13792896
54670971
84510790
99186609
906037
62936491
50648046
81059279
28578720
95995030
32145084
77995684
24667884
42102652
78231139
29312334
528512
84065075
53126465
62777466
87448533
83462489
23141593
53806256
59301563
38181074
46456986
19084793
64115384
60892769
74409196
97729305
69599550
180740
58711793
89012634
46951265
71741098
74646788
84856751
83496006
43411535
19145805
95958488
35291361
28239987
17431299
67939276
93103491
92227559
30757005
67110205
60706285
11694412
13038656
44564896
51622618
73069866
45878906
69887482
66814270
61504880
59566092
50331210
46149960
99014198
87041929
1209771
15511999
56776948
7498849
12180720
24578439
5599413
55865119
21701901
72656541
74977423
16051057
1128584
67477027
95906929
10059929
49522765
47819538
86287094
76146298
34501082
80667257
77978356
8228494
46297857
23064789
41764956
21464630
74297337
95993986
19897783
40191808
61070719
67512752
78249451
63413853
80878295
44122711
35402998
80055787
72477107
34573270
1642491
84649625
7954098
73992485
17452361
87352954
92420773
69464819
42366107
46910107
57328888
29770990
91469640
35049704
77337253
10637542
89823217
97560572
67450131
4062036
51143626
59305856
54509897
40466385
14476144
59932591
80491244
72829917
55682957
80370379
21239759
76281047
15256409
20055724
21318242
7333615
6795421
47492298
77599370
83659894
27215451
563961
30727412
13401167
58179606
51583885
78337321
31702244
9656095
25475796
84844129
40860020
49299371
93158131
19899701
55214359
12493486
1290357
91275857
27123132
66577312
96441175
87313433
35097743
45652137
66702097
90096085
36968843
94325424
56299874
22963672
37532255
90996166
90662990
25460128
50761718
60496793
31335460
98248934
8622690
22755274
90059282
6966328
2047513
84090873
54176983
30756081
44020795
10982108
6097430
90185310
99718256
85307834
3374748
30226411
5793021
62394556
33353893
24621874
26580368
56928059
29160236
54597216
89946356
36439503
96595223
63938007
78087642
4728051
3187512
54025916
59264332
31373404
18871452
26971139
79854970
16234802
69192491
73094537
41705256
86249030
43025245
63194669
89898648
51273542
22509136
48221959
92671679
71010915
66077341
36868228
81415883
90109695
88745471
9327050
67377907
82266125
83929716
42002053
86742285
99426029
84879727
31505719
76705595
56977841
58753061
29509060
44766574
45152242
51257800
22914716
20820200
31108266
69232524
11615007
58351210
58633071
86183232
84369760
7462799
10228786
47302656
28259906
61617158
69176973
48690060
44577206
71185008
15980594
1327990
16989638
55365462
56271751
4781841
17770281
42154753
277220
1181010
91953515
89602008
92140459
11996982
99345858
2889184
98638219
93044538
94298903
66288141
11151817
64037554
16443632
41560534
3568071
4904631
48367079
68429983
38733796
85445872
72036374
74007815
33022964
51680972
7970587
79892300
66883476
33832725
80267837
81882701
49493670
38304477
92324310
54493062
59820386
66160709
92201068
43476203
76344796
81213059
64544594
11491106
70044950
55801071
32662685
77579592
58706848
42119626
96482138
92856146
69171699
128141
71287191
81711324
98629021
82360467
18614108
80197589
27212868
47481139
34814039
82194123
54914815
5545394
65352750
46531843
55564618
52839663
70912222
72753956
47420781
77920720
56990425
47073114
38427815
26943054
17540779
68530866
76637678
30832906
67955001
95576873
35074405
45689274
75439631
59719333
56098141
71613528
91707109
28853255
87539167
6738205
13109940
58807217
80709876
64068042
65190849
86793400
70788911
67927083
43592728
82204868
34396379
13533279
4394648
41026192
55919389
80265825
5698332
76762908
57917086
81320621
56503267
47606103
93086545
63255698
58731101
49473428
58704960
45194228
71629867
12609470
62909815
16992745
73072110
16419658
64467539
31480202
73086220
32573783
58335173
80782993
30250271
51904092
61068549
10132896
26418771
9372691
74060829
84971212
84266089
47486837
27119484
96327472
61445828
58848655
45165230
31814133
73284562
76565894
61262509
36471994
41834903
8676665
84241853
31996224
5761112
38760155
29003334
9033289
55223880
13023907
2346361
49209209
19749666
33990484
61510916
63406358
97632981
18587394
8931310
52030677
13847168
20137347
57737631
66351208
57930633
17620404
20867973
31699596
385887
95052711
5990681
27897298
11210964
95836918
37706751
36657001
32515894
6358952
6821059
60150004
6218937
77267440
80617303
31712730
63569488
80750965
6499812
94279755
28768823
72362528
69248040
56367354
22013383
53510471
87870213
45187812
24793168
46962447
92090471
66489903
73010015
6888269
59129403
32238347
11000214
6589453
24533068
94650463
91033866
9670912
82592637
64067507
49460600
24469550
82945171
93905573
88998590
51796785
18531972
94945698
4442115
32300237
89155347
15508917
19641494
87121063
86776528
1110370
6792523
35858349
8091124
16788583
31186172
15739742
35649743
27241982
35892239
81536238
18737151
26822146
86812456
98079504
99123865
63556714
17230348
18785168
41461422
43160000
46641208
39363593
8826648
87462788
24236772
95199259
78519904
49937981
80922421
22058720
11641935
37856276
9649934
80018481
67255024
77257154
40719536
20071367
94755242
47141022
16156631
1612439
11206085
45137251
93370512
97078693
12285257
90789065
59985018
38568044
49102888
66017475
45730525
16067241
53501140
48702634
62653285
57325747
44194119
17909872
96872734
94741246
61504366
41020429
75224878
94684189
81111329
2214061
90718758
77341537
99979807
48531002
25535595
98334549
76035075
44456060
82956196
94294490
33870436
85660979
96622804
89491957
28488672
2096114
84325748
61273548
68072014
73207280
37315150
78113894
42024279
52922529
22435276
