7000
1
96861119
6
47633067
15
21
42638896
36
45
55
66
78
91
43184446
87668535
136
153
171
88689395
210
75797670
253
23700211
300
325
351
378
406
435
465
496
528
561
595
630
57393785
79160276
3186214
780
820
861
21945399
946
990
1035
1081
1128
62977407
1225
1275
25486704
1378
1431
19976290
1540
1596
98857031
46826067
91087413
5343464
1891
1953
2016
2080
2145
22815129
60245415
2346
2415
2485
2556
82771343
2701
2775
2850
2926
90311515
63623116
47570801
3240
3321
5995460
3486
3570
3655
24962400
91665713
75808052
81440111
4095
67378831
4278
4371
4465
4560
87543241
4753
4851
31285008
5050
5151
26362022
5356
69062126
46875989
5671
5778
5886
5995
72182694
82377300
8664162
6441
8499398
6670
6786
77258061
7021
51331353
7260
7381
7503
7626
7750
7875
94459023
8128
8256
8385
89853179
8646
8778
8911
9045
9180
9316
9453
9591
9730
91549597
63484859
10153
10296
10440
10585
10731
50410502
37085963
84041743
62597323
11476
11628
33012041
10437335
12090
12246
12403
96113672
12720
12880
32730775
13203
13366
13530
13695
13861
14028
22508853
14365
14535
14706
14878
15051
15225
78120314
15576
15753
15931
16110
16290
55932705
16653
16836
17020
17205
17391
17578
17766
17955
18145
46204325
18528
83580580
18915
18169646
31605724
30193747
19701
19900
20100
52514952
20503
20706
57109667
35750908
41834252
21528
49659288
21945
22155
22366
22578
22791
23005
23220
23436
23653
23871
24090
24310
25502202
83152258
95571324
25200
83955957
14438564
25878
99238576
26335
41855241
26796
48053944
27261
65052450
27730
73689635
28203
28441
89963571
28920
29161
16326418
29646
54894767
30135
30381
94064126
71230623
31125
8854598
99169084
31878
44869634
32385
93858235
32896
33153
55484724
33670
33930
34191
34453
34716
87069465
17771022
83200699
35778
36046
52114362
36585
36856
37128
37401
54946233
37950
38226
94272267
38781
39060
39340
39621
44972704
40186
41560931
40755
41041
41328
69421205
41905
21374068
42486
88994807
43071
43365
43660
43956
44253
65413742
44699807
45150
31139518
33402038
42647810
46360
84708582
46971
27485057
91448371
47895
48205
48516
48828
49141
49455
37925192
50086
50403
50721
51040
58013016
51681
78853709
52326
52650
52975
53301
53628
52956531
54285
6136374
54946
19262378
55611
55945
56280
56616
56953
93063434
4445385
19418567
58311
37406617
55121997
59340
36989945
60031
60378
60726
35684
61425
61776
63349246
62481
62835
63190
67052978
73387467
64261
66996695
9539547
65341
65703
47671512
66430
78978662
67161
67528
89604120
68265
68635
69006
89105786
69751
89272104
70500
70876
71253
72200164
72010
72390
72771
73153
73536
73920
61675989
74691
75078
75466
2609693
76245
76636
77028
77421
77815
78210
78606
79003
79401
38180027
80200
80601
91154925
81406
2153578
29145055
82621
83028
83436
42605739
84255
84666
85078
69225267
85905
86320
86736
87153
87571
81247249
88410
79884410
89253
89676
90100
90525
90951
88955116
18475611
92235
8703885
93096
93528
93961
5103894
94830
93745752
63274184
96141
96580
97020
97461
97903
98346
98790
99235
99681
100128
100576
101025
101475
68771967
102378
27039427
103285
103740
10301843
104653
105111
105570
38019548
106491
106953
107416
13669326
108345
108811
20233465
109746
110215
110685
111156
111628
38952022
112575
113050
113526
93855222
25938189
114960
115440
87540003
24990268
70486755
73856477
117855
36728704
118828
85597547
11173320
120295
120786
121278
121771
122265
122760
123256
89547676
124251
124750
50806428
125751
126253
81431332
77690683
4970204
128271
128778
129286
129795
55529847
130816
131328
131841
71995473
132870
133386
133903
134421
134940
135460
33521369
968364
137026
97552618
138075
138601
139128
28653724
140185
9021660
69403343
97820080
221817
142845
89474554
41750215
144453
144991
3041517
146070
6703949
147153
147696
65747779
148785
149331
149878
150426
83502991
151525
152076
152628
153181
95683331
154290
154846
42325611
155961
156520
157080
157641
158203
15332904
159330
159895
5522950
161028
5126149
162165
162735
85731794
22185156
164451
165025
165600
166176
60984338
99790487
167910
6942634
169071
8326011
170236
170820
171405
171991
172578
173166
173755
174345
174936
175528
176121
79094476
50903861
79777147
178503
179101
179700
180300
180901
181503
182106
24144244
183315
183921
184528
22064826
185745
186355
186966
84478960
2977308
188805
43022936
190036
190653
191271
191890
192510
193131
193753
194376
195000
72745343
23973272
196878
197506
31476535
198765
46874990
200028
200661
201295
201930
202566
203203
203841
66243731
91969153
42198810
12597342
207046
82383957
208335
82200280
88030449
75935841
210925
211575
212226
212878
61258119
214185
73517247
215496
54551934
216811
217470
218130
8466407
219453
220116
220780
221445
90597759
76292636
289064
224115
224785
51246443
60266007
226801
227475
228150
228826
229503
89131790
28047361
231540
31554479
232903
233586
90331395
234955
74211492
16426957
237016
237705
78848142
239086
239778
240471
241165
241860
53226472
37138611
243951
244650
87553126
6946368
246753
247456
248160
248865
10890196
250278
250986
56180182
252405
253116
253828
254541
26440907
98365347
256686
257403
92056514
85312092
32508802
92568656
261003
261726
262450
263175
23278630
264628
265356
266085
266815
267546
268278
32858785
269745
270480
271216
271953
94765460
9816274
274170
274911
10882789
276396
51855395
277885
278631
279378
280126
280875
281625
68990079
283128
283881
284635
82255515
286146
91749468
8366521
288420
56461198
27584432
290703
291466
96659450
95437157
293761
294528
295296
90382794
296835
297606
298378
299151
97263646
67127416
301476
49950113
44724063
303810
304590
305371
34126088
63111130
14425853
308505
309291
13457768
70667280
311655
312445
313236
314028
314821
75751427
316410
317206
318003
51044548
17867449
320400
321201
322003
322806
82151855
17760437
325221
326028
83400667
327645
328455
329266
330078
330891
331705
332520
91909524
334153
334971
2500566
336610
337431
338253
339076
72668328
340725
341551
342378
343206
4834466
99375884
345696
346528
347361
42926188
349030
349866
59950052
351541
14807483
353220
36957763
83926356
355746
44992365
357435
50886314
21623393
359976
360825
86316799
71518319
45668993
364231
1216622
99304246
366796
367653
55144533
369370
21292892
93081749
371953
372816
373680
37147857
375411
376278
377146
378015
378885
379756
19748140
79847232
4147545
93754420
99488647
385003
385881
386760
95470121
388521
389403
62758422
391170
33631840
86644125
77226723
394716
40784308
396495
18210451
398278
399171
400065
3321383
10273793
81945041
403651
404550
13692550
406351
407253
61378504
409060
26958745
41158547
411778
412686
8771443
414505
415416
416328
417241
418155
59555449
419986
420903
421821
422740
423660
424581
15909939
426426
427350
428275
429201
430128
431056
431985
432915
433846
434778
89622767
436645
437580
56377084
93415842
81969001
16457896
442270
443211
79548987
29416516
7961554
446985
447931
448878
2982828
32137273
451725
452676
453628
454581
455535
20507571
19343632
458403
3240870
460320
461280
462241
463203
78885206
465130
54241435
467061
4292596
468996
469965
19869570
471906
472878
473851
474825
88055359
76007406
83621189
478731
91572560
480690
481671
482653
82739554
80859670
485605
486591
48870501
488566
489555
490545
60118997
492528
493521
494515
51226194
52146598
497503
44378123
499500
500500
501501
37428438
503506
504510
505515
506521
507528
61154934
509545
62308592
511566
62165055
21095368
34986885
30733957
51319160
517653
518671
56314234
520710
3158631
522753
523776
4928766
525825
526851
21844681
528906
529935
530965
531996
533028
23256851
535095
66846744
537166
538203
539241
540280
541320
56452916
3219813
48014307
545490
26441266
547581
548628
549676
550725
551775
82945531
553878
554931
555985
39717919
558096
559153
78565521
82056651
562330
563391
18269232
565516
566580
567645
568711
68048447
570846
571915
86126889
574056
575128
11572775
577275
578350
26321775
580503
547949
582660
583740
584821
585903
586986
588070
67009012
590241
591328
57977507
14800778
594595
54849499
65999545
597871
598965
600060
601156
13973292
603351
604450
605550
606651
5895329
48277908
609960
611065
612171
86239451
614386
615495
616605
617716
618828
619941
621055
29036519
51651256
81104201
625521
70315609
627760
628881
630003
631126
65328479
633375
634501
635628
53005127
637885
639015
15812974
641278
642411
643545
644680
645816
646953
648091
649230
650370
32855394
652653
653796
654940
656085
32378120
8914820
659526
660675
76114085
40953123
664128
665281
70688314
667590
668746
669903
77151686
672220
25506720
674541
675703
676866
678030
679195
680361
681528
682696
5151416
685035
686206
57517081
688551
689725
690900
692076
693253
694431
695610
61730483
93759163
699153
16309685
39214612
702705
703891
705078
83736834
76802350
708645
709836
76206646
58102271
15684899
714610
715806
717003
718201
78920141
720600
61275783
26600897
724206
13994208
51370614
727821
14000871
24528416
731445
732655
26968572
735078
736291
737505
738720
739936
25797846
22522716
743590
744810
97824194
60139456
748476
64386090
750925
752151
753378
754606
755835
757065
758296
759528
760761
761995
2905123
764466
765703
59525126
8589324
769420
770661
771903
773146
774390
775635
776881
56851329
779376
11129183
781875
783126
59828231
71532221
786885
788140
789396
790653
89612354
793170
17611794
795691
76037230
798216
799480
800745
802011
803278
33269814
805815
33577861
808356
809628
810901
812175
45246602
67389297
60044650
817281
12413099
16767481
821121
42290887
31844251
824970
826255
37783111
54471751
50528674
831405
832695
833986
835278
836571
42207951
79762887
840456
25020267
22375000
844350
845650
846951
848253
849556
30585545
852165
853471
854778
90834720
8841673
4152040
860016
15111042
862641
863955
77283525
866586
867903
28069971
64017001
33757399
873181
874503
875826
96856530
63014312
879801
881128
882456
6040917
885115
886446
887778
93671978
890445
62348939
97395376
82227789
895791
897130
898470
899811
6158467
902496
11214070
12460522
906531
86528725
909226
46094332
911925
913276
914628
915981
917335
918690
920046
921403
922761
924120
925480
926841
7864045
7759680
38559955
932295
933661
15886315
936396
937765
38568134
54693293
941878
77647332
944625
946000
7400950
948753
950131
951510
952890
954271
955653
957036
68023632
959805
961191
98676870
99952539
965355
30966741
968136
51623651
31559309
972315
973710
975106
976503
977901
3996289
24821527
982101
22424865
32299961
986310
987715
989121
990528
991936
993345
50231439
996166
79789252
998991
1000405
1001820
26464014
1004653
9284041
1007490
1008910
68408014
81835633
1013176
1014600
45488706
11781563
67112387
1020306
1021735
51158787
1024596
1026028
1027461
1028895
62749523
1031766
83699862
82177962
11307587
6280506
31528456
1281113
1041846
1043290
13143905
1046181
1047628
1049076
50885040
92472955
1053426
1054878
1056331
1057785
1059240
1060696
96353811
1063611
1065070
1066530
1067991
91424718
1070916
57603988
1073845
1075311
1076778
60044972
1079715
90930443
1082656
1084128
1085601
32122540
1088550
1090026
1091503
1092981
1094460
1095940
66856754
1098903
51508537
96104117
1103355
95962818
1106328
1107816
1109305
1110795
1112286
65269577
1115271
1116765
1118260
27717215
23806857
1122751
1124250
1125750
1127251
1128753
1130256
2735083
1133265
1134771
1136278
75420057
1139295
1140805
1142316
1143828
97730073
1146855
48413880
26547955
1151403
90951553
1154440
1155960
31623065
1159003
1160526
35576728
1163575
1165101
1166628
1168156
1169685
78667187
1172746
24341209
1175811
1177345
1178880
1180416
1181953
1183491
1185030
33495319
56420551
30084534
1191196
67231148
65343560
1195831
34525493
1198926
1200475
57711127
1203576
1205128
1206681
1208235
1209790
1211346
34705825
1214461
1216020
1217580
43469752
44409030
1222266
15606901
31635083
21658375
1228528
1230096
1231665
95530580
1234806
1236378
1237951
1239525
1241100
48693803
1244253
1245831
1247410
29780769
1250571
1252153
1253736
94220238
1256905
1258491
10019111
1261666
87032743
1264845
1266436
79574261
11833376
1271215
1272810
1274406
1276003
1277601
1279200
35380766
1282401
1284003
32720415
97114607
1288815
62577571
1292028
1293636
1295245
1296855
1298466
19767784
1301691
1303305
1304920
1306536
1308153
47653397
1311390
1313010
1314631
51715625
1317876
1319500
77435064
1322751
1324378
69363434
11088936
1329265
68921472
11280123
1334161
1335795
1337430
48035623
28205884
1342341
1343980
1345620
19139852
43677587
51822257
1352190
67618541
1355481
1357128
1358776
58074011
1362075
1363726
56439225
1367031
1368685
1370340
1371996
1373653
1375311
1376970
1378630
1380291
1381953
1383616
1385280
1386945
26582192
1390278
1391946
1393615
1395285
1396956
1398628
1400301
1401975
1403650
82876873
23591740
49196469
1410360
1412040
1413721
87218118
1417086
1418770
1420455
1422141
42577034
1425516
62771061
1428895
47418065
1432278
1433971
1435665
74019490
1439056
1440753
1442451
1444150
1445850
53728756
1449253
82319532
1452660
83740465
1456071
1457778
1459486
1461195
1462905
1464616
1466328
77817767
1469755
1471470
1473186
1474903
1476621
86718374
1480060
1481781
1483503
1485226
1486950
1488675
1490401
1492128
2272862
1495585
19077334
1499046
1500778
1502511
1504245
70617712
1507716
1509453
1511191
1512930
1514670
1516411
53670182
1519896
26942193
1523385
1525131
1526878
1528626
1530375
1532125
55298485
1535628
1537381
1539135
1540890
1542646
1544403
1546161
1547920
1549680
1551441
1553203
1554966
1556730
98049318
55176627
91365543
1563796
1565565
85335966
1569106
1570878
1572651
1574425
1576200
1577976
1579753
1581531
1583310
1585090
27193305
1588653
1590436
30010827
1594005
1595791
14446899
1599366
1601155
1602945
1604736
1606528
1608321
1610115
98282160
1613706
1615503
1617301
35855839
1620900
1622701
41117127
1626306
1628110
1629915
1631721
58025916
1635336
1637145
1638955
1640766
1642578
1644391
1646205
1648020
47202365
39205370
1653471
1655290
44385137
95594757
1660753
17287564
1664400
66286899
1668051
1669878
63279233
1673535
1675365
67751141
1679028
22720672
35242043
1684530
1686366
50728966
1690041
1691880
1693720
1695561
1697403
7639004
1701090
1702935
1704781
1706628
1708476
1710325
47839
59259719
1715878
1717731
1719585
1721440
1723296
1725153
17054327
1728870
3734214
1732591
1734453
7307038
1738180
1740045
1741911
1743778
1745646
1747515
52483383
1751256
96254199
1755001
1756875
1758750
42444207
1762503
1764381
1766260
58141398
1770021
1771903
1773786
32123404
19819024
1779441
1781328
1783216
40735050
65939553
97218575
1790778
54955911
1794565
1796460
1798356
1800253
1802151
1804050
1805950
1807851
1809753
1811656
10123721
18138457
1817371
1819278
1821186
1823095
1825005
86018964
1828828
29062941
85075422
19685687
1836486
1838403
1840321
1842240
4833844
1846081
1848003
2146935
1851850
52829836
1855701
90025055
1859556
33615272
1863415
1865346
1867278
1869211
26826050
58248464
1875016
77715455
1878891
1880830
1882770
1884711
1886653
10513886
1890540
1892485
61947207
1896378
77005151
1900275
1902225
63493760
9149080
1908081
1910035
83234787
23331443
92856279
1917861
1919820
1921780
1923741
1925703
68092471
1929630
1931595
16375042
92183723
1937496
1939465
1941435
1943406
1945378
1947351
11344080
1951300
1953276
1955253
1957231
45808933
1961190
1963171
1965153
98562734
1969120
1971105
1973091
1975078
53018238
1979055
1981045
57120689
1985028
1987021
1989015
1991010
5243903
1995003
1997001
1999000
21084551
2003001
76574574
52875793
44035415
2011015
52929824
2015028
2017036
16159068
74683003
78754942
92978557
2027091
65849125
2031120
72557732
41351457
2037171
99477387
2041210
2043231
2045253
1409639
2049300
50571317
34230356
5595515
2057406
2059435
2061465
2063496
2065528
58366487
99385042
2071630
65711453
2075703
2077741
11501251
2081820
2083861
2085903
2087946
2089990
2092035
23832907
2096128
2098176
2100225
86198306
2104326
2106378
30061484
17946622
85152485
2114596
79662052
2118711
76998661
2122830
79813181
2126953
3883809
88757282
2133145
2135211
2137278
2139346
2141415
2143485
2145556
2147628
52248215
85179934
2153850
33823931
2158003
2160081
2162160
2164240
2166321
2168403
38370245
2172570
18538509
2176741
2178828
2180916
2183005
10754155
2187186
40802821
2191371
55102943
58337438
2197656
64930313
82306175
22319003
17538991
2208151
2210253
42260142
2214460
2216565
29569790
2220778
2222886
96658748
59660399
2229216
3699470
52789525
2235555
2237670
44390636
2241903
89522089
76603443
76697426
2250381
2252503
2254626
2654380
2258875
2261001
2263128
2265256
2267385
43135523
6959291
2273778
2275911
2278045
2280180
2282316
81720576
2286591
2288730
2290870
2293011
63246414
2297296
2299440
67587468
18077439
25452947
2308026
2310175
2312325
2314476
2316628
9270812
2320935
2323090
2325246
14221874
67393234
2331720
45094893
2336041
2338203
2340366
2342530
15218648
2346861
2349028
2351196
2353365
88328931
2357706
2359878
2362051
2364225
2366400
2368576
2370753
2372931
4471389
2377290
2379471
2381653
2383836
61371268
2388205
21521519
2392578
2394766
45879718
2399145
2401336
2403528
2405721
2407915
2410110
37226887
52162890
48838613
2418900
92037849
2423301
2425503
35839587
12654173
66930249
2434321
2436528
31094474
41358723
2443155
2445366
2447578
2449791
71665371
76803873
2456436
2458653
2460871
2463090
2465310
2467531
2469753
2471976
2474200
2476425
2478651
97591423
2483106
2485335
3584214
2489796
5968719
54458317
74281393
2498730
26000733
33617254
2505441
49454064
2509920
2512161
2514403
74423161
11751028
85848042
2523381
2525628
2527876
2530125
2532375
34892421
2536878
2539131
15144839
2543640
9583684
65278780
85932141
23813785
75755899
52107886
87721735
2561716
2563980
2566245
2568511
2570778
2573046
51475465
72390613
2579856
2582128
50118047
2586675
2588950
77153103
18812604
28025405
2598060
4703799
2602621
30243556
2607186
2609470
2611755
57109489
2616328
2618616
29979588
97377385
9926529
2627778
2630071
78629157
2634660
2636956
25110752
2641551
2643850
30229997
35185924
2650753
2653056
41788051
42169459
4591895
2662278
2664586
8073805
2669205
14293826
2673828
73574022
2678455
2680770
37117808
62851872
71481600
2690040
2692360
2694681
2697003
2699326
2701650
99512823
2706301
2708628
2710956
2713285
2715615
2717946
95978505
2722611
2724945
2727280
2729616
2731953
2734291
70997321
96557112
2741311
2743653
35823790
2748340
2750685
2753031
2755378
2757726
2760075
2762425
2764776
31598989
2769481
2771835
52912974
74958949
2778903
68859916
2783620
68803777
67770025
2790703
2793066
2795430
46344401
2800161
2802528
2804896
57045467
2809635
2812006
47620880
27070138
2819125
2821500
2823876
14302315
2828631
2831010
2833390
61564516
2838153
55422203
2842920
2845305
2847691
11458449
2852466
2854855
2857245
2859636
65223189
38694540
92869032
2869210
32101912
26264478
2876401
4752834
31712596
66259918
2886003
2888406
2890810
2893215
2895621
2898028
2900436
2902845
83671082
2907666
2910078
16908481
2914905
2917320
2919736
2922153
68977168
2926990
9865284
2931831
96320431
70333859
582421
5984985
54941741
2946378
2948806
2951235
2953665
44379571
48009130
2960961
19656967
2965830
2494980
81960853
2973141
2975580
93946720
2980461
2982903
2985346
2987790
2990235
38918125
2995128
85037770
3000025
3002475
3004926
3007378
3009831
83487316
3014740
3017196
3019653
71004552
3024570
3027030
5229262
3031953
67239796
3036880
3039345
3041811
3044278
7525836
3049215
3051685
32298146
3056628
3059101
3061575
3064050
3066526
3069003
68921364
68155147
3076440
3078921
3081403
8381280
3086370
3088855
3091341
3093828
3096316
3098805
34674737
42175119
42102560
3665488
3111265
3922281
3116256
3118753
57231734
3123750
15559499
37511173
3131253
3133756
3136260
3138765
3141271
3143778
3146286
3148795
3151305
3153816
3156328
3158841
92721426
3163870
43281481
3168903
3171421
3173940
91319043
94541833
3181503
3184026
3186550
10437256
3191601
3194128
92911780
3199185
3201715
3204246
52477444
3209311
3211845
26827607
28063409
3219453
63891708
34215953
52775785
3229611
3232153
3234696
3237240
3239785
3242331
65201041
3247426
52355429
3252525
3255076
3257628
89923074
3262735
3265290
16565724
19719073
3272961
3275520
3278080
58958904
3283203
45697244
3288330
66244024
3293461
3296028
3298596
6514430
3303735
3306306
3308878
3311451
3314025
3316600
3319176
20204465
3324331
19084686
5795784
3332071
3334653
3337236
20548091
3342405
3344991
3347578
3350166
3352755
3355345
3357936
3360528
68583704
3365715
23596769
3370906
1869060
94332100
3378700
3381300
5687423
28228909
92723091
3391710
3394315
44288246
55907815
3402136
3404745
3407355
97829574
3412578
3415191
3417805
3420420
96214920
3425653
33284503
3430890
3433510
3436131
3438753
3441376
96189007
1214826
95618610
3451878
45728390
3457135
3459765
3462396
3465028
59029375
3470295
3472930
55090521
3478203
3480841
3483480
35484891
3488761
3491403
3494046
47662705
3499335
3501981
23935931
3507276
3509925
3512575
48739764
3517878
8844078
3523185
62336599
3528496
3531153
3533811
3536470
25362067
40240579
3544453
3547116
3549780
41238665
3555111
3557778
26293733
3563115
3565785
3568456
13576789
3573801
6578500
3579150
3581826
3584503
3587181
42193698
3592540
3595221
3597903
75792081
77577934
14391844
3608641
3611328
3614016
6344814
70084179
61530767
76249538
45374951
85030941
3632860
3635556
3638253
3640951
3643650
3646350
3649051
3651753
8658245
97398358
27830036
81960278
3665278
3667986
3670695
3673405
49719874
3678828
92995146
3684255
3686970
3689686
3692403
3695121
3697840
3700560
3703281
75576640
3708726
3711450
3714175
3716901
4138753
3722356
3725085
65273958
21054908
3733278
3736011
3738745
3741480
3744216
72865307
91125672
3752430
649970
94739060
3760653
91412410
3766140
3768885
3771631
54175963
74367133
36581906
36237480
44744043
3788128
3790881
3793635
3796390
46593800
82095577
3804661
58208795
26970684
3812941
40873317
3818466
3821230
12217958
3826761
98240173
3832296
3835065
3837835
14522286
3843378
3846151
2558950
88516027
3854476
3857253
3860031
3862810
1071930
75172853
3871153
3873936
8905533
36830667
3882291
3885078
58422417
7175879
4625619
73972179
29549248
25200689
3904615
3907410
3910206
3913003
3915801
3918600
3921400
58592829
3126002
3929806
3932610
3935415
99260494
3941028
54916515
3946645
3949455
3952266
73028872
3957891
38985120
3963520
99814647
3969153
3971971
3974790
3977610
93144887
3983253
3986076
3988900
3991725
3994551
16617581
59584620
4003035
6849589
4008696
61998378
48434609
4017195
39145175
4022866
4025703
4028541
4031380
4034220
40395240
4039903
87356783
78165530
68957519
4051281
4054128
28027199
4059825
4062675
4065526
4068378
4071231
4074085
4076940
4079796
4082653
4085511
4088370
4091230
4094091
4096953
4099816
4102680
3504747
4108411
4111278
4542748
4117015
4119885
4122756
79318401
35990220
4131375
62397001
57292529
4140003
44231562
4145760
4148640
4151521
27471441
4157286
59881172
4163055
4165941
4168828
4171716
4174605
4177495
4180386
40185747
4186171
4189065
4191960
4194856
4197753
4200651
4203550
4206450
4209351
4212253
4215156
6450423
4220965
4223871
8127756
4229686
85351133
4235505
4238416
4241328
45220209
18901296
4250070
4252986
4255903
4258821
4261740
4264660
4267581
4270503
4273426
4276350
4279275
4282201
4285128
4288056
88063031
4293915
4296846
2084991
89088902
4305645
4308580
4311516
30644765
10296214
52925117
4323270
4326211
4329153
36243356
4335040
38955425
4340931
10879282
4346826
4349775
4352725
4355676
35770251
41579784
48537903
4367490
4370446
4373403
4376361
87360339
4382280
4385241
4388203
4391166
4394130
63172450
4400061
4403028
4405996
46637529
4411935
4414906
4417878
4420851
15464988
63475669
4429776
50924962
4435731
4438710
4441690
4444671
4447653
4450636
71419064
4456605
55424399
97390600
8752187
4468555
4471545
4474536
90389615
66317817
4483515
4486510
77080650
4492503
4495501
52988285
4501500
88805169
59198759
4510506
4513510
57556447
4519521
17258477
4525536
4528545
4531555
4534566
53463722
4540591
4543605
4546620
4549636
4552653
4555671
4558690
4561710
4564731
4567753
4570776
4573800
4576825
4579851
4582878
4585906
32482224
27932604
4594996
4598028
4601061
35219180
4607130
4610166
4613203
4616241
45151544
20656332
21869610
4628403
4631446
4634490
4637535
4640581
87426656
4646676
4649725
9201662
4655826
17169545
4661931
4664985
17765769
33746100
4674153
4677211
4680270
54866507
49749283
4689453
4692516
4695580
4698645
4701711
4704778
4707846
4710915
85231064
4717056
50684690
91960166
7360990
4729350
4732426
4735503
4738581
4741660
4744740
4747821
3783739
76424012
99995299
57099631
4763241
4766328
98964093
4772505
51130884
4778686
4781778
29193514
4787965
4791060
69062722
19737819
4800351
4803450
4806550
1049125
4812753
4815856
65588754
4822065
684321
19542642
4831386
4834495
4837605
4840716
4843828
40201422
4850055
52667490
4856286
74126342
4862521
4865640
57031049
4871881
4875003
4878126
39438191
4884375
4887501
42928566
4893756
4896885
4900015
44338709
6563188
4909411
4912545
42806908
69474830
4921953
17700565
55966542
4931370
4934511
4937653
42882003
4943940
18487151
4950231
4953378
51706140
68968044
4962825
4965976
4969128
36302351
4975435
4978590
61870345
4984903
22346536
16541970
4994380
23665494
5000703
5003866
5007030
32036764
5013361
5016528
5019696
5022865
5632456
52540524
5032378
5035551
15371276
75562060
5045076
5048253
5051431
5054610
5057790
6919879
5064153
52064779
52663164
44603660
45567672
5080078
57653653
55845992
41655648
5092836
2497242
5099221
5102415
72032383
5108806
5112003
5115201
19826316
5121600
5124801
5128003
5131206
5134410
4989951
5140821
5144028
5147236
76693201
82574160
63112437
5160078
61401977
5166505
13718988
5172936
20636700
5179371
5182590
5185810
5189031
5192253
5195476
5198700
5201925
45944360
5208378
5211606
5214835
89854254
10792719
5224528
5227761
5230995
89177849
5237466
51486519
5243941
5247180
72479291
5253661
5256903
20288492
5263390
77615417
5269881
5273128
5276376
5279625
74477916
33581996
5289378
5292631
5295885
57645885
65419219
5305653
5308911
98239884
5315430
5318691
27901648
5325216
5328480
6278456
5335011
49570141
5341546
14645399
5348085
5351356
5354628
5357901
76815668
5364450
37686479
34215177
5374281
5377560
5380840
5384121
5387403
13821634
25444688
5397255
5400541
5403828
5407116
5410405
5413695
5416986
5420278
5423571
5426865
5430160
5433456
5436753
5440051
5443350
78550396
35928052
5453253
5456556
5459860
59049799
76893422
5469778
5473086
5476395
72651595
5483016
5486328
5489641
5492955
5496270
5499586
42200120
57402721
5509540
53826762
5516181
5519503
5522826
4162562
5529475
5532801
5536128
5539456
5542785
5546115
5549446
5552778
5556111
5559445
5562780
42522652
81529093
5572791
5576130
5579470
5582811
5586153
44610600
5592840
5596185
5599531
5602878
5606226
5609575
5612925
5616276
21061673
37525282
5626335
5629690
36833169
5636403
5639761
5643120
5646480
6341268
97534285
5656566
5659930
5663295
5666661
5670028
5673396
19769359
5680135
5683506
5686878
5690251
5693625
47526830
5700376
5703753
20370210
2768201
72340068
51212615
88008792
5724036
5727420
5730805
88908536
5737578
5740966
5744355
5747745
32762019
88318488
5757921
96998418
5764710
5768106
5771503
5774901
5778300
5781700
5785101
5788503
56486475
5795310
5798715
5802121
48925279
5808936
5812345
5815755
5819166
5822578
16059629
34391278
7958742
5836236
78712575
5843071
55006503
5849910
5853331
63765137
5860176
29221889
34030996
5870451
5873878
12661019
85379506
79450515
5887596
5891028
5894461
5897895
244532
5904766
5908203
18880650
27218712
48399450
5921961
5925403
5928846
5932290
58326396
47572493
92770142
5946076
5949525
5952975
34119544
18703572
5963331
20256672
5970240
5973696
64130271
18102990
26053153
5987530
26787973
5994453
82302824
6001380
82457438
6008311
6011778
6015246
6018715
6022185
6025656
6029128
6032601
6036075
6039550
6043026
6046503
6049981
6053460
6056940
60971585
90793433
64636583
22631193
6074355
12849885
6081328
6084816
6088305
17839606
18333961
6098778
79647228
6105765
83462639
10441402
6116253
6119751
6123250
8575533
6130251
6133753
67641128
6140760
66091612
6147771
6151278
6154786
6158295
2539953
6165316
6168828
6542227
14755390
6179370
6182886
6186403
6189921
6193440
6196960
6200481
18671466
6207526
42910803
25281744
6218101
78300947
6225156
6228685
6232215
45869117
6239278
6242811
6246345
6249880
6253416
75268995
6260491
6264030
6267570
6271111
64353271
460262
6281740
94649263
6288831
6292378
6295926
6299475
6303025
6306576
70204238
99376175
51490588
6320790
6324346
6327903
33269164
6335020
6338580
25151281
51813400
98735072
75330550
6356395
6359961
31610349
6367096
6370665
6374235
6377806
6381378
6384951
88291764
6392100
55640244
6399253
28328272
6406410
6409990
41313269
6417153
6420736
6424320
6427905
6431491
1770340
70453919
6442255
6445845
39021854
6453028
6456621
77025692
6463810
6467406
36644267
6474601
6478200
40489842
6485401
6489003
96128368
80959593
6499815
6503421
6507028
6510636
6514245
6517855
59509594
6525078
6528691
2218012
12335534
6539536
37780260
18847250
6550390
6554010
6557631
6561253
6564876
6568500
6572125
6575751
6579378
6583006
7006885
6590265
18622895
11096002
29532549
6604795
6608430
6612066
6615703
91539586
6622980
6626620
30892973
72280356
6637546
6641190
6644835
61450932
88084169
6655776
6659425
6663075
6666726
6670378
30073479
91593264
6681340
6684996
6688653
6692311
48192047
6699630
6703291
6706953
6710616
6714280
6717945
6721611
6725278
60452913
6732615
6736285
22715825
6743628
43576409
6750975
31606329
6758326
6762003
6765681
67373395
6773040
7400864
79314138
41513176
69536302
6791455
6795141
6798828
19933008
86444750
6809895
6813586
6817278
6820971
6824665
6828360
6832056
27413451
92891833
6843150
87766718
6850551
6854253
31302013
74139536
34310897
87200937
6872778
56916226
6880195
6883905
15112013
6891328
6895041
50152117
6902470
6906186
6909903
6913621
6917340
6921060
6924781
6928503
6932226
6935950
6939675
6943401
6947128
6950856
6954585
6958315
6962046
6965778
6969511
86613932
6976980
6980716
89226306
6988191
152125
62590939
6999411
707223
7006896
7010640
7014385
11309329
7021878
7025626
30213059
7033125
65388957
7040628
87134713
7048135
7051890
7055646
7059403
7063161
7066920
36926275
7074441
7078203
85058437
7085730
7089495
7093261
7097028
98890522
7104565
85387324
7112106
39065049
7119651
10696598
7127200
7130976
7134753
7138531
7142310
15086041
7149871
7153653
7157436
67375290
7165005
33305262
44379289
64482795
7180155
77864564
7187736
82733765
7195321
22652870
7202910
7206706
7210503
7214301
7218100
62643110
21234261
64435864
7233306
7237110
7240915
7244721
7248528
36103480
7256145
7259955
33534162
33825176
5726749
10132424
72206744
7282836
7286653
53894688
7294290
7298110
51420362
2149461
66503408
32224540
7317225
7321051
7324878
7328706
7332535
7336365
94360847
7344028
83756319
7351695
27339791
7359366
7363203
7367041
7370880
7374720
7378561
81423396
7386246
7390090
7393935
7397781
7401628
7405476
33144041
7413175
25230973
7420878
53180454
66914681
10761589
7436296
7440153
7444011
70639141
7451730
7455591
7459453
7463316
7467180
7471045
7474911
7478778
60040630
7486515
7490385
7494256
31949374
38683237
7505875
74293222
7513626
7517503
7521381
7525260
1716955
7533021
7536903
7540786
7544670
7548555
7552441
7556328
7560216
7564105
74250937
52351477
7575778
65904882
7583565
9024738
7591356
87907096
21826801
7603050
7606950
7610851
7614753
7618656
7622560
7626465
7630371
13268530
7638186
7642095
21779418
4589908
7653828
71716481
7661655
95015358
7669486
7673403
7677321
7681240
7685160
7689081
52436451
7696926
7700850
45951253
7708701
55516322
7716556
7720485
7724415
22091754
7732278
9521724
27228280
34241450
23575889
7751953
7755891
67102233
95483509
7767711
7771653
7775596
7779540
7783485
89451828
2799966
7795326
7799275
7803225
7807176
55171921
7815081
7819035
7822990
70511234
7830903
7834861
7838820
7842780
17023985
88439453
7854666
7858630
7862595
7866561
7870528
7874496
7878465
81040355
7886406
7890378
59517931
7898325
7902300
22665723
7910253
7914231
21795297
30046587
7926171
7930153
7934136
7938120
7942105
7946091
7950078
7954066
7958055
7962045
43109643
7970028
7974021
7978015
7982010
5539708
81337184
7994001
64622092
8002000
6554691
8010003
8014006
8018010
8022015
8026021
7305299
8034036
8038045
8042055
8046066
8050078
8054091
8058105
8062120
21377392
8070153
8074171
8078190
8082210
38258140
76385900
8094276
8098300
98304420
8106351
82822371
8114406
93440545
8122465
8126496
8130528
8134561
18341439
8142630
8146666
8150703
67968673
8158780
8162820
65801494
8170903
93493420
8178990
8183035
8187081
8191128
8195176
8199225
8203275
17600186
3165540
52671063
8219485
8223540
40315544
8231653
8235711
39545351
34476898
81026336
8251953
74261290
8260080
8264145
56956303
73796883
8276346
20665301
8284485
8288556
8292628
84243062
2859464
8304850
8308926
23825052
99546215
8321160
89797493
8329321
8333403
8337486
8341570
17189297
88693616
8353828
8357916
69873037
8366095
8370186
8374278
79337283
8382465
73063695
8390656
8394753
8398851
8402950
25518066
8411151
8415253
26542705
46218477
8427565
55860162
77047117
24792663
8443995
8448105
8452216
8456328
8460441
91631578
8468670
10565633
8476903
67980995
8485140
8489260
8493381
8497503
8501626
8505750
5818742
8514001
8518128
8522256
8526385
8530515
8534646
66566018
8542911
79565558
76439199
59383181
73642732
8563591
77359923
8571870
8576011
8580153
8584296
8588440
8592585
18451759
63057874
8605026
8609175
8613325
63477786
93767363
8625781
8629935
8634090
8638246
78342607
94087776
3031382
8654880
8659041
8663203
8667366
64804237
8675695
8679861
8684028
72275927
8692365
73589285
8700706
92467068
8709051
8713225
8717400
60582500
8725753
8729931
8734110
8738290
8742471
8746653
8750836
40227501
77026462
8763391
8767578
8771766
90915076
8780145
8784336
8788528
8792721
62718515
8801110
8805306
8809503
8813701
8817900
8822100
8826301
31979509
30184959
8838910
8843115
8847321
8851528
56437560
8859945
8864155
8868366
57478391
8876791
8881005
4358164
8889436
18283319
8897871
8902090
8906310
8910531
79960763
23840812
8923200
8927425
8931651
8935878
8940106
8944335
42258394
8952796
92287547
8961261
8965495
8969730
28123430
21154252
8982441
35590044
8990920
6512786
84366777
9003646
9007890
9012135
9016381
14203768
72905584
9029125
79931071
91547306
9041878
59847111
9050385
9054640
9058896
79515701
9067411
77575660
38041933
43655802
9084453
9088716
41806828
96851154
9101511
9105778
9110046
9114315
9118585
9122856
9127128
96807625
9135675
9139950
53241244
90944951
9152781
9157060
9161340
9165621
9169903
9174186
9178470
71022508
9187041
61576024
9195616
9199905
62692739
67355995
9212778
9217071
94795229
9225660
9229956
9234253
45257195
9242850
9247150
9251451
85814796
29796914
9264360
9268665
9272971
9277278
9281586
82455861
9290205
9294516
69606455
9303141
99213404
9311770
90281316
9320403
9324721
16486069
9333360
9337681
9342003
9346326
9350650
9354975
9359301
33294753
9367956
4025382
9376615
9380946
19196868
9389611
52223837
9398280
8457337
9406953
9411291
14232817
9419970
9424311
9428653
63336349
9437340
9441685
9446031
458527
9454726
33547664
5149957
9467776
22202959
9476481
9480835
9485190
73976014
9493903
9498261
86248095
46656793
9511341
50225310
9520066
9524430
70494239
9533161
9537528
9541896
9546265
26675936
30477097
9559378
9563751
9568125
9572500
9576876
9581253
9585631
9590010
9594390
90928498
9603153
9607536
9611920
9616305
19713121
95932649
59993149
9633855
38919443
9642636
9647028
82613815
9655815
51917448
9664606
43576809
9673401
9677800
6160862
9686601
9691003
39751507
64230725
9704215
9708621
24294155
57430351
9721845
9726255
9730666
8620409
9739491
9743905
9748320
86820082
29164065
34303242
9765990
9770410
9774831
9779253
9783676
3179783
9792525
9796951
9801378
71797596
9810235
9814665
9819096
12510327
9827961
9832395
31605267
22741279
9845703
9850141
9854580
9859020
82585331
48077155
9872346
9876790
13813489
9885681
9890128
9894576
9899025
20889118
9907926
11552597
17738338
31757138
63288980
9930196
9934653
9939111
9943570
9948030
9952491
63744448
9961416
48998781
9970345
9974811
9979278
9983746
26209485
67454957
9997156
10001628
10006101
10010575
10015050
10019526
10024003
10028481
10032960
10037440
10041921
23389877
94458083
10055370
47022887
10064341
10068828
10073316
27174591
10082295
10086786
10091278
2193781
10100265
10104760
10109256
3403680
10118251
10122750
10127250
10131751
44804722
85073555
84690168
10149765
10154271
10158778
10163286
10167795
82354523
10176816
10181328
10185841
22779859
12332080
55343214
10203903
10208421
72387280
10217460
18050257
10226503
10231026
50614308
10240075
68813595
10249128
10253656
33606225
10262715
40553304
10271778
10276311
10280845
78579568
71697524
10294453
89802621
10303530
8482120
10312611
50940868
10321696
10326240
10330785
10335331
10339878
10344426
61861568
10353525
10358076
10362628
10367181
10371735
10376290
10380846
10385403
10389961
10394520
71163469
10403641
66737645
4535404
60642977
51602417
10426461
72979494
84862592
3679144
94718918
10449306
10453878
10458451
96666607
14216326
10472176
10476753
62720731
89728749
10490490
4605776
33035843
10504236
10508820
10513405
10517991
10522578
92879590
73993970
10536345
10540936
10545528
10550121
10554715
30422453
10563906
10568503
28745662
10577700
41547779
10586901
10591503
10596106
10600710
10605315
10609921
10614528
10619136
10623745
28346791
60060934
10637578
34388946
10646805
10651420
10656036
65568099
98421689
63364843
10674510
10679131
21556971
10688376
10693000
10697625
22056956
10706878
10711506
10716135
10720765
11380828
11967805
83399132
10739295
36504018
8273190
10753203
10757841
10762480
10767120
10771761
10776403
20919754
84790848
10790335
85289930
10799628
10804276
10808925
10813575
10818226
10822878
10827531
10832185
10836840
10841496
56489277
10850811
10855470
10860130
10864791
10869453
10874116
10878780
9409427
15024575
7718712
10897446
69203911
10906785
10911456
10916128
10920801
10925475
13695018
10934826
10939503
10944181
10948860
10953540
4002135
10962903
10967586
51055653
10976955
10981641
10986328
10991016
10995705
11000395
11005086
11009778
11014471
11019165
11023860
95755816
48352917
11037951
11042650
11047350
11446441
11056753
11061456
74429369
80738291
11075571
5695284
39365088
11089695
67141159
11099116
11103828
76613289
11113255
62888415
93606083
84887552
11132121
11136840
26802797
11146281
11151003
81110206
11160450
11165175
11169901
11174628
95850862
11184085
11188815
11193546
66355073
11203011
36468515
41290631
59482160
11221953
11226691
11231430
86835532
11240911
59348840
11250396
11255140
41946381
11264631
11269378
11274126
48368649
18914510
11288376
11293128
11297881
11302635
11307390
11312146
11316903
11321661
69274342
11331180
43076440
11340703
11345466
11350230
14970297
11359761
67613745
11369296
11374065
11378835
11383606
11388378
11393151
11397925
11402700
61247765
11412253
11417031
11421810
11426590
11431371
11436153
11440936
11445720
93029399
11455291
11460078
11464866
11469655
11474445
34926428
77759012
91529694
11493615
11498410
65363527
11508003
11512801
73834460
8048972
13898056
11532003
11536806
11541610
40802391
11551221
11556028
11560836
17826788
11570455
11575266
11580078
22197560
11589705
11594520
30679366
13932811
11608971
42020782
11618610
11623431
15084995
96696078
74043895
82750303
11647551
34446181
11657206
11662035
11666865
44405896
11676528
11681361
42566002
11691030
33342583
11700703
11705541
11710380
11715220
11720061
11724903
24677792
11734590
11739435
11744281
11749128
20734164
87083343
50469716
11768526
11773378
89924404
68973659
11787940
11792796
41332381
11802511
391974
11812230
11817091
11821953
11826816
11831680
11836545
11841411
11846278
11851146
11856015
90446383
11865756
63102420
97771379
11880375
4551997
11890126
11895003
11899881
11904760
11909640
48204909
11919403
57978575
97740696
51967042
80513406
11943828
11948716
11953605
11958495
11963386
98261437
11973171
73304623
91084006
11987856
89101345
11997651
27640918
12007450
79577551
79229245
91390184
12027060
12031965
12036871
12041778
12046686
12051595
12056505
12061416
97333205
62292308
12076155
12081070
65302914
12090903
12095821
12100740
12105660
12110581
13535983
59841114
26772199
12130275
12135201
12140128
12145056
12149985
12154915
42471614
12164778
12169711
4713933
30579395
32154729
12189453
32487424
12199330
12204270
12209211
12214153
12219096
12224040
12228985
12233931
12238878
91427620
12248775
12253725
12258676
12263628
12268581
12273535
57135939
12283446
6761429
46287672
12298320
12303280
12308241
12313203
12318166
12323130
12328095
12333061
12338028
12342996
12347965
12352935
29374880
12362878
39453029
48999558
12377800
12382776
7764002
12392731
12397710
12402690
12407671
12412653
12417636
12422620
12427605
23069200
54326176
12442566
94082639
12452545
2582561
12462528
12467521
12472515
12477510
12482506
12487503
15054173
12497500
12502500
37399779
12512503
3071195
12522510
12527515
12532521
46431462
12542536
12547545
12552555
94348388
12562578
12567591
12572605
12577620
61878878
12587653
12592671
27731136
71011858
12607731
38064853
75058713
94608421
12627825
36641174
12637878
12642906
12647935
12652965
70954872
72890415
12668061
12673095
35644647
12683166
12688203
12693241
61507753
12703320
12708361
12713403
12718446
12723490
12728535
12733581
11804975
12743676
12748725
12753775
71014968
12763878
53486048
13888355
53019280
86834277
38530079
33282503
12799270
18100391
4411006
40988312
12819516
57867113
12829645
12834711
12839778
12844846
16277911
87874518
52530197
12865128
12870201
48647101
12880350
34280503
15290827
98190817
12900660
14470453
12910821
12915903
12920986
12926070
12931155
12936241
12941328
27285165
12951505
12956595
12961686
12966778
12971871
35870222
68418578
42937467
39245481
12997351
13002450
13007550
13012651
13017753
13022856
13027960
91641700
97369256
13043278
13048386
13053495
13058605
13063716
13068828
13073941
13079055
1419712
13089286
13094403
13099521
13104640
13109760
13114881
13120003
88634160
13130250
13135375
78892944
35911309
13150756
13155885
13161015
13166146
26763015
13176411
67400969
13186680
13191816
47122420
13202091
86916088
13212370
13217511
13222653
13227796
55268135
13238085
13243231
13248378
47234719
13258675
13263825
13268976
48915611
13279281
13284435
3293496
13294746
13299903
13305061
13310220
89333938
13320541
13325703
1216829
42757962
13341195
13346361
13351528
13356696
13361865
3997102
19082649
13377378
13382551
17332794
13392900
13398076
13403253
2503508
97826664
47616140
13423971
13429153
13434336
13439520
13444705
13449891
13455078
64702157
13465455
13470645
55033905
13481028
65038133
13491415
13496610
13501806
68328331
13512201
13517400
80949508
13527801
13533003
13538206
29006962
13548615
13553821
13559028
16857625
13569445
72123430
13579866
13585078
13590291
13595505
13600720
4161819
56353558
13616371
13621590
13626810
13632031
13637253
13642476
13647700
13652925
13658151
13663378
47576781
34310005
41905575
13684296
13689528
13694761
13699995
13705230
30778822
13715703
45228394
54456716
13731420
31695517
13741903
13747146
78490852
89620428
13762881
13768128
23212898
31750424
13783875
13789126
13794378
13799631
13804885
13810140
13815396
13820653
13825911
5405406
13836430
13841691
4882716
23205807
13857480
13862745
13868011
13873278
13878546
13883815
13889085
13894356
9069996
13904901
13910175
13915450
13920726
13926003
13931281
54607537
13941840
13947121
13952403
13957686
13962970
13968255
13973541
13978828
13984116
13989405
90273751
13999986
14005278
33459130
28259291
15831031
14026456
14031753
14037051
83731998
65879749
14052951
14058253
14063556
14068860
14074165
14079471
79675776
14090086
14095395
14100705
14106016
14111328
14116641
14121955
14127270
40234917
14137903
22734826
14148540
83955994
14159181
14164503
14169826
14175150
14180475
14185801
12876693
14196456
14201785
14207115
50355584
21456923
14223111
14228445
14233780
31850492
63310891
14249791
14255130
14260470
14265811
14271153
14276496
39224630
14287185
14292531
22308846
14303226
14308575
14313925
15672957
49524355
14329981
95385438
11557364
11069481
14351403
14356761
14362120
14367480
14372841
14378203
14383566
14388930
77911918
14399661
14405028
14410396
14415765
83575655
67086215
14431878
14437251
14442625
25622769
14453376
14458753
14464131
20436632
70019518
14480271
14485653
14491036
68764066
14501805
14507191
14512578
35016059
14523355
14528745
14534136
17104388
14544921
40260858
14555710
29375312
14566503
36067877
14577300
14582700
14588101
77797263
81205429
14604310
25193670
14615121
14620528
54130724
14631345
14636755
70637529
14647578
14652991
14658405
47113803
14669236
862324
25971072
59873312
14690910
14696331
14701753
77366419
32163467
14718025
14723451
14728878
62028476
14739735
29267017
14750596
1288822
14761461
14766895
14772330
14777766
30231190
14788641
14794080
14799520
14804961
14810403
14815846
14821290
14826735
14832181
28952237
22076425
44394527
14853975
14859426
27139289
14870331
75196306
99501504
98554387
98374
60457004
93669635
36993422
14913991
14919453
14924916
40411625
14935845
95363970
14946778
14952246
83516718
14963185
18232509
73107210
82677973
14985075
14990550
14996026
86919595
50749274
36621774
15017940
15023421
70940472
15034386
42515333
15045355
94536671
15056328
69789684
15067305
15072795
53144576
35243486
15089271
15094765
15100260
15105756
15111253
15116751
15122250
15127750
15133251
15138753
15144256
42629778
62329189
15160771
93059245
15171786
36344471
15182805
40733007
9774706
25897722
99541496
15210370
79896313
15221403
74879615
15232440
15237960
15243481
15249003
60999275
13853728
15265575
15271101
15276628
15282156
82597542
15293215
37976755
96988960
15309811
30691295
15320880
15326416
15331953
15337491
35081843
15348570
15354111
15359653
24101771
15370740
15376285
51225387
82565522
15392926
93501859
15404025
15409576
15415128
15420681
15426235
81387700
3836967
94144170
15448461
47173986
15459580
15465141
96107464
15476266
67152623
76922858
15492961
12778506
15504096
15509665
15515235
15520806
15526378
15531951
9429998
71750943
15548676
15554253
15559831
15565410
15570990
15576571
15582153
15587736
15593320
15598905
20149910
15610078
5065338
66417143
15626845
15632436
15638028
15643621
15649215
15654810
15660406
5349785
15671601
15677200
15682800
15688401
15694003
15699606
15705210
15710815
15716421
15722028
15727636
15733245
15738855
15744466
15750078
12122651
15761305
75710950
15772536
15778153
15783771
67990123
15795010
65505780
15806253
15811876
55485960
72590202
15828751
15834378
15840006
15845635
30109927
60057886
15862528
61692693
77436805
15879430
52428631
15890703
15896341
71476818
10816185
80862981
41215912
15924546
15930190
1634728
15941481
15947128
15952776
51999005
40289061
72573934
15975378
15981031
15986685
2775596
21150082
92853069
16009311
16014970
16020630
16026291
25879532
16037616
16043280
15497535
16054611
16060278
16065946
97395999
49937158
16082956
26937248
16094301
88366947
82088593
16111326
773293
16122681
16128360
16134040
58816059
32054938
16151086
16156770
33986267
26010174
99012214
23821290
79210430
73268829
14812023
26370743
16207971
61391708
16219360
16225056
16230753
16236451
83810852
16247850
5610836
16259253
16264956
40630423
16276365
381417
16287778
16293486
16299195
16304905
16310616
16316328
16322041
16327755
59808429
16339186
16344903
16350621
16356340
83472197
16367781
16373503
16379226
16384950
36824310
16396401
16402128
76733395
16413585
16688423
16425046
16430778
1028018
16442245
95130471
44744392
58584379
16465191
16470930
60724714
16482411
18742163
16493896
16499640
53256999
16511131
16516878
16522626
16528375
16534125
16539876
654004
20655606
4963738
16562890
16568646
16574403
59904587
16585920
16591680
46017189
16603203
26661507
16614730
83081184
16626261
10443259
16637796
16643565
6579860
16655106
13509636
16666651
16672425
16678200
16683976
17395287
90057953
16701310
16707090
16712871
16718653
16724436
16730220
3906408
16741791
16747578
68920512
4973555
16764945
16770736
16776528
45132718
8672095
69873729
10617743
16805503
16811301
10315570
16822900
69023351
16834503
16840306
16846110
28067229
62164022
16863528
52197735
16875145
22255557
16886766
16892578
16898391
46664771
16910020
16915836
16921653
16927471
16933290
16939110
34539610
16950753
16956576
16962400
16968225
16974051
16979878
16985706
9491684
16997365
17003196
72195579
17014861
17020695
17026530
17032366
62688146
17044041
17049880
17055720
99436985
17067403
17073246
59249675
17084935
88764163
17096628
33622173
17108325
17114175
70510264
81468737
17131731
80616339
17143440
17149296
17155153
17161011
17166870
17172730
17178591
17184453
17190316
17196180
17202045
17207911
17213778
21533514
29720523
17231385
17237256
70588218
17249001
17254875
17260750
17266626
17272503
17278381
58213606
17290140
17296021
29215369
17307786
17313670
17319555
17325441
98568562
17337216
17343105
66442528
50103846
17360778
53438781
17372565
11805688
16113008
17390253
90024214
17402050
17407950
17413851
6552426
10545076
17431560
17437465
17443371
17449278
17455186
17461095
17467005
17472916
17478828
17484741
78272926
17496570
23420637
17508403
76003463
17520240
17526160
20124450
17538003
14404510
17549850
17555775
17561701
48006195
17573556
17579485
17585415
17591346
17597278
91766110
17609145
17615080
17621016
17626953
17632891
76242716
17644770
17650711
17656653
17662596
17668540
17674485
17680431
17686378
17692326
46595637
17704225
17710176
17716128
17722081
17728035
17733990
17739946
17745903
69660406
17757820
17763780
17769741
17775703
10976325
17787630
17793595
17799561
16931489
17811496
34661094
17823435
50745951
17835378
17841351
17847325
17853300
8055111
83967971
8269097
17877210
69089577
17889171
21422476
17901136
17907120
17913105
17919091
17925078
66407054
17937055
17943045
90588617
71220949
17961021
70463110
17973010
17979006
17985003
89640227
17997000
73218598
18009001
10506835
99769506
18027010
44967159
21314507
18045028
11795362
18057045
18063055
18069066
18075078
18081091
18087105
18093120
18099136
18105153
18111171
18117190
18123210
22237906
18135253
18141276
18147300
18153325
18159351
48129386
18171406
18177435
18183465
18189496
18195528
18201561
5410888
46462883
67295056
18225703
18231741
18237780
26368580
18249861
18255903
18261946
83170801
18274035
18280081
18286128
18292176
18298225
59875382
18310326
18316378
18322431
18328485
94901927
27272894
18346653
18352711
50898164
18364830
13627900
18376953
32816169
18389080
18395145
18401211
18407278
18413346
30531450
93328127
18431556
18437628
18443701
18449775
18455850
18461926
18468003
69779331
91751880
18486240
5495122
18498403
18504486
18510570
81319160
18522741
18528828
18534916
18541005
18547095
18553186
18559278
18565371
18571465
18577560
51897531
18589753
18595851
96354330
51386999
18614151
18620253
18626356
18632460
3993469
18644671
18650778
18656886
65228525
18669105
18675216
56482702
18687441
18693555
10994797
18705786
83240711
28582320
82264046
18730260
18736381
18742503
18748626
18754750
35939301
18767001
18773128
18779256
89231675
18791515
18797646
18803778
18809911
57492432
18822180
50148215
18834453
18840591
18846730
18852870
18859011
45817374
69187548
18877440
90486166
55888020
18895878
33881054
18908175
18914325
30928753
18926628
36040353
11593936
18945090
18951246
18957403
9066777
18969720
18975880
18982041
48000834
18994366
19000530
19006695
19012861
19019028
19025196
28250330
92873897
19043706
19049878
19056051
19062225
54635759
66922682
19080753
19086931
71277058
19099290
19105471
32410505
19117836
19124020
75537289
19136391
19142578
19148766
19154955
19161145
22391547
19173528
19179721
19185915
19192110
19198306
19204503
19210701
19216900
23229401
19229301
19235503
19241706
19247910
19254115
19260321
19266528
19272736
19278945
19285155
65478161
19297578
19303791
19310005
19316220
19322436
11835476
19334871
19341090
19347310
29664899
19359753
19365976
95048328
19378425
19384651
61795251
29855980
19403335
19409565
19415796
19422028
76927317
19434495
19440730
40607061
19453203
51396673
86036048
19471920
73636575
10437846
19490646
19496890
7101115
19509381
89962331
19521876
19528125
19534375
19540626
19546878
19553131
19559385
19565640
19571896
27020920
19584411
19590670
19596930
19603191
19609453
75045998
19621980
19628245
19634511
19244415
19647046
19653315
19659585
19665856
19672128
69140957
19684675
19690950
19697226
19703503
28611784
936343
19722340
19728621
8612034
19741186
46456401
76251805
19760041
77505157
19772616
19778905
19785195
19791486
19797778
19804071
19810365
19816660
19822956
19829253
19835551
19841850
19848150
68468779
99466028
19867056
34133868
19879665
19885971
66802942
19898586
19904895
57679119
42825770
19923828
26490678
84592887
19942770
19949086
89507750
19961721
19968040
90296269
19980681
10528867
19993326
19999650
20005975
20012301
67282278
99297652
20031285
11781059
32551029
20050278
20056611
20062945
20069280
20075616
20081953
20088291
20094630
20100970
87940563
39733490
20119996
66102009
20132685
30348182
39184448
26548760
20158075
20164425
20170776
91208380
20183481
62821604
20196190
14682863
20208903
20215261
64460123
20227980
89954338
4878614
20247066
20253430
20259795
20266161
20272528
20278896
20285265
20291635
20298006
20304378
97907938
20317125
20323500
78812792
20336253
20342631
20349010
20355390
20361771
20368153
66234780
20380920
20387305
20393691
20400078
20406466
20412855
20419245
20425636
20432028
89647957
99712221
20451210
20457606
92826166
88008868
57799246
58715531
20489601
20496003
67535098
67345924
20515215
17490682
90222380
20534436
20540845
18026176
20553666
66231299
20566491
4010848
46759284
20585736
26000483
90491496
20604990
20611410
81851610
20624253
20630676
98540623
74751806
20649951
61009329
879895
20669235
20675665
20682096
20688528
20694961
20701395
63477653
33806014
20720703
20727141
20733580
20740020
20746461
91338477
20759346
32397479
20772235
20778681
20785128
65163309
20798025
20804475
87109895
20817378
58377029
20830285
20836740
20843196
20849653
20856111
20862570
20869030
20875491
3277560
20888416
20894880
20901345
20907811
20914278
21396980
20927215
20933685
24750335
20946628
20953101
42390948
63475142
37303835
20979003
96539465
20991960
9730491
27984345
21011403
70553706
21024370
21030855
95182199
21043828
21050316
21056805
21063295
21069786
21076278
21334623
17368049
21095760
21102256
50628856
21115251
21121750
24609512
69505387
65201967
21147756
21154260
21160765
21167271
21173778
21180286
21186795
21193305
21199816
21206328
21212841
21219355
21225870
21232386
21238903
21245421
66345978
21258460
21264981
21271503
86424760
21284550
84082709
21297601
78065385
73689801
50146837
21323715
21330246
21336778
21343311
21349845
21356380
21362916
21369453
21375991
21382530
13732479
18750793
21402153
21408696
21415240
41595065
23679505
24343486
81134952
21447975
11305458
21461076
21467628
21474181
21480735
21487290
21493846
2179773
21506961
21513520
93947415
21526641
28935435
21539766
21546330
21552895
21559461
21566028
2181009
21579165
21585735
21592306
54611245
21605451
21612025
21618600
30688357
21631753
74057990
1141030
21651490
21658071
87516100
41301014
57701472
21684405
38017687
98888188
32064959
21710755
21717345
21723936
21730528
21737121
21743715
21750310
21756906
21763503
72776011
3105107
78626348
21789901
21796503
21803106
21809710
78330538
21822921
21829528
93894845
92352695
71616922
21855966
21862578
21869191
21875805
21882420
21889036
40508776
21902271
20840066
23505189
21922131
21928753
54539732
21942000
73055373
21955251
21961878
21968506
75888050
61204668
21988396
21995028
22001661
22008295
22014930
55107161
22028203
22034841
22041480
22048120
22054761
22061403
22068046
22074690
95921871
86812682
22094628
22101276
22107925
22114575
22121226
22127878
77340508
22141185
72791088
22154496
22161153
57322
26525605
22181130
22187791
22194453
22201116
22207780
22214445
17227508
56150555
22234446
22241115
22247785
51750282
22261128
92389586
22274475
22281150
22287826
25380644
22301181
22307860
89044033
22321221
54371184
22334586
22341270
22347955
61167515
22361328
22368016
22374705
22381395
22388086
11085962
22401471
22408165
15226996
97150030
22428253
22434951
22441650
22053283
22455051
97070280
33440100
22475160
22481865
22488571
22495278
22501986
22508695
22515405
22522116
22528828
83360118
50047371
99148835
30743807
22562403
22569121
22575840
22582560
22589281
32559157
17132200
22609450
22616175
22622901
7192442
22636356
22643085
22649815
22656546
22663278
75517932
22676745
10345011
22690216
22696953
2279525
46149901
95075573
48741323
22730653
22737396
22744140
22750885
22757631
22764378
18891523
6799445
22784625
39902481
44681595
22804881
22811635
65888104
22825146
22831903
35734639
22845420
1989879
22858941
22865703
83672342
22879230
22885995
22892761
22899528
22906296
22913065
33738327
85031772
87184018
22940151
22946925
22953700
44962625
9704366
22974031
22980810
22987590
22994371
65077009
67295345
30580655
74596854
23028291
33895670
23041866
23048655
23055445
23062236
23069028
92001133
56782570
23089410
23096206
23103003
23109801
23116600
23123400
23130201
23137003
23143806
28468231
23157415
30005260
27810880
23075637
23184645
23191455
23198266
23205078
23211891
23218705
23225520
86803126
57098238
3328257
23252790
23259610
23266431
23273253
15012467
23286900
23293725
23300551
23307378
23314206
34981272
62636090
23334696
23341528
23348361
23355195
23362030
23368866
23375703
23382541
23389380
23396220
93218372
23409903
23927224
23423590
23430435
78233785
23444128
14876729
98108836
4437829
23471526
48247656
23485231
23492085
23498940
23505796
23512653
23519511
23526370
66595953
23540091
23546953
23553816
23560680
75245848
23574411
23581278
23588146
23595015
30990887
23608756
23615628
7999497
17137195
23636250
74417653
23650003
23656881
67947537
36306201
23677521
23684403
23691286
61302631
23705055
23711941
23718828
23725716
23732605
23739495
65010520
23753278
56909143
23767065
31207380
58193283
1417572
23794651
23801550
23808450
23815351
74954124
23829156
37074698
36063710
23849871
23856778
23863686
51220473
23877505
23884416
23891328
23898241
23905155
16152884
23918986
23925903
77025576
11841717
23946660
23953581
5260956
23967426
23974350
23981275
99118442
79706690
91853909
24008985
24015915
38109461
24029778
24036711
14184932
24050580
24057516
24064453
24071391
24078330
9309212
24092211
24099153
24106096
96932581
24119985
24126931
24133878
24140826
24147775
24154725
24161676
24168628
24175581
24182535
90190450
8837478
24203403
86787394
39289239
4546363
24231241
92909806
70353382
24252130
24259095
24266061
24273028
24279996
24286965
24293935
24300906
24307878
14767646
24321825
24328800
24335776
24342753
24349731
12072924
51716886
20422043
33477069
24384636
24391620
24398605
24405591
74186485
12711929
29276594
24433545
64904175
68115602
65259475
24461515
24468510
50633262
50423205
24489501
71356310
24503500
